560.45
550.98
557.08
531.93
549.12
542.1
546.3
540.38
541.66
550.75
544.6700000000001
562.22
843.7699999999999
848.3499999999999
838.93
838.54
851.39
845.65
846.7900000000001
857.04
851.2
853.23
856.15
853.4100000000001
857.54
855.09
853.06
861.4999999999999
857.7199999999999
851.87
854.19
859.05
855.78
852.4
858.3199999999999
852.07
851.48
853.3499999999999
852.5
851.12
870.05
856.0899999999999
854.92
857.2900000000001
851.8
853.51
850.66
850.46
856.76
857.3500000000001
852.74
846.04
850.74
846.6999999999999
855.99
853.75
859.93
854.29
852.38
853.23
859.4000000000001
855.61
856.2
853.9499999999999
853.6999999999999
866.5
853.54
851.0500000000001
852.86
856.1400000000001
843.1999999999999
851.0699999999999
851.8100000000001
857.38
850.7600000000001
853.77
856.2699999999999
851.37
853.13
859.18
850.4000000000001
849.9699999999999
851.54
857.48
853.19
854.8299999999999
858.6899999999999
851.49
861.94
856.6599999999999
853.15
855.36
854.5799999999999
851.8700000000001
850.48
862.27
852.29
852.12
845.6700000000001
855.09
850.3800000000001
854.82
848.11
852.49
847.89
854.7
853.91
849.88
852.0600000000001
855.28
849.96
847.8599999999999
849.0
848.48
853.71
844.06
854.9200000000001
853.97
852.9200000000001
849.55
854.03
704.76
544.25
550.4
538.65
561.69
546.79
549.76
550.4699999999999
554.82
558.98
559.79
550.37
553.56
530.63
557.2
540.24
541.35
528.63
542.16
539.39
536.83
547.65
544.3199999999999
549.8100000000001
542.08
547.77
553.26
560.96
548.41
533.34
537.27
532.82
514.6700000000001
557.44
556.48
534.24
547.36
534.0
522.4200000000001
536.63
543.2
518.79
523.5899999999999
538.5699999999999
549.27
525.21
545.72
548.72
544.98
529.5500000000001
528.2800000000001
525.22
532.9399999999999
548.81
526.8900000000001
529.11
527.51
529.73
546.06
0.0
0.0
0.0
0.0
0.0
0.0
0.0
0.0
0.0
0.0
0.0
0.0
0.0
0.0
0.0
0.0
0.0
0.0
0.0
0.0
0.0
0.0
0.0
0.0
0.0
0.0
0.0
0.0
0.0
0.0
0.0
0.0
0.0
0.0
0.0
0.0
0.0
0.0
0.0
0.0
0.0
0.0
0.0
0.0
0.0
0.0
0.0
0.0
0.0
0.0
0.0
0.0
0.0
0.0
0.0
0.0
0.0
0.0
0.0
0.0
0.0
0.0
0.0
0.0
0.0
0.0
0.0
0.0
0.0
0.0
0.0
0.0
0.0
0.0
0.0
0.0
0.0
0.0
0.0
0.0
0.0
0.0
0.0
0.0
0.0
0.0
0.0
0.0
0.0
0.0
0.0
0.0
0.0
0.0
0.0
0.0
0.0
0.0
0.0
0.0
0.0
0.0
0.0
0.0
0.0
0.0
0.0
0.0
0.0
0.0
0.0
0.0
0.0
0.0
0.0
0.0
0.0
0.0
0.0
0.0
0.0
0.0
0.0
0.0
0.0
0.0
0.0
0.0
0.0
0.0
0.0
0.0
0.0
0.0
0.0
0.0
0.0
0.0
0.0
0.0
0.0
0.0
0.0
0.0
0.0
0.0
0.0
0.0
0.0
0.0
0.0
0.0
0.0
0.0
0.0
0.0
0.0
0.0
0.0
0.0
0.0
0.0
0.0
0.0
0.0
0.0
0.0
0.0
0.0
0.0
0.0
0.0
0.0
0.0
0.0
0.0
0.0
0.0
0.0
0.0
0.0
0.0
0.0
0.0
0.0
0.0
0.0
0.0
0.0
0.0
0.0
0.0
0.0
0.0
0.0
0.0
0.0
0.0
0.0
0.0
0.0
0.0
0.0
0.0
0.0
0.0
0.0
0.0
0.0
0.0
0.0
0.0
0.0
0.0
0.0
0.0
0.0
0.0
0.0
0.0
0.0
0.0
0.0
0.0
0.0
0.0
0.0
0.0
0.0
0.0
0.0
0.0
0.0
0.0
0.0
0.0
0.0
0.0
0.0
0.0
0.0
0.0
0.0
0.0
0.0
0.0
0.0
0.0
0.0
0.0
0.0
0.0
0.0
0.0
0.0
0.0
0.0
0.0
0.0
0.0
0.0
0.0
0.0
0.0
0.0
0.0
0.0
0.0
0.0
0.0
0.0
0.0
0.0
0.0
0.0
0.0
0.0
0.0
0.0
0.0
0.0
0.0
0.0
0.0
0.0
0.0
0.0
0.0
0.0
0.0
0.0
0.0
0.0
0.0
0.0
0.0
0.0
0.0
0.0
0.0
0.0
0.0
0.0
0.0
0.0
0.0
0.0
0.0
0.0
0.0
0.0
0.0
0.0
0.0
0.0
0.0
0.0
0.0
0.0
0.0
0.0
0.0
0.0
0.0
0.0
0.0
0.0
0.0
0.0
0.0
0.0
0.0
0.0
0.0
0.0
0.0
0.0
0.0
0.0
0.0
0.0
0.0
0.0
0.0
0.0
0.0
0.0
0.0
0.0
0.0
0.0
0.0
0.0
0.0
0.0
0.0
0.0
0.0
0.0
0.0
0.0
0.0
0.0
0.0
0.0
0.0
0.0
0.0
0.0
0.0
0.0
0.0
0.0
0.0
0.0
0.0
0.0
0.0
0.0
0.0
0.0
0.0
0.0
0.0
0.0
0.0
0.0
0.0
0.0
0.0
0.0
0.0
0.0
0.0
0.0
0.0
0.0
0.0
0.0
0.0
0.0
0.0
0.0
0.0
0.0
0.0
0.0
0.0
0.0
0.0
0.0
0.0
0.0
0.0
0.0
0.0
0.0
0.0
0.0
0.0
0.0
0.0
0.0
0.0
0.0
0.0
0.0
0.0
0.0
0.0
0.0
0.0
0.0
0.0
0.0
0.0
0.0
0.0
0.0
0.0
0.0
0.0
0.0
0.0
0.0
0.0
0.0
0.0
0.0
0.0
0.0
0.0
0.0
0.0
0.0
0.0
0.0
0.0
0.0
0.0
0.0
0.0
0.0
0.0
0.0
0.0
0.0
0.0
0.0
0.0
0.0
0.0
0.0
0.0
0.0
0.0
0.0
0.0
0.0
0.0
0.0
0.0
0.0
0.0
0.0
0.0
0.0
0.0
0.0
0.0
0.0
0.0
0.0
0.0
0.0
0.0
0.0
0.0
0.0
0.0
0.0
0.0
0.0
0.0
0.0
0.0
0.0
0.0
0.0
0.0
0.0
0.0
0.0
0.0
0.0
0.0
0.0
0.0
0.0
0.0
