527.1300000000001
503.5899999999999
516.75
504.26
507.78000000000003
506.40000000000003
514.32
518.03
522.0500000000001
514.15
518.5600000000001
507.87
498.67
511.72999999999996
531.27
489.6
532.7499999999999
518.5
495.03
509.93
543.52
528.1899999999999
504.93000000000006
520.62
524.27
504.28000000000003
534.02
525.28
501.68
502.95
524.5
524.5
869.35
865.6800000000001
875.74
880.92
871.4300000000001
871.4300000000001
872.36
873.11
875.93
870.1700000000001
880.24
876.92
870.76
881.1899999999999
873.8000000000001
879.21
872.22
871.89
871.84
865.1500000000001
868.16
872.39
870.5600000000001
871.9499999999999
870.24
872.28
873.21
872.73
871.6599999999999
872.0000000000001
872.6899999999999
886.4499999999999
877.9100000000001
866.05
869.22
871.9100000000001
863.25
870.34
873.4300000000001
873.7
874.76
877.66
875.68
871.4499999999999
871.4499999999999
868.4
869.2400000000001
877.83
874.28
870.7800000000001
861.4
870.56
873.46
875.17
866.49
868.63
868.63
867.8199999999999
872.9799999999999
868.22
868.22
863.16
873.75
877.2099999999999
877.46
864.2500000000001
872.34
872.34
871.72
876.1999999999999
871.24
869.57
869.46
867.5799999999999
865.0600000000001
869.5200000000001
869.5200000000001
866.8299999999999
874.6999999999999
870.59
870.9399999999999
869.4
869.6700000000001
877.09
873.01
873.01
872.83
873.94
876.92
866.6400000000001
865.31
866.23
874.39
874.39
876.06
876.69
876.69
874.11
879.0300000000001
879.0300000000001
874.2800000000001
889.24
871.95
870.4
864.4000000000001
867.1000000000001
869.72
867.73
873.52
875.0800000000002
874.4
518.68
528.0899999999999
528.0899999999999
521.44
513.63
516.8
521.55
521.55
541.21
514.1600000000001
506.25000000000006
511.02
507.62
518.5
515.59
515.59
512.4300000000001
509.09000000000003
509.09000000000003
564.17
520.11
517.75
513.9300000000001
532.72
519.51
530.3199999999999
525.4300000000001
518.8000000000001
566.56
566.56
533.62
504.86
523.77
517.0799999999999
527.28
505.16
519.78
529.39
528.88
528.88
501.90999999999997
514.73
510.75
523.33
523.33
538.4300000000001
520.77
515.9200000000001
515.9200000000001
521.05
520.7099999999999
489.80999999999995
513.8299999999999
526.86
514.67
522.92
495.63
495.63
535.4000000000001
526.3199999999999
518.38
518.38
518.5300000000001
517.4599999999999
517.4599999999999
501.37999999999994
501.37999999999994
493.00999999999993
493.00999999999993
517.7800000000001
494.63
494.63
522.44
531.25
507.76
507.76
508.51
508.51
526.09
525.97
512.79
512.79
0.0
0.0
0.0
0.0
0.0
0.0
0.0
0.0
0.0
0.0
0.0
0.0
0.0
0.0
0.0
0.0
0.0
0.0
0.0
0.0
0.0
0.0
0.0
0.0
0.0
0.0
0.0
0.0
0.0
0.0
0.0
0.0
0.0
0.0
0.0
0.0
0.0
0.0
0.0
0.0
0.0
0.0
0.0
0.0
0.0
0.0
0.0
0.0
0.0
0.0
0.0
0.0
0.0
0.0
0.0
0.0
0.0
0.0
0.0
0.0
0.0
0.0
0.0
0.0
0.0
0.0
0.0
0.0
0.0
0.0
0.0
0.0
0.0
0.0
0.0
0.0
0.0
0.0
0.0
0.0
0.0
0.0
0.0
0.0
0.0
0.0
0.0
0.0
0.0
0.0
0.0
0.0
0.0
0.0
0.0
0.0
0.0
0.0
0.0
0.0
0.0
0.0
0.0
0.0
0.0
0.0
0.0
0.0
0.0
0.0
0.0
0.0
0.0
0.0
0.0
0.0
0.0
0.0
0.0
0.0
0.0
0.0
0.0
0.0
0.0
0.0
0.0
0.0
0.0
0.0
0.0
0.0
0.0
0.0
0.0
0.0
0.0
0.0
0.0
0.0
0.0
0.0
0.0
0.0
0.0
0.0
0.0
0.0
0.0
0.0
0.0
0.0
0.0
0.0
0.0
0.0
0.0
0.0
0.0
0.0
0.0
0.0
0.0
0.0
0.0
0.0
0.0
0.0
0.0
0.0
0.0
0.0
0.0
0.0
0.0
0.0
0.0
0.0
0.0
0.0
0.0
0.0
0.0
0.0
0.0
0.0
0.0
0.0
0.0
0.0
0.0
0.0
0.0
0.0
0.0
0.0
0.0
0.0
0.0
0.0
0.0
0.0
0.0
0.0
0.0
0.0
0.0
0.0
0.0
0.0
0.0
0.0
0.0
0.0
0.0
0.0
0.0
0.0
0.0
0.0
0.0
0.0
0.0
0.0
0.0
0.0
0.0
0.0
0.0
0.0
0.0
0.0
0.0
0.0
0.0
0.0
0.0
0.0
0.0
0.0
0.0
0.0
0.0
0.0
0.0
0.0
0.0
0.0
0.0
0.0
0.0
0.0
0.0
0.0
0.0
0.0
0.0
0.0
0.0
0.0
0.0
0.0
0.0
0.0
0.0
0.0
0.0
0.0
0.0
0.0
0.0
0.0
0.0
0.0
0.0
0.0
0.0
0.0
0.0
0.0
0.0
0.0
0.0
0.0
0.0
0.0
0.0
0.0
0.0
0.0
0.0
0.0
0.0
0.0
0.0
0.0
0.0
0.0
0.0
0.0
0.0
0.0
0.0
0.0
0.0
0.0
0.0
0.0
0.0
0.0
0.0
0.0
0.0
0.0
0.0
0.0
0.0
0.0
0.0
0.0
0.0
0.0
0.0
0.0
0.0
0.0
0.0
0.0
0.0
0.0
0.0
0.0
0.0
0.0
0.0
0.0
0.0
0.0
0.0
0.0
0.0
0.0
0.0
0.0
0.0
0.0
0.0
0.0
0.0
0.0
0.0
0.0
0.0
0.0
0.0
0.0
0.0
0.0
0.0
0.0
0.0
0.0
0.0
0.0
0.0
0.0
0.0
0.0
0.0
0.0
0.0
0.0
0.0
0.0
0.0
0.0
0.0
0.0
0.0
0.0
0.0
0.0
0.0
0.0
0.0
0.0
0.0
0.0
0.0
0.0
0.0
0.0
0.0
0.0
0.0
0.0
0.0
0.0
0.0
0.0
0.0
0.0
0.0
0.0
0.0
0.0
0.0
0.0
0.0
0.0
0.0
0.0
0.0
0.0
0.0
0.0
0.0
0.0
0.0
0.0
0.0
0.0
0.0
0.0
0.0
0.0
0.0
0.0
0.0
0.0
0.0
0.0
0.0
0.0
0.0
0.0
0.0
0.0
0.0
0.0
0.0
0.0
0.0
0.0
0.0
0.0
0.0
0.0
0.0
0.0
0.0
0.0
0.0
0.0
0.0
0.0
0.0
0.0
0.0
0.0
0.0
0.0
0.0
0.0
0.0
0.0
0.0
0.0
0.0
0.0
0.0
0.0
0.0
0.0
0.0
