47.6
47.26
48.09
47.230000000000004
47.53
47.11
47.599999999999994
47.86
48.73
47.25
47.480000000000004
47.2
47.93000000000001
47.06
48.14
47.54
48.00999999999999
48.13
47.98
47.18
47.84
47.41
47.050000000000004
47.199999999999996
48.620000000000005
47.63
48.260000000000005
48.55
47.25
46.199999999999996
48.089999999999996
741.91
752.31
769.23
781.95
766.27
766.48
782.69
784.54
771.57
791.2599999999999
780.3499999999999
782.24
793.2800000000001
787.47
775.44
789.77
780.0799999999999
782.95
784.0400000000001
793.09
787.3599999999999
792.5400000000001
797.67
787.29
785.13
791.4499999999999
785.6999999999999
798.38
787.8599999999999
802.74
793.6600000000001
792.4100000000001
789.11
799.65
797.59
794.63
788.5
796.0300000000001
796.24
790.18
803.0899999999999
800.22
795.68
793.38
788.12
794.61
795.01
798.16
788.6800000000001
786.4300000000001
787.4499999999999
809.3
801.4200000000001
799.6100000000001
795.4399999999999
791.28
784.12
800.3199999999999
778.08
794.98
796.5200000000001
790.0999999999999
797.3000000000001
810.8399999999999
816.94
804.0
805.0400000000001
802.8100000000001
814.03
803.75
807.3100000000001
791.62
783.36
803.83
801.6899999999999
791.48
799.95
791.77
804.36
806.35
797.84
807.3499999999999
802.1400000000001
801.53
791.0500000000001
799.52
792.9200000000001
808.9399999999999
804.8100000000002
805.0
800.37
805.0000000000001
799.99
797.1800000000001
794.1400000000001
793.1
802.2
796.82
783.58
790.98
807.93
795.6100000000001
794.8399999999999
797.8499999999999
790.76
795.2
808.79
806.97
788.5
789.85
785.93
788.95
48.489999999999995
47.04
48.21
48.510000000000005
48.64
48.47
47.07000000000001
47.85
48.120000000000005
48.69
48.54
48.12
48.06
48.8
48.94
47.43
48.42
47.940000000000005
48.92
163.75
48.5
48.45
49.26
47.37
178.32
48.35
48.62
47.589999999999996
48.96
147.77
47.910000000000004
48.120000000000005
48.32
48.400000000000006
48.86
47.59
48.5
47.91
48.61
48.28
48.67
48.09
48.07000000000001
47.81
48.5
48.79
48.47
48.169999999999995
48.64
48.11
48.63
47.67
47.71
48.51
48.95
48.5
49.22
54.49000000000001
135.7
48.879999999999995
48.11
49.17
47.839999999999996
121.23999999999998
51.36
48.14
50.76
48.61
150.07
49.620000000000005
48.81
50.89
47.8
46.68
48.72
47.37
47.95
46.73
47.57
48.00999999999999
48.03
48.51
48.92
47.239999999999995
47.55
47.11
47.800000000000004
47.550000000000004
48.519999999999996
47.970000000000006
47.959999999999994
48.83
47.25
48.21000000000001
48.28
48.510000000000005
48.26
47.650000000000006
48.38999999999999
47.94
47.64
47.71000000000001
64.12
97.55
48.41
48.11
64.16
67.35000000000001
47.34
48.89
49.42
47.87
47.68
47.370000000000005
48.44
48.589999999999996
48.9
48.09
48.769999999999996
48.11
48.370000000000005
47.75
46.83
47.84
48.17
48.03
48.44999999999999
47.94
48.510000000000005
47.79
48.44
47.32
47.72
47.25
48.02
47.48
46.22
0.0
0.0
0.0
0.0
0.0
0.0
0.0
0.0
0.0
0.0
0.0
0.0
0.0
0.0
0.0
0.0
0.0
0.0
0.0
0.0
0.0
0.0
0.0
0.0
0.0
0.0
0.0
0.0
0.0
0.0
0.0
0.0
0.0
0.0
0.0
0.0
0.0
0.0
0.0
0.0
0.0
0.0
0.0
0.0
0.0
0.0
0.0
0.0
0.0
0.0
0.0
0.0
0.0
0.0
0.0
0.0
0.0
0.0
0.0
0.0
0.0
0.0
0.0
0.0
0.0
0.0
0.0
0.0
0.0
0.0
0.0
0.0
0.0
0.0
0.0
0.0
0.0
0.0
0.0
0.0
0.0
0.0
0.0
0.0
0.0
0.0
0.0
0.0
0.0
0.0
0.0
0.0
0.0
0.0
0.0
0.0
0.0
0.0
0.0
0.0
0.0
0.0
0.0
0.0
0.0
0.0
0.0
0.0
0.0
0.0
0.0
0.0
0.0
0.0
0.0
0.0
0.0
0.0
0.0
0.0
0.0
0.0
0.0
0.0
0.0
0.0
0.0
0.0
0.0
0.0
0.0
0.0
0.0
0.0
0.0
0.0
0.0
0.0
0.0
0.0
0.0
0.0
0.0
0.0
0.0
0.0
0.0
0.0
0.0
0.0
0.0
0.0
0.0
0.0
0.0
0.0
0.0
0.0
0.0
0.0
0.0
0.0
0.0
0.0
0.0
0.0
0.0
0.0
0.0
0.0
0.0
0.0
0.0
0.0
0.0
0.0
0.0
0.0
0.0
0.0
0.0
0.0
0.0
0.0
0.0
0.0
0.0
0.0
0.0
0.0
0.0
0.0
0.0
0.0
0.0
0.0
0.0
0.0
0.0
0.0
0.0
0.0
0.0
0.0
0.0
0.0
0.0
0.0
0.0
0.0
0.0
0.0
0.0
0.0
0.0
0.0
0.0
0.0
0.0
0.0
0.0
0.0
0.0
0.0
0.0
0.0
0.0
0.0
0.0
0.0
0.0
0.0
0.0
0.0
0.0
0.0
0.0
0.0
0.0
0.0
0.0
0.0
0.0
0.0
0.0
0.0
0.0
0.0
0.0
0.0
0.0
0.0
0.0
0.0
0.0
0.0
0.0
0.0
0.0
0.0
0.0
0.0
0.0
0.0
0.0
0.0
0.0
0.0
0.0
0.0
0.0
0.0
0.0
0.0
0.0
0.0
0.0
0.0
0.0
0.0
0.0
0.0
0.0
0.0
0.0
0.0
0.0
0.0
0.0
0.0
0.0
0.0
0.0
0.0
0.0
0.0
0.0
0.0
0.0
0.0
0.0
0.0
0.0
0.0
0.0
0.0
0.0
0.0
0.0
0.0
0.0
0.0
0.0
0.0
0.0
0.0
0.0
0.0
0.0
0.0
0.0
0.0
0.0
0.0
0.0
0.0
0.0
0.0
0.0
0.0
0.0
0.0
0.0
0.0
0.0
0.0
0.0
0.0
0.0
0.0
0.0
0.0
0.0
0.0
0.0
0.0
0.0
0.0
0.0
0.0
0.0
0.0
0.0
0.0
0.0
0.0
0.0
0.0
0.0
0.0
0.0
0.0
0.0
0.0
0.0
0.0
0.0
0.0
0.0
0.0
0.0
0.0
0.0
0.0
0.0
0.0
0.0
0.0
0.0
0.0
0.0
0.0
0.0
0.0
0.0
0.0
0.0
0.0
0.0
0.0
0.0
0.0
0.0
0.0
0.0
0.0
0.0
0.0
0.0
0.0
0.0
0.0
0.0
0.0
0.0
0.0
0.0
0.0
0.0
0.0
0.0
0.0
0.0
0.0
0.0
0.0
0.0
0.0
0.0
0.0
