75.58999999999999
73.57
74.02000000000001
75.27
71.66
66.72
75.32
71.02000000000001
70.77000000000001
72.19
73.89
70.69999999999999
69.47999999999999
74.96000000000001
71.7
73.63
75.58999999999999
73.57
74.02000000000001
75.27
71.66
66.72
75.32
71.02000000000001
70.77000000000001
72.19
73.89
70.69999999999999
69.47999999999999
74.96000000000001
71.7
73.63
692.9300000000001
716.7500000000001
750.74
740.4000000000001
757.12
750.28
732.8299999999999
788.95
753.47
762.37
745.12
776.02
750.4000000000001
743.8199999999999
744.06
780.78
750.19
762.6
773.5899999999999
769.1
776.1200000000001
750.4399999999999
768.05
754.03
760.89
768.78
756.02
733.81
764.4799999999999
750.95
763.39
804.2
776.27
776.1099999999999
768.8900000000001
758.08
760.51
761.3600000000001
759.7900000000001
787.8100000000001
776.4100000000001
787.0
820.64
771.15
782.58
774.29
754.1099999999999
774.9599999999999
765.1300000000001
764.18
761.5999999999999
781.8
783.28
787.86
777.2200000000001
772.82
766.25
787.9599999999999
771.3600000000001
773.9599999999999
779.9200000000001
754.62
764.69
820.17
778.6299999999999
782.9300000000001
788.1199999999999
783.44
784.48
774.0500000000001
765.2800000000001
771.47
778.62
785.11
767.4
757.1999999999999
774.4300000000001
774.69
768.93
785.49
783.28
777.96
768.24
783.7800000000001
774.53
784.0100000000001
774.98
783.1
783.9899999999999
773.56
783.93
787.57
763.39
771.1099999999999
773.1400000000001
771.4300000000001
759.6400000000001
776.46
766.92
767.01
774.01
808.5
794.3299999999999
771.4
769.72
776.28
784.2800000000001
783.2900000000001
766.2900000000001
778.39
778.92
71.62
75.80999999999999
71.12
75.07
77.5
71.91999999999999
71.44
79.31
72.94
76.18
74.65
72.15
76.69
75.22
71.24000000000001
67.53
75.78
80.44999999999999
73.58000000000001
96.60000000000002
69.66
75.46999999999998
79.54
78.16
74.9
81.22000000000001
72.7
75.64999999999999
74.57
264.79
80.66
80.46000000000001
77.52
78.64
66.25999999999999
72.09
76.95
75.44999999999999
71.65
82.24000000000001
79.13999999999999
76.81
68.85
77.9
70.97
83.33
74.85000000000001
77.33000000000001
73.81
76.78
73.08
78.41999999999999
71.83
74.35
70.16
69.78
73.43
73.50999999999999
134.87
74.59
71.35
68.97
66.88
74.50999999999999
70.18
76.13
70.46
69.72
113.78
75.02
65.25
64.26
68.27
75.65
71.74
71.21000000000001
71.39
76.43
65.98
76.7
76.55
73.92
62.089999999999996
78.58
70.92
70.71
73.69
60.94
68.4
66.55000000000001
62.739999999999995
65.74000000000001
66.51
75.18
72.04
64.98
60.79
187.20999999999998
72.22
0.0
0.0
0.0
0.0
0.0
0.0
0.0
0.0
0.0
0.0
0.0
0.0
0.0
0.0
0.0
0.0
0.0
0.0
0.0
0.0
0.0
0.0
0.0
0.0
0.0
0.0
0.0
0.0
0.0
0.0
0.0
0.0
0.0
0.0
0.0
0.0
0.0
0.0
0.0
0.0
0.0
0.0
0.0
0.0
0.0
0.0
0.0
0.0
0.0
0.0
0.0
0.0
0.0
0.0
0.0
0.0
0.0
0.0
0.0
0.0
0.0
0.0
0.0
0.0
0.0
0.0
0.0
0.0
0.0
0.0
0.0
0.0
0.0
0.0
0.0
0.0
0.0
0.0
0.0
0.0
0.0
0.0
0.0
0.0
0.0
0.0
0.0
0.0
0.0
0.0
0.0
0.0
0.0
0.0
0.0
0.0
0.0
0.0
0.0
0.0
0.0
0.0
0.0
0.0
0.0
0.0
0.0
0.0
0.0
0.0
0.0
0.0
0.0
0.0
0.0
0.0
0.0
0.0
0.0
0.0
0.0
0.0
0.0
0.0
0.0
0.0
0.0
0.0
0.0
0.0
0.0
0.0
0.0
0.0
0.0
0.0
0.0
0.0
0.0
0.0
0.0
0.0
0.0
0.0
0.0
0.0
0.0
0.0
0.0
0.0
0.0
0.0
0.0
0.0
0.0
0.0
0.0
0.0
0.0
0.0
0.0
0.0
0.0
0.0
0.0
0.0
0.0
0.0
0.0
0.0
0.0
0.0
0.0
0.0
0.0
0.0
0.0
0.0
0.0
0.0
0.0
0.0
0.0
0.0
0.0
0.0
0.0
0.0
0.0
0.0
0.0
0.0
0.0
0.0
0.0
0.0
0.0
0.0
0.0
0.0
0.0
0.0
0.0
0.0
0.0
0.0
0.0
0.0
0.0
0.0
0.0
0.0
0.0
0.0
0.0
0.0
0.0
0.0
0.0
0.0
0.0
0.0
0.0
0.0
0.0
0.0
0.0
0.0
0.0
0.0
0.0
0.0
0.0
0.0
0.0
0.0
0.0
0.0
0.0
0.0
0.0
0.0
0.0
0.0
0.0
0.0
0.0
0.0
0.0
0.0
0.0
0.0
0.0
0.0
0.0
0.0
0.0
0.0
0.0
0.0
0.0
0.0
0.0
0.0
0.0
0.0
0.0
0.0
0.0
0.0
0.0
0.0
0.0
0.0
0.0
0.0
0.0
0.0
0.0
0.0
0.0
0.0
0.0
0.0
0.0
0.0
0.0
0.0
0.0
0.0
0.0
0.0
0.0
0.0
0.0
0.0
0.0
0.0
0.0
0.0
0.0
0.0
0.0
0.0
0.0
0.0
0.0
0.0
0.0
0.0
0.0
0.0
0.0
0.0
0.0
0.0
0.0
0.0
0.0
0.0
0.0
0.0
0.0
0.0
0.0
0.0
0.0
0.0
0.0
0.0
0.0
0.0
0.0
0.0
0.0
0.0
0.0
0.0
0.0
0.0
0.0
0.0
0.0
0.0
0.0
0.0
0.0
0.0
0.0
0.0
0.0
0.0
0.0
0.0
0.0
0.0
0.0
0.0
0.0
0.0
0.0
0.0
0.0
0.0
0.0
0.0
0.0
0.0
0.0
0.0
0.0
0.0
0.0
0.0
0.0
0.0
0.0
0.0
0.0
0.0
0.0
0.0
0.0
0.0
0.0
0.0
0.0
0.0
0.0
0.0
0.0
0.0
0.0
0.0
0.0
0.0
0.0
0.0
0.0
0.0
0.0
0.0
0.0
0.0
0.0
0.0
0.0
0.0
0.0
0.0
0.0
0.0
0.0
0.0
0.0
0.0
0.0
0.0
0.0
0.0
0.0
0.0
0.0
0.0
0.0
0.0
0.0
0.0
0.0
0.0
0.0
0.0
0.0
0.0
0.0
0.0
0.0
0.0
0.0
0.0
0.0
0.0
0.0
0.0
0.0
0.0
0.0
0.0
0.0
0.0
0.0
0.0
0.0
0.0
0.0
0.0
0.0
0.0
0.0
0.0
0.0
0.0
0.0
0.0
0.0
0.0
0.0
0.0
0.0
0.0
0.0
0.0
0.0
0.0
