47.92
46.74
47.93
48.07
48.510000000000005
47.519999999999996
47.94
47.120000000000005
48.019999999999996
48.029999999999994
47.85
47.599999999999994
48.37
46.96
47.27
47.760000000000005
46.94
47.37
47.71
46.46
48.34
47.12
47.72
46.38
47.21
46.65
48.599999999999994
47.51
47.97
47.87
718.3699999999999
743.17
749.8900000000001
752.37
747.0600000000001
748.7
764.03
775.1999999999999
766.71
763.41
775.03
745.78
767.2900000000001
753.7500000000001
762.86
765.83
793.9000000000001
781.8799999999999
782.96
795.84
786.17
779.6400000000001
752.24
773.3900000000001
772.3100000000001
762.8399999999999
777.5699999999999
769.5300000000001
768.4799999999999
767.28
776.24
809.8000000000001
785.34
781.27
779.98
786.01
786.51
788.0899999999999
773.46
803.98
786.27
783.21
790.5
783.18
784.6800000000001
796.71
781.6800000000001
781.5899999999999
779.29
780.4499999999999
777.9100000000001
784.8299999999999
801.23
796.35
782.36
773.1899999999999
767.1199999999999
785.49
780.75
778.8399999999999
780.3
788.23
764.69
824.54
806.8
789.77
802.0699999999999
790.6300000000001
799.8699999999999
784.7
791.14
774.3599999999999
786.8800000000001
786.3
787.96
789.16
778.3299999999999
788.5500000000001
789.13
800.6
795.25
791.25
790.51
788.35
784.8199999999999
796.28
783.21
780.29
787.55
795.39
793.39
783.83
801.89
796.19
790.67
780.73
786.9600000000002
787.22
779.09
776.8299999999999
797.2199999999999
784.24
801.94
779.1999999999999
781.88
796.8700000000001
794.39
793.0299999999999
786.71
788.59
787.71
780.54
48.699999999999996
48.5
48.919999999999995
48.54
48.67999999999999
48.83
47.92999999999999
47.84
47.660000000000004
47.93
46.86
47.69
48.56
48.709999999999994
48.36000000000001
48.599999999999994
48.56
48.85999999999999
170.33999999999997
71.47999999999999
48.6
48.510000000000005
140.12
48.349999999999994
180.92
186.45999999999998
49.41
111.08
48.89
48.61
49.63
48.25
47.620000000000005
48.72
48.59
48.699999999999996
49.78000000000001
48.68000000000001
48.48
49.61
49.459999999999994
49.94
48.59
48.3
49.029999999999994
49.25
48.86999999999999
48.12
48.510000000000005
49.23
48.53
48.71
49.37
48.46
49.19
47.79
48.74
47.71
48.3
47.230000000000004
48.94
47.25
48.39
47.58
48.42
50.839999999999996
48.010000000000005
51.22
51.19
47.5
48.67000000000001
49.22
48.769999999999996
47.63999999999999
48.370000000000005
46.980000000000004
47.599999999999994
47.78
47.209999999999994
48.730000000000004
48.290000000000006
48.31
48.32
47.82
0.0
0.0
0.0
0.0
0.0
0.0
0.0
0.0
0.0
0.0
0.0
0.0
0.0
0.0
0.0
0.0
0.0
0.0
0.0
0.0
0.0
0.0
0.0
0.0
0.0
0.0
0.0
0.0
0.0
0.0
0.0
0.0
0.0
0.0
0.0
0.0
0.0
0.0
0.0
0.0
0.0
0.0
0.0
0.0
0.0
0.0
0.0
0.0
0.0
0.0
0.0
0.0
0.0
0.0
0.0
0.0
0.0
0.0
0.0
0.0
0.0
0.0
0.0
0.0
0.0
0.0
0.0
0.0
0.0
0.0
0.0
0.0
0.0
0.0
0.0
0.0
0.0
0.0
0.0
0.0
0.0
0.0
0.0
0.0
0.0
0.0
0.0
0.0
0.0
0.0
0.0
0.0
0.0
0.0
0.0
0.0
0.0
0.0
0.0
0.0
0.0
0.0
0.0
0.0
0.0
0.0
0.0
0.0
0.0
0.0
0.0
0.0
0.0
0.0
0.0
0.0
0.0
0.0
0.0
0.0
0.0
0.0
0.0
0.0
0.0
0.0
0.0
0.0
0.0
0.0
0.0
0.0
0.0
0.0
0.0
0.0
0.0
0.0
0.0
0.0
0.0
0.0
0.0
0.0
0.0
0.0
0.0
0.0
0.0
0.0
0.0
0.0
0.0
0.0
0.0
0.0
0.0
0.0
0.0
0.0
0.0
0.0
0.0
0.0
0.0
0.0
0.0
0.0
0.0
0.0
0.0
0.0
0.0
0.0
0.0
0.0
0.0
0.0
0.0
0.0
0.0
0.0
0.0
0.0
0.0
0.0
0.0
0.0
0.0
0.0
0.0
0.0
0.0
0.0
0.0
0.0
0.0
0.0
0.0
0.0
0.0
0.0
0.0
0.0
0.0
0.0
0.0
0.0
0.0
0.0
0.0
0.0
0.0
0.0
0.0
0.0
0.0
0.0
0.0
0.0
0.0
0.0
0.0
0.0
0.0
0.0
0.0
0.0
0.0
0.0
0.0
0.0
0.0
0.0
0.0
0.0
0.0
0.0
0.0
0.0
0.0
0.0
0.0
0.0
0.0
0.0
0.0
0.0
0.0
0.0
0.0
0.0
0.0
0.0
0.0
0.0
0.0
0.0
0.0
0.0
0.0
0.0
0.0
0.0
0.0
0.0
0.0
0.0
0.0
0.0
0.0
0.0
0.0
0.0
0.0
0.0
0.0
0.0
0.0
0.0
0.0
0.0
0.0
0.0
0.0
0.0
0.0
0.0
0.0
0.0
0.0
0.0
0.0
0.0
0.0
0.0
0.0
0.0
0.0
0.0
0.0
0.0
0.0
0.0
0.0
0.0
0.0
0.0
0.0
0.0
0.0
0.0
0.0
0.0
0.0
0.0
0.0
0.0
0.0
0.0
0.0
0.0
0.0
0.0
0.0
0.0
0.0
0.0
0.0
0.0
0.0
0.0
0.0
0.0
0.0
0.0
0.0
0.0
0.0
0.0
0.0
0.0
0.0
0.0
0.0
0.0
0.0
0.0
0.0
0.0
0.0
0.0
0.0
0.0
0.0
0.0
0.0
0.0
0.0
0.0
0.0
0.0
0.0
0.0
0.0
0.0
0.0
0.0
0.0
0.0
0.0
0.0
0.0
0.0
0.0
0.0
0.0
0.0
0.0
0.0
0.0
0.0
0.0
0.0
0.0
0.0
0.0
0.0
0.0
0.0
0.0
0.0
0.0
0.0
0.0
0.0
0.0
0.0
0.0
0.0
0.0
0.0
0.0
0.0
0.0
0.0
0.0
0.0
0.0
0.0
0.0
0.0
0.0
0.0
0.0
0.0
0.0
0.0
0.0
0.0
0.0
0.0
0.0
0.0
0.0
0.0
0.0
0.0
0.0
0.0
0.0
0.0
0.0
0.0
0.0
0.0
0.0
0.0
0.0
0.0
0.0
0.0
0.0
0.0
0.0
0.0
0.0
0.0
0.0
0.0
0.0
0.0
0.0
0.0
0.0
0.0
0.0
0.0
0.0
0.0
0.0
0.0
0.0
0.0
0.0
0.0
0.0
0.0
0.0
0.0
0.0
0.0
0.0
0.0
