300.8
294.4
390.4
345.6
339.2
313.6
390.4
345.6
332.8
307.2
288.0
435.20000000000005
358.4
358.4
307.2
281.6
492.8
371.2
332.8
307.2
307.2
492.8
326.4
313.6
307.2
281.6
524.8
300.8
326.4
294.4
281.6
492.8
320.0
294.4
294.4
307.2
467.2
320.0
294.4
281.6
320.0
403.2
371.2
320.0
320.0
288.0
371.2
307.2
294.4
409.6
320.0
345.6
313.6
294.4
416.0
371.2
377.6
345.6
281.6
313.6
294.4
358.4
326.4
307.2
300.8
294.4
332.8
326.4
288.0
320.0
281.6
332.8
332.8
300.8
352.0
320.0
300.8
326.4
313.6
332.8
300.8
294.4
320.0
364.8
345.6
294.4
326.4
390.4
320.0
403.2
281.6
320.0
396.8
326.4
371.2
288.0
294.4
384.0
313.6
326.4
1126.4
1011.2
1011.2
1043.2
1062.4
1139.2
1036.8
1152.0
1068.8
1011.2
1203.2
1024.0
1081.6
1036.8
1075.2
1228.8
1036.8
1062.4
1132.8
1030.4
1107.2
1056.0
1043.2
1088.0
1004.8
1075.2
1030.4
1049.6
1120.0
1024.0
1081.6
1075.2
1068.8
1113.6
1017.6
1158.4
1030.4
1043.2
1164.8
1030.4
1049.6
1120.0
1024.0
1081.6
1158.4
1267.2
1011.2
1081.6
1145.6
1036.8
1081.6
1113.6
1100.8
1030.4
1043.2
1164.8
1030.4
1049.6
1049.6
1094.4
1094.4
1081.6
1068.8
1030.4
1094.4
1036.8
1139.2
1075.2
1113.6
1113.6
1100.8
1030.4
1043.2
1164.8
1030.4
1049.6
1049.6
1100.8
1049.6
1152.0
1043.2
1075.2
1049.6
1100.8
1049.6
1152.0
1043.2
1062.4
1068.8
1190.4
1011.2
1139.2
1068.8
1075.2
1235.2
1011.2
1139.2
1068.8
1068.8
1075.2
1075.2
1235.2
1030.4
1113.6
1075.2
1088.0
1203.2
1075.2
1132.8
1068.8
1036.8
1235.2
1088.0
1068.8
1049.6
1088.0
1254.4
1049.6
1068.8
1024.0
1062.4
1196.8
1068.8
1081.6
1049.6
1113.6
1152.0
1075.2
1088.0
1043.2
1107.2
1222.4
1120.0
1062.4
1088.0
1145.6
1088.0
1062.4
1056.0
1107.2
1190.4
1126.4
1049.6
1043.2
1260.8
1094.4
1152.0
1056.0
1100.8
1292.8
1062.4
1126.4
1030.4
1011.2
1299.2
1068.8
1152.0
1024.0
1043.2
1292.8
1056.0
1107.2
1030.4
1056.0
1299.2
1068.8
1107.2
1043.2
1011.2
1254.4
1126.4
1075.2
1043.2
1075.2
1126.4
1056.0
1056.0
1043.2
1056.0
1113.6
1120.0
1062.4
1088.0
1043.2
1094.4
1081.6
1196.8
1273.6
1088.0
1171.2
1088.0
1043.2
1254.4
1062.4
1068.8
1088.0
1068.8
1324.8
1107.2
1132.8
1043.2
1081.6
1382.4
1139.2
1081.6
1024.0
1126.4
1305.6
1132.8
1075.2
1036.8
1075.2
1363.2
1081.6
1120.0
1043.2
1068.8
1305.6
1164.8
1081.6
1030.4
1030.4
1222.4
1094.4
1081.6
1062.4
1081.6
1177.6
1152.0
1049.6
1145.6
1030.4
1132.8
1132.8
1075.2
1100.8
1062.4
1152.0
1139.2
1024.0
1107.2
1043.2
1152.0
1113.6
1036.8
1222.4
992.0
1177.6
1088.0
1056.0
1235.2
1068.8
1088.0
1043.2
1126.4
1273.6
1075.2
1139.2
1107.2
1132.8
1177.6
1132.8
1081.6
1075.2
1158.4
1094.4
1126.4
1126.4
1062.4
1120.0
1056.0
1094.4
1049.6
1081.6
1120.0
1056.0
1139.2
1081.6
1056.0
1056.0
1068.8
1100.8
1075.2
1203.2
1068.8
1113.6
1030.4
1043.2
1331.2
1056.0
1132.8
1062.4
1024.0
1286.4
1068.8
1081.6
1081.6
1113.6
1344.0
1017.6
1062.4
1075.2
1081.6
1331.2
1075.2
499.2
294.4
320.0
416.0
281.6
307.2
288.0
307.2
467.2
294.4
307.2
268.8
320.0
422.40000000000003
307.2
300.8
268.8
307.2
409.6
313.6
294.4
288.0
313.6
409.6
352.0
268.8
268.8
294.4
396.8
320.0
300.8
281.6
281.6
332.8
326.4
281.6
300.8
288.0
307.2
326.4
275.2
320.0
281.6
352.0
352.0
288.0
281.6
294.4
294.4
563.2
300.8
576.0
313.6
307.2
313.6
281.6
371.2
294.4
294.4
460.80000000000007
288.0
460.80000000000007
281.6
435.20000000000005
326.4
326.4
422.40000000000003
313.6
326.4
435.20000000000005
288.0
435.20000000000005
288.0
428.8
371.2
294.4
518.4
275.2
307.2
313.6
307.2
524.8
300.8
294.4
300.8
288.0
448.00000000000006
320.0
307.2
409.6
300.8
345.6
313.6
313.6
288.0
294.4
300.8
294.4
326.4
320.0
307.2
320.0
377.6
313.6
454.4
313.6
371.2
294.4
288.0
403.2
364.8
358.4
313.6
300.8
403.2
288.0
300.8
294.4
288.0
416.0
307.2
326.4
281.6
281.6
358.4
313.6
313.6
294.4
294.4
377.6
326.4
320.0
300.8
307.2
384.0
339.2
307.2
281.6
281.6
352.0
320.0
313.6
281.6
332.8
403.2
332.8
460.80000000000007
300.8
352.0
441.6
313.6
320.0
275.2
307.2
428.8
313.6
275.2
268.8
403.2
358.4
294.4
288.0
281.6
364.8
371.2
288.0
416.0
275.2
313.6
409.6
454.4
281.6
275.2
326.4
326.4
300.8
275.2
281.6
364.8
294.4
313.6
275.2
268.8
345.6
300.8
307.2
275.2
262.4
390.4
288.0
313.6
268.8
275.2
326.4
300.8
300.8
288.0
262.4
326.4
288.0
428.8
275.2
281.6
288.0
294.4
326.4
268.8
294.4
275.2
288.0
371.2
0.0
0.0
0.0
0.0
0.0
0.0
0.0
0.0
0.0
0.0
0.0
0.0
0.0
0.0
0.0
0.0
0.0
0.0
0.0
0.0
0.0
0.0
0.0
0.0
0.0
0.0
0.0
0.0
0.0
0.0
0.0
0.0
0.0
0.0
0.0
0.0
0.0
0.0
0.0
0.0
0.0
0.0
0.0
0.0
0.0
0.0
0.0
0.0
0.0
0.0
0.0
0.0
0.0
0.0
0.0
0.0
0.0
0.0
0.0
0.0
0.0
0.0
0.0
0.0
0.0
0.0
0.0
0.0
0.0
0.0
0.0
0.0
0.0
0.0
0.0
0.0
0.0
0.0
0.0
0.0
0.0
0.0
0.0
0.0
0.0
0.0
0.0
0.0
0.0
0.0
0.0
0.0
0.0
0.0
0.0
0.0
0.0
0.0
0.0
0.0
0.0
0.0
0.0
0.0
0.0
0.0
0.0
0.0
0.0
0.0
0.0
0.0
0.0
0.0
