723.2
748.8
819.2
736.0
748.8
716.8
761.6
780.8
723.2
787.2
748.8
876.7999999999998
761.6
793.6
736.0
704.0
844.8000000000001
768.0
768.0
755.2
716.8
915.2
729.6
761.6
761.6
748.8
927.9999999999999
755.2
748.8
716.8
716.8
927.9999999999999
723.2
742.4
729.6
704.0
896.0000000000001
716.8
736.0
780.8
716.8
825.6
768.0
729.6
748.8
710.4
748.8
800.0
761.6
787.2
704.0
748.8
736.0
729.6
876.7999999999998
729.6
716.8
716.8
716.8
979.1999999999999
736.0
729.6
742.4
787.2
998.4
774.4
716.8
748.8
774.4
960.0
723.2
768.0
768.0
710.4
1004.8
774.4
723.2
736.0
723.2
838.4000000000001
812.8
710.4
710.4
729.6
768.0
710.4
806.4
793.6
716.8
748.8
768.0
761.6
723.2
729.6
793.6
748.8
748.8
716.8
736.0
723.2
1132.8
1196.8
1235.2
1139.2
1299.2
1120.0
1158.4
1299.2
1139.2
1292.8
1145.6
1139.2
1280.0
1228.8
1139.2
1120.0
1145.6
1145.6
1235.2
1158.4
1164.8
1177.6
1152.0
1196.8
1120.0
1209.6
1152.0
1228.8
1203.2
1139.2
1350.4
1126.4
1344.0
1132.8
1126.4
1356.8
1132.8
1292.8
1120.0
1267.2
1254.4
1120.0
1292.8
1126.4
1171.2
1222.4
1152.0
1235.2
1154.4
1158.4
1145.6
1158.4
1145.6
1177.6
1132.8
1152.0
1145.6
1139.2
1190.4
1120.0
1203.2
1158.4
1100.8
1318.4
1113.6
1254.4
1113.6
1171.2
1344.0
1120.0
1286.4
1126.4
1152.0
1235.2
1254.4
1158.4
1145.6
1158.4
1145.6
1177.6
1132.8
1152.0
1145.6
1139.2
1190.4
1120.0
1203.2
1158.4
1120.0
1363.2
1222.4
1376.0
1113.6
1177.6
1350.4
1120.0
1427.2
1152.0
1158.4
1299.2
1120.0
1433.6
1113.6
1152.0
1196.8
1113.6
1472.0
1132.8
1152.0
1235.2
2054.4
1158.4
1145.6
1158.4
1145.6
1177.6
1132.8
1152.0
1145.6
1139.2
1190.4
1120.0
1203.2
1158.4
1171.2
1158.4
1152.0
1536.0
1177.6
1158.4
1216.0
1145.6
1420.8
1190.4
1209.6
1088.0
1152.0
1248.0
1248.0
1171.2
1107.2
1152.0
1132.8
1254.4
1139.2
1158.4
1203.2
1100.8
1267.2
1132.8
1158.4
1171.2
1113.6
1305.6
1120.0
1120.0
1132.8
1126.4
1235.2
1132.8
1139.2
1126.4
1132.8
1222.4
1152.0
1152.0
1126.4
1132.8
1235.2
1139.2
1235.2
1184.0
1126.4
1216.0
1120.0
1286.4
1100.8
1152.0
1228.8
1158.4
1305.6
1177.6
1126.4
1152.0
1132.8
1152.0
1164.8
1139.2
1241.6
1184.0
1241.6
1241.6
1139.2
1113.6
1152.0
1228.8
1267.2
1171.2
1100.8
1126.4
1324.8
1228.8
1196.8
1126.4
1203.2
1299.2
1248.0
1171.2
1132.8
1158.4
1369.6
1286.4
1158.4
1107.2
1120.0
1318.4
1350.4
1139.2
1113.6
1145.6
1318.4
1350.4
1139.2
1164.8
1228.8
1241.6
1324.8
1100.8
1126.4
1164.8
1139.2
1344.0
1139.2
1126.4
1248.0
1094.4
1331.2
1145.6
1113.6
1228.8
1139.2
1196.8
1190.4
1126.4
1222.4
1120.0
1267.2
1171.2
1196.8
1235.2
1152.0
1196.8
1132.8
1164.8
1196.8
1132.8
1184.0
1177.6
1132.8
1190.4
1120.0
1241.6
1164.8
1280.0
1216.0
1203.2
1145.6
1139.2
1254.4
1158.4
1139.2
1113.6
1107.2
1273.6
1344.0
1171.2
1228.8
1132.8
1344.0
1376.0
1171.2
1184.0
1126.4
1331.2
1350.4
1152.0
1158.4
1132.8
1331.2
1254.4
1107.2
1171.2
1126.4
1324.8
1254.4
1132.8
1164.8
1164.8
1312.0
1203.2
1126.4
1120.0
1139.2
1222.4
1184.0
1113.6
1081.6
1126.4
819.2
761.6
768.0
742.4
710.4
832.0
774.4
768.0
678.4
736.0
812.8
768.0
736.0
697.6
736.0
780.8
761.6
761.6
704.0
742.4
774.4
774.4
723.2
761.6
780.8
768.0
780.8
672.0
768.0
838.4000000000001
768.0
819.2
729.6
723.2
761.6
755.2
780.8
710.4
729.6
793.6
697.6
800.0
729.6
748.8
768.0
736.0
806.4
710.4
736.0
883.2
691.2
768.0
704.0
761.6
838.4000000000001
736.0
819.2
774.4
742.4
851.2
729.6
755.2
761.6
716.8
883.2
736.0
755.2
748.8
736.0
780.8
716.8
844.8000000000001
723.2
768.0
812.8
793.6
768.0
716.8
755.2
729.6
742.4
736.0
691.2
793.6
755.2
723.2
787.2
748.8
761.6
736.0
755.2
793.6
768.0
806.4
864.0
723.2
780.8
723.2
812.8
774.4
819.2
825.6
729.6
876.7999999999998
736.0
742.4
787.2
729.6
876.7999999999998
761.6
748.8
742.4
780.8
934.4
736.0
755.2
780.8
857.6
889.6000000000001
691.2
761.6
768.0
857.6
934.4
748.8
748.8
697.6
934.4
902.3999999999999
704.0
748.8
716.8
1036.8
992.0
716.8
800.0
736.0
748.8
915.2
736.0
723.2
729.6
678.4
1068.8
665.6
716.8
864.0
710.4
1126.4
736.0
748.8
723.2
716.8
1011.2
704.0
729.6
704.0
774.4
1024.0
691.2
710.4
716.8
736.0
1024.0
774.4
736.0
691.2
736.0
1145.6
678.4
793.6
646.4
806.4
1075.2
716.8
704.0
704.0
697.6
1088.0
716.8
819.2
806.4
710.4
1049.6
710.4
755.2
742.4
678.4
1024.0
768.0
742.4
806.4
710.4
972.8
640.0
761.6
691.2
729.6
934.4
761.6
768.0
736.0
736.0
806.4
774.4
736.0
704.0
0.0
0.0
0.0
0.0
0.0
0.0
0.0
0.0
0.0
0.0
0.0
0.0
0.0
0.0
0.0
0.0
0.0
0.0
0.0
0.0
0.0
0.0
0.0
0.0
0.0
0.0
0.0
0.0
0.0
0.0
0.0
0.0
0.0
0.0
0.0
0.0
0.0
0.0
0.0
0.0
0.0
0.0
0.0
0.0
0.0
0.0
0.0
0.0
0.0
0.0
0.0
0.0
0.0
0.0
0.0
0.0
0.0
0.0
0.0
0.0
0.0
0.0
0.0
0.0
0.0
0.0
0.0
0.0
0.0
0.0
0.0
0.0
0.0
0.0
0.0
0.0
0.0
0.0
0.0
0.0
0.0
0.0
0.0
0.0
0.0
0.0
0.0
0.0
0.0
0.0
0.0
0.0
0.0
0.0
0.0
0.0
0.0
0.0
0.0
0.0
0.0
0.0
0.0
0.0
0.0
0.0
0.0
0.0
0.0
0.0
0.0
0.0
0.0
0.0
0.0
0.0
0.0
