640.0
294.4
320.0
403.2
313.6
358.4
281.6
345.6
390.4
294.4
364.8
313.6
416.0
364.8
320.0
345.6
300.8
499.2
345.6
332.8
320.0
313.6
569.6
320.0
345.6
313.6
307.2
550.4
307.2
352.0
313.6
300.8
492.8
320.0
332.8
300.8
281.6
435.20000000000005
320.0
313.6
300.8
332.8
422.40000000000003
332.8
307.2
326.4
300.8
339.2
332.8
294.4
352.0
307.2
320.0
390.4
307.2
435.20000000000005
307.2
358.4
352.0
326.4
531.2
313.6
364.8
313.6
300.8
544.0
320.0
332.8
307.2
320.0
576.0
326.4
320.0
320.0
320.0
576.0
294.4
326.4
320.0
300.8
492.8
345.6
313.6
345.6
294.4
467.2
352.0
326.4
345.6
307.2
390.4
377.6
332.8
345.6
313.6
460.80000000000007
320.0
320.0
448.00000000000006
326.4
1030.4
966.4
927.9999999999999
972.8
972.8
1004.8
1094.4
992.0
940.8
1043.2
1107.2
1024.0
1004.8
1017.6
1049.6
1068.8
1030.4
979.1999999999999
992.0
1056.0
1043.2
1024.0
1049.6
985.6
1017.6
1075.2
1081.6
1068.8
1004.8
1036.8
1049.6
1043.2
1024.0
998.4
1132.8
1030.4
1004.8
985.6
1017.6
1075.2
1081.6
1068.8
1004.8
1036.8
1049.6
1132.8
1209.6
1248.0
1011.2
1017.6
1164.8
1068.8
1081.6
1036.8
1036.8
1004.8
1056.0
1126.4
1043.2
985.6
1024.0
1049.6
1068.8
1062.4
1017.6
1081.6
1036.8
1036.8
1004.8
1036.8
1011.2
1030.4
1056.0
1030.4
1011.2
1062.4
1049.6
1068.8
1062.4
1017.6
1081.6
1075.2
1081.6
953.5999999999999
985.6
1056.0
1036.8
1004.8
1062.4
1011.2
953.5999999999999
1075.2
1017.6
1049.6
1068.8
1062.4
1017.6
1081.6
1126.4
1011.2
1004.8
1081.6
1196.8
1056.0
1024.0
1017.6
1043.2
1145.6
934.4
1043.2
1017.6
1004.8
1075.2
1024.0
1024.0
1017.6
1043.2
1088.0
1011.2
1017.6
1280.0
1068.8
1196.8
1056.0
1075.2
1120.0
1094.4
1024.0
1062.4
1062.4
1068.8
1196.8
1056.0
1075.2
1030.4
1024.0
1120.0
992.0
1094.4
1062.4
1088.0
1100.8
1056.0
1068.8
1081.6
1043.2
1126.4
1036.8
1184.0
1056.0
1254.4
1024.0
1068.8
1043.2
1062.4
1081.6
1030.4
1094.4
1036.8
1049.6
1132.8
1043.2
1088.0
1017.6
1088.0
1139.2
1068.8
1088.0
972.8
1024.0
1126.4
1075.2
1030.4
1056.0
1081.6
1094.4
1056.0
1081.6
1107.2
1062.4
1139.2
1024.0
1036.8
1017.6
1043.2
1260.8
1145.6
1158.4
1062.4
1062.4
1062.4
1049.6
1158.4
1036.8
1056.0
1145.6
1094.4
1158.4
1062.4
1049.6
1094.4
1030.4
1081.6
1081.6
1004.8
1036.8
1030.4
1132.8
1107.2
1068.8
1004.8
1139.2
1075.2
1049.6
1030.4
1004.8
1075.2
1088.0
1056.0
1036.8
1056.0
1126.4
1049.6
1062.4
1056.0
1100.8
1081.6
1088.0
1132.8
1107.2
1081.6
1107.2
1056.0
1113.6
1062.4
1068.8
1158.4
1036.8
1081.6
1088.0
1075.2
1132.8
1049.6
1043.2
1062.4
1075.2
1120.0
1036.8
1088.0
1075.2
1120.0
1100.8
1024.0
1094.4
1094.4
1177.6
1094.4
979.1999999999999
1056.0
1036.8
1286.4
1100.8
1062.4
1024.0
1107.2
1222.4
1056.0
1068.8
1036.8
1036.8
1196.8
1049.6
1056.0
1043.2
1113.6
1248.0
1056.0
1043.2
1043.2
1017.6
1120.0
1100.8
1062.4
992.0
1088.0
1081.6
1100.8
1068.8
1011.2
1062.4
1056.0
1107.2
1043.2
1024.0
1081.6
1043.2
1056.0
1049.6
1017.6
1043.2
1030.4
1068.8
1056.0
1158.4
870.4000000000001
780.8
927.9999999999999
768.0
761.6
812.8
691.2
505.6
332.8
441.6
326.4
339.2
499.2
358.4
454.4
352.0
486.4
614.4
352.0
448.00000000000006
390.4
326.4
576.0
313.6
492.8
364.8
352.0
486.4
441.6
512.0
416.0
390.4
512.0
345.6
512.0
428.8
352.0
480.0
358.4
595.2
499.2
339.2
480.0
358.4
524.8
569.6
358.4
492.8
345.6
588.8
576.0
409.6
480.0
403.2
556.8
691.2
358.4
441.6
448.00000000000006
524.8
588.8
345.6
499.2
454.4
646.4
582.4
358.4
473.6000000000001
460.80000000000007
499.2
531.2
339.2
441.6
480.0
704.0
889.6000000000001
364.8
416.0
582.4
537.6
460.80000000000007
358.4
448.00000000000006
524.8
736.0
403.2
390.4
371.2
620.8
608.0
377.6
396.8
416.0
640.0
518.4
345.6
486.4
390.4
672.0
659.2
364.8
358.4
454.4
384.0
332.8
320.0
364.8
345.6
326.4
364.8
313.6
441.6
390.4
339.2
332.8
313.6
377.6
339.2
352.0
320.0
326.4
377.6
345.6
345.6
307.2
307.2
396.8
313.6
364.8
300.8
307.2
390.4
345.6
377.6
320.0
320.0
384.0
307.2
332.8
313.6
320.0
358.4
313.6
320.0
358.4
294.4
390.4
352.0
416.0
352.0
313.6
371.2
300.8
448.00000000000006
345.6
307.2
358.4
300.8
326.4
320.0
352.0
403.2
326.4
396.8
339.2
294.4
396.8
313.6
339.2
364.8
294.4
608.0
307.2
313.6
326.4
320.0
409.6
300.8
307.2
320.0
422.40000000000003
384.0
307.2
320.0
345.6
345.6
371.2
307.2
294.4
345.6
352.0
364.8
300.8
377.6
326.4
339.2
390.4
300.8
326.4
345.6
339.2
364.8
268.8
339.2
294.4
345.6
345.6
281.6
326.4
332.8
390.4
403.2
313.6
320.0
307.2
352.0
396.8
281.6
320.0
300.8
390.4
326.4
281.6
339.2
281.6
441.6
320.0
288.0
307.2
332.8
396.8
320.0
288.0
326.4
326.4
422.40000000000003
294.4
320.0
307.2
294.4
460.80000000000007
300.8
313.6
288.0
307.2
492.8
294.4
307.2
294.4
275.2
499.2
281.6
332.8
268.8
281.6
480.0
288.0
0.0
0.0
0.0
0.0
0.0
0.0
0.0
0.0
0.0
0.0
0.0
0.0
0.0
0.0
0.0
0.0
0.0
0.0
0.0
0.0
0.0
0.0
0.0
0.0
0.0
0.0
0.0
0.0
0.0
0.0
0.0
0.0
0.0
0.0
0.0
0.0
0.0
0.0
0.0
0.0
0.0
0.0
0.0
0.0
0.0
0.0
0.0
0.0
0.0
0.0
0.0
0.0
0.0
0.0
0.0
0.0
0.0
0.0
0.0
0.0
0.0
0.0
0.0
0.0
0.0
0.0
0.0
0.0
