288.0
268.8
384.0
281.6
339.2
281.6
377.6
352.0
294.4
320.0
294.4
390.4
339.2
320.0
396.8
281.6
448.00000000000006
313.6
326.4
275.2
332.8
518.4
320.0
300.8
326.4
288.0
556.8
288.0
313.6
275.2
262.4
563.2
281.6
320.0
281.6
281.6
448.00000000000006
294.4
332.8
268.8
288.0
352.0
320.0
288.0
288.0
275.2
307.2
332.8
275.2
339.2
275.2
268.8
377.6
281.6
422.40000000000003
288.0
275.2
313.6
281.6
537.6
281.6
313.6
320.0
288.0
608.0
268.8
313.6
281.6
320.0
633.6
281.6
320.0
288.0
281.6
550.4
294.4
345.6
268.8
281.6
537.6
345.6
307.2
281.6
281.6
390.4
403.2
275.2
300.8
288.0
339.2
320.0
288.0
339.2
332.8
281.6
313.6
307.2
416.0
294.4
300.8
1184.0
1011.2
979.1999999999999
1100.8
1113.6
1081.6
1062.4
1260.8
1100.8
1216.0
1062.4
1056.0
1299.2
1011.2
1273.6
998.4
1113.6
1222.4
1049.6
1260.8
1004.8
1011.2
1184.0
1184.0
1260.8
1081.6
1126.4
1184.0
1036.8
1222.4
1075.2
1120.0
1107.2
1049.6
1177.6
1068.8
1081.6
1132.8
1107.2
1408.0
1075.2
1113.6
1062.4
1056.0
1152.0
1126.4
1184.0
1036.8
1222.4
1075.2
1081.6
1024.0
1113.6
1139.2
1171.2
1062.4
1030.4
1062.4
1196.8
1152.0
1126.4
1075.2
1081.6
1145.6
1049.6
1062.4
1068.8
1100.8
1235.2
1011.2
1062.4
1107.2
1139.2
1184.0
1036.8
1222.4
1209.6
1017.6
1024.0
1036.8
1235.2
1011.2
1062.4
1107.2
1139.2
1017.6
1177.6
1113.6
1056.0
1036.8
1107.2
1228.8
1024.0
1049.6
1049.6
1088.0
1286.4
1062.4
1049.6
1062.4
1107.2
1203.2
1081.6
1075.2
985.6
1024.0
1049.6
1049.6
1088.0
1062.4
1228.8
1100.8
1171.2
1075.2
1024.0
1107.2
1062.4
1248.0
1056.0
1068.8
1107.2
1075.2
1414.4
1081.6
1107.2
1056.0
1068.8
1376.0
1081.6
1094.4
1075.2
1113.6
1420.8
1113.6
1088.0
1100.8
1075.2
1024.0
1107.2
1062.4
1248.0
1056.0
1068.8
1388.8
1068.8
1075.2
1152.0
1056.0
1344.0
1075.2
1024.0
1113.6
1094.4
1158.4
1036.8
1088.0
1094.4
1088.0
1241.6
1068.8
1120.0
1113.6
1107.2
1241.6
1068.8
1030.4
1043.2
1068.8
1177.6
1100.8
1075.2
1081.6
1068.8
1228.8
1113.6
1068.8
1062.4
1062.4
1152.0
1075.2
1075.2
1049.6
1100.8
1164.8
1120.0
1081.6
1068.8
1088.0
1094.4
1107.2
1062.4
1113.6
1145.6
1100.8
1100.8
1062.4
1113.6
1100.8
1081.6
1152.0
1068.8
1113.6
1363.2
1094.4
1062.4
1081.6
1081.6
1056.0
1017.6
1062.4
1049.6
1100.8
1100.8
1068.8
1088.0
1056.0
1049.6
1132.8
1088.0
1100.8
1056.0
1100.8
1036.8
1068.8
1107.2
1094.4
1107.2
1088.0
1081.6
1152.0
1049.6
1107.2
1120.0
1113.6
1068.8
1049.6
1062.4
1132.8
1094.4
1088.0
1062.4
1049.6
1075.2
1004.8
1075.2
1088.0
1075.2
1081.6
1081.6
1075.2
1088.0
1024.0
1068.8
1139.2
1216.0
1126.4
1068.8
1126.4
1036.8
1139.2
1120.0
1036.8
1075.2
1056.0
1030.4
1177.6
1152.0
1062.4
1036.8
1113.6
1248.0
1132.8
1056.0
1036.8
1088.0
1113.6
1139.2
1043.2
1081.6
1107.2
1145.6
1235.2
1043.2
1011.2
1094.4
1126.4
1299.2
1036.8
1056.0
1132.8
1171.2
1369.6
1056.0
1068.8
1107.2
1132.8
1171.2
1094.4
1100.8
1100.8
1209.6
1209.6
345.6
313.6
339.2
377.6
403.2
288.0
288.0
300.8
377.6
377.6
313.6
358.4
300.8
358.4
435.20000000000005
294.4
300.8
313.6
409.6
390.4
313.6
288.0
307.2
345.6
390.4
275.2
288.0
300.8
396.8
448.00000000000006
281.6
300.8
320.0
345.6
428.8
313.6
307.2
275.2
384.0
390.4
332.8
294.4
294.4
377.6
371.2
358.4
307.2
403.2
595.2
364.8
307.2
377.6
275.2
371.2
326.4
332.8
339.2
281.6
435.20000000000005
364.8
320.0
384.0
512.0
396.8
332.8
294.4
396.8
275.2
396.8
300.8
300.8
364.8
275.2
531.2
441.6
332.8
313.6
313.6
384.0
294.4
326.4
339.2
313.6
358.4
326.4
300.8
358.4
345.6
345.6
307.2
352.0
396.8
326.4
345.6
313.6
320.0
377.6
326.4
339.2
307.2
288.0
396.8
320.0
384.0
300.8
300.8
358.4
307.2
384.0
313.6
364.8
422.40000000000003
345.6
377.6
320.0
313.6
384.0
300.8
364.8
300.8
358.4
390.4
300.8
377.6
294.4
371.2
371.2
332.8
441.6
307.2
339.2
358.4
294.4
377.6
288.0
275.2
396.8
288.0
441.6
313.6
313.6
358.4
428.8
377.6
294.4
576.0
332.8
332.8
377.6
275.2
313.6
377.6
320.0
377.6
294.4
416.0
422.40000000000003
332.8
448.00000000000006
486.4
352.0
352.0
403.2
435.20000000000005
281.6
281.6
390.4
371.2
345.6
268.8
454.4
441.6
416.0
320.0
313.6
384.0
371.2
492.8
313.6
307.2
288.0
358.4
403.2
294.4
332.8
275.2
352.0
441.6
300.8
371.2
307.2
352.0
524.8
268.8
313.6
313.6
339.2
486.4
288.0
332.8
332.8
358.4
512.0
268.8
313.6
288.0
300.8
550.4
288.0
307.2
332.8
313.6
467.2
275.2
320.0
288.0
275.2
460.80000000000007
275.2
339.2
281.6
281.6
492.8
281.6
332.8
275.2
294.4
499.2
281.6
307.2
288.0
268.8
550.4
294.4
371.2
262.4
275.2
460.80000000000007
281.6
352.0
294.4
288.0
691.2
313.6
352.0
435.20000000000005
268.8
499.2
281.6
320.0
288.0
275.2
435.20000000000005
275.2
371.2
435.20000000000005
441.6
454.4
307.2
313.6
371.2
281.6
467.2
262.4
377.6
288.0
288.0
576.0
422.40000000000003
358.4
288.0
288.0
422.40000000000003
326.4
294.4
275.2
288.0
416.0
288.0
313.6
268.8
480.0
473.6000000000001
288.0
313.6
288.0
275.2
358.4
326.4
294.4
275.2
320.0
377.6
288.0
294.4
300.8
326.4
377.6
384.0
307.2
294.4
416.0
352.0
326.4
300.8
288.0
377.6
345.6
371.2
288.0
313.6
345.6
428.8
288.0
294.4
339.2
332.8
326.4
313.6
294.4
313.6
384.0
358.4
294.4
