10933.8
10429.2
10570.2
9784.0
10574.8
10586.4
10484.0
10894.0
11070.8
11272.0
10153.8
11158.2
10679.6
10587.6
10916.4
11191.6
10854.8
10521.2
10956.0
11151.8
11081.2
9973.8
11251.0
10419.8
10306.2
11257.4
10025.4
10703.8
11482.0
10617.6
10843.4
10742.2
10784.2
11197.8
10389.8
11951.2
11181.8
11144.8
10666.4
10463.0
10683.8
11511.6
11136.2
10657.4
10565.0
11309.2
10834.8
10695.2
11611.8
10874.2
11312.4
10788.4
10821.4
10873.4
10841.4
11154.6
10602.2
11434.8
11458.6
11481.2
11264.8
10737.2
11688.2
11919.2
11172.6
10913.8
10563.4
10669.4
11011.6
12132.6
9954.6
10909.2
10843.2
10295.6
10768.8
10415.4
10715.8
11578.4
9969.6
10553.8
10654.4
11816.8
11089.2
10865.2
10283.4
9825.4
10681.4
10664.0
11116.0
11056.6
11577.2
10112.8
10600.0
10298.4
11238.6
10894.6
10880.2
11027.0
11209.8
11307.6
10839.0
10367.6
10676.0
11406.6
10479.6
11183.0
10656.2
11396.8
11159.8
11333.6
11096.6
9981.2
10659.6
10457.6
11427.4
10957.6
10545.6
11381.8
10544.8
11160.8
10856.2
10508.0
10461.4
11252.0
11228.8
10800.2
10965.8
10954.0
11533.8
10932.2
11025.6
11184.2
10672.4
11332.8
10866.6
10977.6
10632.6
11325.0
11006.8
11029.2
11327.4
10990.4
10832.6
10720.4
11261.6
11706.0
10390.8
10448.8
10503.8
10886.2
11485.6
10653.4
10597.6
10733.2
10697.2
10911.8
10889.4
10861.2
11389.4
10461.8
10954.4
10600.6
11435.4
11425.6
11812.2
11041.8
10813.4
11401.8
11186.4
11468.8
10471.2
11582.0
11001.8
10790.6
10620.2
10638.4
10886.8
10340.0
11063.4
10431.4
10718.8
11759.8
10840.6
10978.6
10878.2
10850.0
10809.0
10829.6
11024.8
11134.8
11071.8
10909.8
10634.6
10479.0
9901.2
11180.4
10989.6
10789.4
11325.6
11717.2
10943.2
11027.0
10625.2
10644.8
10917.8
10907.6
10772.4
10832.8
11062.6
11810.0
10948.8
11823.8
10830.4
10816.4
11271.8
11188.2
10589.4
11163.8
10851.2
11034.8
10602.8
11048.6
11329.4
10678.2
10541.0
11320.6
11289.4
10673.0
10477.2
10351.2
11166.8
10748.6
10807.0
10891.2
10643.0
10872.6
10885.8
10530.8
11029.4
11218.4
10070.2
10614.0
11107.8
11465.6
9985.8
9833.8
11048.4
10235.4
10679.2
10452.8
11461.0
10962.8
11240.6
11391.2
11165.6
10964.6
11207.2
10210.6
10894.2
10980.2
11129.4
11194.2
10832.8
10817.8
10160.0
10574.2
11247.8
10384.2
11130.4
10804.2
10954.4
11530.8
10845.8
10746.8
10053.6
11708.2
10696.6
11778.2
11103.0
10858.4
11351.2
10676.2
10797.2
11927.0
11197.4
10834.8
11114.2
10500.0
10933.2
10992.0
11159.2
11636.0
10808.6
11142.6
10626.0
10896.8
10621.6
10780.4
10804.0
11357.4
10602.6
10983.0
10448.2
10480.4
11367.4
11182.8
10168.2
10747.6
10310.4
10582.4
11394.4
10929.6
10719.4
10840.6
10492.0
10991.6
11069.8
10800.2
10542.4
10817.6
10120.4
10922.6
11317.8
10895.6
10253.6
10519.2
10705.2
10925.8
10842.2
10970.2
11057.6
10787.2
11538.0
11067.2
11849.0
10681.8
11221.2
11038.8
10953.2
10596.4
10646.8
10835.8
10720.2
11033.8
11053.2
11858.2
11596.4
9164.2
0.0
0.0
0.0
0.0
0.0
0.0
0.0
0.0
0.0
0.0
0.0
0.0
0.0
0.0
0.0
0.0
0.0
0.0
0.0
0.0
0.0
0.0
0.0
0.0
0.0
0.0
0.0
0.0
0.0
0.0
0.0
0.0
0.0
0.0
0.0
0.0
0.0
0.0
0.0
0.0
0.0
0.0
0.0
0.0
0.0
0.0
0.0
0.0
0.0
0.0
0.0
0.0
0.0
0.0
0.0
0.0
0.0
0.0
0.0
0.0
0.0
0.0
0.0
0.0
0.0
0.0
0.0
0.0
0.0
0.0
0.0
0.0
0.0
0.0
0.0
0.0
0.0
0.0
0.0
0.0
0.0
0.0
0.0
0.0
0.0
0.0
0.0
0.0
0.0
0.0
0.0
0.0
0.0
0.0
0.0
0.0
0.0
0.0
0.0
0.0
0.0
0.0
0.0
0.0
0.0
0.0
0.0
0.0
0.0
0.0
0.0
0.0
0.0
0.0
0.0
0.0
0.0
0.0
0.0
0.0
0.0
0.0
0.0
0.0
0.0
0.0
0.0
0.0
0.0
0.0
0.0
0.0
0.0
0.0
0.0
0.0
0.0
0.0
0.0
0.0
0.0
0.0
0.0
0.0
0.0
0.0
0.0
0.0
0.0
0.0
0.0
0.0
0.0
0.0
0.0
0.0
0.0
0.0
0.0
0.0
0.0
0.0
0.0
0.0
0.0
0.0
0.0
0.0
0.0
0.0
0.0
0.0
0.0
0.0
0.0
0.0
0.0
0.0
0.0
0.0
0.0
0.0
0.0
0.0
0.0
0.0
0.0
0.0
0.0
0.0
0.0
0.0
0.0
0.0
0.0
0.0
0.0
0.0
0.0
0.0
0.0
0.0
0.0
0.0
0.0
0.0
0.0
0.0
0.0
0.0
0.0
0.0
0.0
0.0
0.0
0.0
0.0
0.0
0.0
0.0
0.0
0.0
0.0
0.0
0.0
0.0
0.0
0.0
0.0
0.0
0.0
0.0
0.0
0.0
0.0
0.0
0.0
0.0
0.0
0.0
0.0
0.0
0.0
0.0
0.0
0.0
0.0
0.0
0.0
0.0
0.0
0.0
0.0
0.0
0.0
0.0
0.0
0.0
0.0
0.0
0.0
0.0
0.0
0.0
0.0
0.0
0.0
0.0
0.0
0.0
0.0
0.0
0.0
0.0
0.0
0.0
0.0
0.0
0.0
0.0
0.0
0.0
0.0
0.0
0.0
0.0
0.0
0.0
0.0
0.0
0.0
0.0
0.0
0.0
0.0
0.0
0.0
0.0
0.0
0.0
0.0
0.0
0.0
0.0
0.0
0.0
0.0
0.0
0.0
0.0
0.0
0.0
0.0
0.0
0.0
0.0
0.0
0.0
0.0
0.0
0.0
0.0
0.0
0.0
0.0
0.0
0.0
0.0
0.0
0.0
0.0
0.0
0.0
0.0
0.0
0.0
0.0
0.0
0.0
0.0
0.0
0.0
0.0
0.0
0.0
0.0
0.0
0.0
0.0
0.0
0.0
0.0
0.0
0.0
0.0
0.0
0.0
0.0
0.0
0.0
0.0
0.0
0.0
0.0
0.0
0.0
0.0
0.0
0.0
0.0
0.0
0.0
0.0
0.0
0.0
0.0
0.0
0.0
0.0
0.0
0.0
0.0
0.0
0.0
0.0
0.0
0.0
0.0
0.0
0.0
0.0
0.0
0.0
0.0
0.0
0.0
0.0
0.0
0.0
0.0
0.0
0.0
0.0
0.0
0.0
0.0
0.0
0.0
0.0
0.0
0.0
0.0
0.0
0.0
0.0
0.0
0.0
0.0
0.0
0.0
0.0
0.0
0.0
0.0
0.0
0.0
0.0
0.0
0.0
0.0
0.0
0.0
0.0
0.0
0.0
0.0
0.0
0.0
0.0
0.0
0.0
0.0
0.0
0.0
0.0
0.0
0.0
0.0
0.0
0.0
0.0
0.0
0.0
0.0
0.0
0.0
0.0
0.0
0.0
0.0
0.0
0.0
0.0
0.0
0.0
0.0
0.0
0.0
0.0
0.0
0.0
0.0
0.0
0.0
0.0
0.0
0.0
0.0
0.0
0.0
0.0
0.0
0.0
0.0
0.0
0.0
0.0
0.0
0.0
0.0
0.0
0.0
0.0
0.0
0.0
0.0
0.0
0.0
0.0
0.0
0.0
0.0
0.0
0.0
0.0
0.0
0.0
0.0
0.0
0.0
0.0
0.0
0.0
0.0
0.0
0.0
0.0
0.0
0.0
0.0
0.0
0.0
0.0
0.0
0.0
0.0
0.0
0.0
0.0
0.0
0.0
0.0
0.0
0.0
0.0
0.0
0.0
0.0
0.0
0.0
0.0
0.0
0.0
0.0
0.0
0.0
0.0
0.0
0.0
0.0
0.0
0.0
0.0
0.0
0.0
0.0
0.0
0.0
0.0
0.0
0.0
0.0
0.0
0.0
0.0
0.0
0.0
0.0
0.0
0.0
0.0
0.0
0.0
0.0
0.0
0.0
0.0
0.0
0.0
0.0
0.0
0.0
0.0
0.0
0.0
0.0
0.0
0.0
0.0
0.0
0.0
0.0
0.0
0.0
0.0
0.0
0.0
0.0
0.0
0.0
0.0
0.0
0.0
0.0
0.0
0.0
0.0
0.0
0.0
0.0
0.0
0.0
0.0
0.0
0.0
0.0
0.0
0.0
0.0
0.0
0.0
0.0
0.0
0.0
0.0
0.0
0.0
0.0
0.0
0.0
0.0
0.0
0.0
0.0
0.0
0.0
0.0
0.0
0.0
0.0
0.0
0.0
0.0
0.0
0.0
0.0
0.0
0.0
0.0
0.0
0.0
0.0
