10937.4
10408.2
10575.8
9793.0
10576.0
10581.2
10488.4
10922.2
11053.4
11276.0
10134.8
11156.8
10688.0
10574.2
10909.4
11202.8
10855.4
10531.6
10948.0
11154.8
11082.8
9969.6
11252.8
10408.0
10319.6
11260.8
10019.0
10680.4
11471.4
10602.8
10859.6
10762.6
10774.4
11208.4
10381.6
11947.0
11185.0
11147.2
10678.2
10487.4
10690.4
11508.6
11135.0
10660.0
10526.6
11316.6
10838.2
10682.2
11590.0
10886.8
11328.4
10802.2
10814.4
10889.0
10825.0
11146.2
10576.2
11407.0
11463.4
11515.2
11282.0
10745.2
11667.4
11945.0
11208.6
10901.4
10547.8
10667.4
11005.4
12140.8
9952.0
10926.6
10832.8
10302.4
10755.4
10418.8
10708.0
11577.2
9973.8
10561.4
10649.2
11814.0
11120.6
10852.0
10256.8
9826.4
10695.8
10678.6
11109.2
11060.8
11574.6
10091.6
10599.8
10312.2
11231.0
10913.2
10886.2
11024.4
11202.6
11316.6
10833.0
10374.4
10701.2
11391.0
10472.0
11183.2
10689.2
11375.8
11162.2
11320.0
11132.8
9943.4
10691.2
10458.0
11427.8
10977.4
10542.6
11373.0
10561.8
11198.2
10843.4
10485.6
10479.4
11277.4
11213.2
10791.6
10963.8
10980.0
11540.0
10942.4
10993.0
11180.6
10711.8
11300.0
10919.8
10960.4
10649.0
11325.2
10990.6
11015.4
11309.4
11072.0
10796.6
10670.6
11281.4
11754.8
10348.4
10501.8
10480.6
10898.2
11480.0
10639.4
10613.0
10749.6
10664.4
10983.2
10911.0
10829.8
11408.8
10551.6
10909.2
10623.4
11450.0
11420.2
11772.4
11025.4
10835.0
11407.6
11197.8
11488.2
10508.8
11501.6
11016.0
10734.8
10706.4
10601.6
10905.0
10310.8
11119.2
10434.8
10822.8
11741.4
10727.0
10982.4
10855.2
10868.2
10841.2
10930.6
10963.6
11054.4
11081.6
10924.4
10720.6
10438.6
9968.6
11161.6
10934.8
10867.2
11316.0
11674.4
10934.0
11000.8
10627.6
10637.6
11023.0
10903.8
10671.4
10876.4
11169.8
11763.2
10911.8
11801.0
10796.0
10901.4
11336.2
11125.4
10568.4
11269.8
10795.8
11037.6
10491.6
11205.8
11240.0
10704.4
10498.2
11371.6
11288.2
10600.6
10473.8
10369.0
11102.8
10752.4
10843.2
10834.8
10720.2
10801.8
10933.8
10539.0
11033.8
11245.6
10093.6
10541.4
11187.2
11426.6
9988.8
9786.2
11007.4
10408.8
10615.4
10498.4
11442.8
10945.6
11275.4
11402.6
11016.0
11022.4
11215.6
10325.2
10801.4
11043.2
11114.6
11230.0
10797.6
10802.4
10227.0
10493.8
11384.4
10300.2
11176.2
10744.2
11059.2
11461.2
10914.4
10642.8
10211.4
11593.2
10704.6
11841.8
11052.4
10828.6
11430.8
10643.0
10829.4
11570.4
10998.8
10582.2
10782.6
10362.4
10721.2
10665.2
10982.4
11331.8
10636.4
10935.4
10396.0
10666.4
10444.0
10482.2
10599.6
11047.6
10365.4
10579.8
10307.0
10264.0
10965.8
10843.6
10078.8
10385.8
10065.8
10311.8
10907.0
10569.4
10560.6
10356.4
10259.2
10671.0
10660.6
10577.0
10444.8
10762.0
10140.6
10966.8
11118.0
10861.4
10451.4
10550.4
10671.0
10828.0
10796.8
11029.6
11057.4
10729.2
11407.8
11086.2
11623.8
10818.4
11196.0
11161.4
10881.8
10742.2
10701.6
10868.6
10749.8
11087.6
10944.2
11751.8
11351.8
9057.4
2274.8
2038.6
1159.8
945.6
946.6
988.8
850.8
292.4
31.6
0.0
0.0
0.0
0.0
0.0
0.0
0.0
0.0
0.0
0.0
0.0
0.0
0.0
0.0
0.0
0.0
0.0
0.0
0.0
0.0
0.0
0.0
0.0
0.0
0.0
0.0
0.0
0.0
0.0
0.0
0.0
0.0
0.0
0.0
0.0
0.0
0.0
0.0
0.0
0.0
0.0
0.0
0.0
0.0
0.0
0.0
0.0
0.0
0.0
0.0
0.0
0.0
0.0
0.0
0.0
0.0
0.0
0.0
0.0
0.0
0.0
0.0
0.0
0.0
0.0
0.0
0.0
0.0
0.0
0.0
0.0
0.0
0.0
0.0
0.0
0.0
0.0
0.0
0.0
0.0
0.0
0.0
0.0
0.0
0.0
0.0
0.0
0.0
0.0
0.0
0.0
0.0
0.0
0.0
0.0
0.0
0.0
0.0
0.0
0.0
0.0
0.0
0.0
0.0
0.0
0.0
0.0
0.0
0.0
0.0
0.0
0.0
0.0
0.0
0.0
0.0
0.0
0.0
0.0
0.0
0.0
0.0
0.0
0.0
0.0
0.0
0.0
0.0
0.0
0.0
0.0
0.0
0.0
0.0
0.0
0.0
0.0
0.0
0.0
0.0
0.0
0.0
0.0
0.0
0.0
0.0
0.0
0.0
0.0
0.0
0.0
0.0
0.0
0.0
0.0
0.0
0.0
0.0
0.0
0.0
0.0
0.0
0.0
0.0
0.0
0.0
0.0
0.0
0.0
0.0
0.0
0.0
0.0
0.0
0.0
0.0
0.0
0.0
0.0
0.0
0.0
0.0
0.0
0.0
0.0
0.0
0.0
0.0
0.0
0.0
0.0
0.0
0.0
0.0
0.0
0.0
0.0
0.0
0.0
0.0
0.0
0.0
0.0
0.0
0.0
0.0
0.0
0.0
0.0
0.0
0.0
0.0
0.0
0.0
0.0
0.0
0.0
0.0
0.0
0.0
0.0
0.0
0.0
0.0
0.0
0.0
0.0
0.0
0.0
0.0
0.0
0.0
0.0
0.0
0.0
0.0
0.0
0.0
0.0
0.0
0.0
0.0
0.0
0.0
0.0
0.0
0.0
0.0
0.0
0.0
0.0
0.0
0.0
0.0
0.0
0.0
0.0
0.0
0.0
0.0
0.0
0.0
0.0
0.0
0.0
0.0
0.0
0.0
0.0
0.0
0.0
0.0
0.0
0.0
0.0
0.0
0.0
0.0
0.0
0.0
0.0
0.0
0.0
0.0
0.0
0.0
0.0
0.0
0.0
0.0
0.0
0.0
0.0
0.0
0.0
0.0
0.0
0.0
0.0
0.0
0.0
0.0
0.0
0.0
0.0
0.0
0.0
0.0
0.0
0.0
0.0
0.0
0.0
0.0
0.0
0.0
0.0
0.0
0.0
0.0
0.0
0.0
0.0
0.0
0.0
0.0
0.0
0.0
0.0
0.0
0.0
0.0
0.0
0.0
0.0
0.0
0.0
0.0
0.0
0.0
0.0
0.0
0.0
0.0
0.0
0.0
0.0
0.0
0.0
0.0
0.0
0.0
0.0
0.0
0.0
0.0
0.0
0.0
0.0
0.0
0.0
0.0
0.0
0.0
0.0
0.0
0.0
0.0
0.0
0.0
0.0
0.0
0.0
0.0
0.0
0.0
0.0
0.0
0.0
0.0
0.0
0.0
0.0
0.0
0.0
0.0
0.0
0.0
0.0
0.0
0.0
0.0
0.0
0.0
0.0
0.0
0.0
0.0
0.0
0.0
0.0
0.0
0.0
0.0
0.0
0.0
0.0
0.0
0.0
0.0
0.0
0.0
0.0
0.0
0.0
0.0
0.0
0.0
0.0
0.0
0.0
0.0
0.0
0.0
0.0
0.0
0.0
0.0
0.0
0.0
0.0
0.0
0.0
0.0
0.0
0.0
0.0
0.0
0.0
0.0
0.0
0.0
0.0
0.0
0.0
0.0
0.0
0.0
0.0
0.0
0.0
0.0
0.0
0.0
0.0
0.0
0.0
0.0
0.0
0.0
0.0
0.0
0.0
0.0
0.0
0.0
0.0
0.0
0.0
0.0
0.0
0.0
0.0
0.0
0.0
0.0
0.0
0.0
0.0
0.0
0.0
0.0
0.0
0.0
0.0
0.0
0.0
0.0
0.0
0.0
0.0
0.0
0.0
0.0
0.0
0.0
0.0
0.0
0.0
0.0
0.0
0.0
0.0
0.0
0.0
0.0
0.0
0.0
0.0
0.0
0.0
0.0
0.0
0.0
0.0
0.0
0.0
0.0
0.0
0.0
0.0
0.0
0.0
0.0
0.0
0.0
0.0
0.0
0.0
0.0
0.0
0.0
0.0
0.0
0.0
0.0
0.0
0.0
0.0
0.0
0.0
0.0
0.0
0.0
0.0
0.0
0.0
0.0
0.0
0.0
0.0
0.0
0.0
0.0
0.0
0.0
0.0
0.0
0.0
0.0
0.0
0.0
0.0
0.0
0.0
0.0
0.0
0.0
0.0
0.0
0.0
0.0
0.0
0.0
0.0
0.0
0.0
0.0
0.0
0.0
0.0
0.0
0.0
0.0
0.0
0.0
0.0
0.0
0.0
0.0
0.0
0.0
0.0
0.0
0.0
0.0
0.0
0.0
0.0
0.0
0.0
0.0
0.0
0.0
0.0
0.0
0.0
0.0
0.0
0.0
0.0
0.0
0.0
0.0
0.0
0.0
0.0
0.0
0.0
0.0
0.0
0.0
0.0
0.0
0.0
0.0
0.0
0.0
0.0
0.0
0.0
0.0
0.0
0.0
0.0
0.0
0.0
0.0
0.0
0.0
0.0
0.0
0.0
