10228.4
10681.2
10608.2
9746.4
10647.0
10500.0
10478.8
10846.8
11114.2
11431.8
10180.0
11176.8
10678.0
10451.8
10982.4
11242.4
10868.2
10531.6
10891.6
11180.2
11255.8
9867.2
11192.0
10450.4
10376.2
11263.0
10139.0
10652.2
11489.8
10547.4
10896.2
10717.8
10652.4
11204.0
10705.2
11759.2
11316.6
11167.2
10606.0
10504.4
10758.8
11312.4
11333.6
10840.8
10487.2
11246.6
10890.2
10665.0
11644.2
10775.6
11310.8
10901.0
10766.8
10909.4
10894.0
11131.6
10622.2
11617.0
11445.8
11372.6
11301.2
10829.6
11834.0
11835.8
11050.0
10934.8
10622.4
10646.6
11038.2
12207.8
10041.4
10862.0
10873.2
10242.0
10776.2
10378.8
10975.0
11388.2
9957.6
10700.2
10678.2
11896.0
11064.0
10796.6
10277.2
9895.4
10644.4
10799.2
11147.6
11155.2
11352.0
10337.0
10557.0
10301.0
11330.0
10779.0
10894.2
10965.6
11240.4
11370.4
10780.0
10473.0
10789.8
11228.8
10570.0
11098.6
10769.2
11468.8
11182.4
11150.0
11211.4
9833.0
10766.4
10605.0
11555.8
10775.2
10904.8
11105.8
10563.8
11313.0
10936.6
10370.8
10243.8
11735.6
11025.4
10998.4
10842.2
10977.6
11536.0
11131.4
11023.0
10796.0
11001.6
11152.4
11092.4
10813.8
10606.4
11553.0
11027.8
10995.6
11127.8
11229.8
10978.6
10520.6
11502.6
11656.6
10091.2
10607.6
10804.2
11018.0
11430.0
10456.2
10889.2
10817.8
10123.6
11601.4
10456.4
11052.8
11303.2
10324.2
10961.6
11117.8
11246.0
11548.4
11610.0
11037.0
11144.6
11213.0
11397.4
11251.8
10450.2
11731.8
10955.8
10611.6
10796.4
10445.4
10935.2
10371.0
11448.8
10239.8
10818.0
11712.8
10689.0
11079.4
10769.0
10890.0
10780.6
11202.2
10740.2
10968.8
11557.6
10542.0
11053.0
10095.2
10217.4
11120.2
10840.8
11179.8
11272.4
11802.0
10937.4
10651.6
10754.0
10592.6
11150.6
10995.4
10629.2
10815.8
11443.6
11638.6
11003.4
11615.0
10888.8
10908.0
11365.8
11292.0
10084.4
11649.0
10725.8
11036.2
10670.6
11300.8
10521.8
11196.0
10679.4
11657.8
10980.8
10418.6
10269.4
10771.0
10835.2
10866.0
11016.6
10431.0
11010.0
10716.6
10879.4
10895.2
11371.6
10844.0
10023.8
10545.2
11594.8
10765.4
10113.2
10158.8
10732.8
10606.6
10213.6
11386.2
11008.4
10582.0
12143.6
10929.6
10727.0
11574.4
10716.0
10123.8
11075.2
11315.8
11125.0
11200.4
10686.2
10697.8
10561.6
10398.0
11093.4
10621.2
11179.0
11011.4
11217.2
11162.0
10730.0
10235.4
10850.2
11084.0
11279.2
11714.4
10872.8
11254.4
11268.8
10282.8
11341.4
11349.0
11633.4
10488.2
10457.6
11617.4
10756.6
11048.0
11599.2
11145.6
10867.8
11203.2
10722.2
10835.0
10635.0
10730.0
10995.2
11008.2
10696.8
10780.4
10838.0
10318.0
11413.6
10799.6
10383.2
10732.0
10376.2
10987.2
11290.2
10770.2
11042.8
10682.2
10793.8
10788.6
11120.0
10547.8
11105.0
10246.8
10137.2
11412.4
11080.8
10481.2
10660.6
10576.2
10911.4
10829.2
10729.6
11191.4
11220.6
11051.2
11105.2
11224.4
12009.6
10724.0
10644.2
11393.2
10321.8
11388.2
10418.8
10803.4
11080.4
11207.6
10977.8
12031.0
11530.6
3829.8
0.0
0.0
0.0
0.0
0.0
0.0
0.0
0.0
0.0
0.0
0.0
0.0
0.0
0.0
0.0
0.0
0.0
0.0
0.0
0.0
0.0
0.0
0.0
0.0
0.0
0.0
0.0
0.0
0.0
0.0
0.0
0.0
0.0
0.0
0.0
0.0
0.0
0.0
0.0
0.0
0.0
0.0
0.0
0.0
0.0
0.0
0.0
0.0
0.0
0.0
0.0
0.0
0.0
0.0
0.0
0.0
0.0
0.0
0.0
0.0
0.0
0.0
0.0
0.0
0.0
0.0
0.0
0.0
0.0
0.0
0.0
0.0
0.0
0.0
0.0
0.0
0.0
0.0
0.0
0.0
0.0
0.0
0.0
0.0
0.0
0.0
0.0
0.0
0.0
0.0
0.0
0.0
0.0
0.0
0.0
0.0
0.0
0.0
0.0
0.0
0.0
0.0
0.0
0.0
0.0
0.0
0.0
0.0
0.0
0.0
0.0
0.0
0.0
0.0
0.0
0.0
0.0
0.0
0.0
0.0
0.0
0.0
0.0
0.0
0.0
0.0
0.0
0.0
0.0
0.0
0.0
0.0
0.0
0.0
0.0
0.0
0.0
0.0
0.0
0.0
0.0
0.0
0.0
0.0
0.0
0.0
0.0
0.0
0.0
0.0
0.0
0.0
0.0
0.0
0.0
0.0
0.0
0.0
0.0
0.0
0.0
0.0
0.0
0.0
0.0
0.0
0.0
0.0
0.0
0.0
0.0
0.0
0.0
0.0
0.0
0.0
0.0
0.0
0.0
0.0
0.0
0.0
0.0
0.0
0.0
0.0
0.0
0.0
0.0
0.0
0.0
0.0
0.0
0.0
0.0
0.0
0.0
0.0
0.0
0.0
0.0
0.0
0.0
0.0
0.0
0.0
0.0
0.0
0.0
0.0
0.0
0.0
0.0
0.0
0.0
0.0
0.0
0.0
0.0
0.0
0.0
0.0
0.0
0.0
0.0
0.0
0.0
0.0
0.0
0.0
0.0
0.0
0.0
0.0
0.0
0.0
0.0
0.0
0.0
0.0
0.0
0.0
0.0
0.0
0.0
0.0
0.0
0.0
0.0
0.0
0.0
0.0
0.0
0.0
0.0
0.0
0.0
0.0
0.0
0.0
0.0
0.0
0.0
0.0
0.0
0.0
0.0
0.0
0.0
0.0
0.0
0.0
0.0
0.0
0.0
0.0
0.0
0.0
0.0
0.0
0.0
0.0
0.0
0.0
0.0
0.0
0.0
0.0
0.0
0.0
0.0
0.0
0.0
0.0
0.0
0.0
0.0
0.0
0.0
0.0
0.0
0.0
0.0
0.0
0.0
0.0
0.0
0.0
0.0
0.0
0.0
0.0
0.0
0.0
0.0
0.0
0.0
0.0
0.0
0.0
0.0
0.0
0.0
0.0
0.0
0.0
0.0
0.0
0.0
0.0
0.0
0.0
0.0
0.0
0.0
0.0
0.0
0.0
0.0
0.0
0.0
0.0
0.0
0.0
0.0
0.0
0.0
0.0
0.0
0.0
0.0
0.0
0.0
0.0
0.0
0.0
0.0
0.0
0.0
0.0
0.0
0.0
0.0
0.0
0.0
0.0
0.0
0.0
0.0
0.0
0.0
0.0
0.0
0.0
0.0
0.0
0.0
0.0
0.0
0.0
0.0
0.0
0.0
0.0
0.0
0.0
0.0
0.0
0.0
0.0
0.0
0.0
0.0
0.0
0.0
0.0
0.0
0.0
0.0
0.0
0.0
0.0
0.0
0.0
0.0
0.0
0.0
0.0
0.0
0.0
0.0
0.0
0.0
0.0
0.0
0.0
0.0
0.0
0.0
0.0
0.0
0.0
0.0
0.0
0.0
0.0
0.0
0.0
0.0
0.0
0.0
0.0
0.0
0.0
0.0
0.0
0.0
0.0
0.0
0.0
0.0
0.0
0.0
0.0
0.0
0.0
0.0
0.0
0.0
0.0
0.0
0.0
0.0
0.0
0.0
0.0
0.0
0.0
0.0
0.0
0.0
0.0
0.0
0.0
0.0
0.0
0.0
0.0
0.0
0.0
0.0
0.0
0.0
0.0
0.0
0.0
0.0
0.0
0.0
0.0
0.0
0.0
0.0
0.0
0.0
0.0
0.0
0.0
0.0
0.0
0.0
0.0
0.0
0.0
0.0
0.0
0.0
0.0
0.0
0.0
0.0
0.0
0.0
0.0
0.0
0.0
0.0
0.0
0.0
0.0
0.0
0.0
0.0
0.0
0.0
0.0
0.0
0.0
0.0
0.0
0.0
0.0
0.0
0.0
0.0
0.0
0.0
0.0
0.0
0.0
0.0
0.0
0.0
0.0
0.0
0.0
0.0
0.0
0.0
0.0
0.0
0.0
0.0
0.0
0.0
0.0
0.0
0.0
0.0
0.0
0.0
0.0
0.0
0.0
0.0
0.0
0.0
0.0
0.0
0.0
0.0
0.0
0.0
0.0
0.0
0.0
0.0
0.0
0.0
0.0
0.0
0.0
0.0
0.0
0.0
0.0
0.0
0.0
0.0
0.0
0.0
0.0
0.0
0.0
0.0
0.0
0.0
0.0
0.0
0.0
0.0
0.0
0.0
0.0
0.0
0.0
0.0
0.0
0.0
0.0
0.0
0.0
0.0
0.0
0.0
0.0
0.0
0.0
0.0
0.0
0.0
0.0
0.0
0.0
0.0
0.0
0.0
0.0
0.0
0.0
0.0
0.0
0.0
0.0
0.0
0.0
0.0
0.0
0.0
0.0
0.0
0.0
0.0
0.0
0.0
0.0
0.0
0.0
0.0
0.0
0.0
0.0
0.0
0.0
0.0
0.0
0.0
0.0
0.0
0.0
0.0
0.0
