10639.6
10542.6
10571.8
9815.6
10568.2
10563.0
10538.0
10896.2
11019.0
11369.8
10138.8
11202.2
10699.2
10532.6
10928.8
11244.2
10806.6
10597.4
10978.2
11054.6
11199.4
9914.6
11306.0
10388.0
10371.4
11317.8
9963.4
10788.6
11439.2
10682.0
10847.8
10702.4
10908.6
11134.4
10358.0
11956.0
11253.6
11122.8
10661.0
10540.4
10835.0
11358.4
11130.4
10693.0
10609.8
11314.4
10854.4
10593.4
11698.2
10912.4
11253.2
10826.4
10772.2
10955.0
10918.0
11110.6
10635.0
11565.4
11491.2
11474.4
11283.6
10717.2
11738.2
11815.8
11138.8
10846.8
10743.8
10633.6
11101.2
12168.2
9944.4
10870.8
10924.6
10318.8
10688.6
10313.4
11118.2
11296.4
10060.8
10542.6
10690.6
11967.0
11123.0
10666.6
10319.4
9872.8
10637.4
10924.6
11075.0
11098.0
11389.6
10263.8
10641.4
10242.8
11234.4
11011.6
10858.8
10948.4
11082.2
11474.8
10854.4
10354.2
10731.8
11265.0
10598.8
11078.0
10822.0
11514.6
11127.6
11194.0
11109.8
9894.8
10770.0
10642.2
11646.4
10745.6
11139.8
10782.4
10615.6
11174.8
10923.8
10409.4
10334.2
11769.0
10795.2
11138.2
10819.0
11027.2
11430.6
11243.6
10987.6
10780.8
11006.2
11162.8
11140.8
10831.0
10655.4
11512.6
11053.8
10847.6
11292.6
11244.2
10992.4
10467.8
11547.4
11595.0
10029.4
10609.6
10860.6
10935.2
11421.8
10382.8
10885.0
10904.4
10163.4
11669.0
10398.4
11084.2
11380.2
10440.4
10807.8
11072.8
11089.8
11698.2
11659.0
11053.0
11116.8
11135.0
11501.0
11284.8
10353.4
11823.0
10835.2
10648.2
10812.0
10429.2
11100.2
10156.2
11674.6
9990.0
10896.8
11789.6
10674.8
11088.4
10694.8
10797.0
10934.2
11179.0
10624.4
11026.4
11621.8
10475.8
11062.4
10033.0
10323.0
11083.6
10844.4
11157.8
11340.0
11663.4
10918.4
10791.6
10685.4
10651.2
11186.0
10935.0
10577.8
10837.2
11340.6
11960.0
10927.2
11494.2
10932.0
10861.8
11427.4
11326.4
10019.4
11634.2
10772.6
10967.4
10725.8
11295.2
10429.6
11206.6
10731.6
11609.8
10981.0
10487.8
10251.8
10889.0
10748.2
10916.2
10932.4
10439.0
11122.2
10687.2
10794.4
10893.0
11388.8
10857.0
10007.6
10510.0
11625.4
10739.8
10086.8
10254.6
10737.6
10676.8
10081.8
11352.4
11002.8
10588.0
12084.8
11075.4
10696.4
11598.0
10624.6
10288.8
11004.6
11341.8
11027.4
11210.6
10743.4
10692.4
10553.2
10431.2
11079.4
10626.6
11190.8
11112.6
11089.6
11175.4
10690.0
10255.0
10790.6
11146.4
11450.4
11546.6
10834.8
11212.8
11304.8
10372.0
11518.0
11205.8
11580.6
10705.4
10356.2
11680.2
10586.0
11010.4
11646.6
11133.2
10818.2
11147.4
10805.8
10854.8
10650.0
10675.8
11044.0
10989.0
10740.0
10713.0
10768.0
10407.6
11412.6
10824.4
10426.4
10698.8
10474.0
10916.2
11376.6
10657.2
11078.6
10622.4
10718.4
10889.8
11092.2
10649.6
11045.8
10158.4
10188.6
11411.4
11160.2
10319.4
10736.6
10590.4
10929.0
10774.6
10703.8
11215.8
11207.2
10988.2
11303.2
11254.8
11810.0
10771.0
10792.8
11376.2
10275.8
11289.0
10529.8
10720.8
11030.6
11244.0
10976.4
12053.2
11480.0
3565.2
0.0
0.0
0.0
0.0
0.0
0.0
0.0
0.0
0.0
0.0
0.0
0.0
0.0
0.0
0.0
0.0
0.0
0.0
0.0
0.0
0.0
0.0
0.0
0.0
0.0
0.0
0.0
0.0
0.0
0.0
0.0
0.0
0.0
0.0
0.0
0.0
0.0
0.0
0.0
0.0
0.0
0.0
0.0
0.0
0.0
0.0
0.0
0.0
0.0
0.0
0.0
0.0
0.0
0.0
0.0
0.0
0.0
0.0
0.0
0.0
0.0
0.0
0.0
0.0
0.0
0.0
0.0
0.0
0.0
0.0
0.0
0.0
0.0
0.0
0.0
0.0
0.0
0.0
0.0
0.0
0.0
0.0
0.0
0.0
0.0
0.0
0.0
0.0
0.0
0.0
0.0
0.0
0.0
0.0
0.0
0.0
0.0
0.0
0.0
0.0
0.0
0.0
0.0
0.0
0.0
0.0
0.0
0.0
0.0
0.0
0.0
0.0
0.0
0.0
0.0
0.0
0.0
0.0
0.0
0.0
0.0
0.0
0.0
0.0
0.0
0.0
0.0
0.0
0.0
0.0
0.0
0.0
0.0
0.0
0.0
0.0
0.0
0.0
0.0
0.0
0.0
0.0
0.0
0.0
0.0
0.0
0.0
0.0
0.0
0.0
0.0
0.0
0.0
0.0
0.0
0.0
0.0
0.0
0.0
0.0
0.0
0.0
0.0
0.0
0.0
0.0
0.0
0.0
0.0
0.0
0.0
0.0
0.0
0.0
0.0
0.0
0.0
0.0
0.0
0.0
0.0
0.0
0.0
0.0
0.0
0.0
0.0
0.0
0.0
0.0
0.0
0.0
0.0
0.0
0.0
0.0
0.0
0.0
0.0
0.0
0.0
0.0
0.0
0.0
0.0
0.0
0.0
0.0
0.0
0.0
0.0
0.0
0.0
0.0
0.0
0.0
0.0
0.0
0.0
0.0
0.0
0.0
0.0
0.0
0.0
0.0
0.0
0.0
0.0
0.0
0.0
0.0
0.0
0.0
0.0
0.0
0.0
0.0
0.0
0.0
0.0
0.0
0.0
0.0
0.0
0.0
0.0
0.0
0.0
0.0
0.0
0.0
0.0
0.0
0.0
0.0
0.0
0.0
0.0
0.0
0.0
0.0
0.0
0.0
0.0
0.0
0.0
0.0
0.0
0.0
0.0
0.0
0.0
0.0
0.0
0.0
0.0
0.0
0.0
0.0
0.0
0.0
0.0
0.0
0.0
0.0
0.0
0.0
0.0
0.0
0.0
0.0
0.0
0.0
0.0
0.0
0.0
0.0
0.0
0.0
0.0
0.0
0.0
0.0
0.0
0.0
0.0
0.0
0.0
0.0
0.0
0.0
0.0
0.0
0.0
0.0
0.0
0.0
0.0
0.0
0.0
0.0
0.0
0.0
0.0
0.0
0.0
0.0
0.0
0.0
0.0
0.0
0.0
0.0
0.0
0.0
0.0
0.0
0.0
0.0
0.0
0.0
0.0
0.0
0.0
0.0
0.0
0.0
0.0
0.0
0.0
0.0
0.0
0.0
0.0
0.0
0.0
0.0
0.0
0.0
0.0
0.0
0.0
0.0
0.0
0.0
0.0
0.0
0.0
0.0
0.0
0.0
0.0
0.0
0.0
0.0
0.0
0.0
0.0
0.0
0.0
0.0
0.0
0.0
0.0
0.0
0.0
0.0
0.0
0.0
0.0
0.0
0.0
0.0
0.0
0.0
0.0
0.0
0.0
0.0
0.0
0.0
0.0
0.0
0.0
0.0
0.0
0.0
0.0
0.0
0.0
0.0
0.0
0.0
0.0
0.0
0.0
0.0
0.0
0.0
0.0
0.0
0.0
0.0
0.0
0.0
0.0
0.0
0.0
0.0
0.0
0.0
0.0
0.0
0.0
0.0
0.0
0.0
0.0
0.0
0.0
0.0
0.0
0.0
0.0
0.0
0.0
0.0
0.0
0.0
0.0
0.0
0.0
0.0
0.0
0.0
0.0
0.0
0.0
0.0
0.0
0.0
0.0
0.0
0.0
0.0
0.0
0.0
0.0
0.0
0.0
0.0
0.0
0.0
0.0
0.0
0.0
0.0
0.0
0.0
0.0
0.0
0.0
0.0
0.0
0.0
0.0
0.0
0.0
0.0
0.0
0.0
0.0
0.0
0.0
0.0
0.0
0.0
0.0
0.0
0.0
0.0
0.0
0.0
0.0
0.0
0.0
0.0
0.0
0.0
0.0
0.0
0.0
0.0
0.0
0.0
0.0
0.0
0.0
0.0
0.0
0.0
0.0
0.0
0.0
0.0
0.0
0.0
0.0
0.0
0.0
0.0
0.0
0.0
0.0
0.0
0.0
0.0
0.0
0.0
0.0
0.0
0.0
0.0
0.0
0.0
0.0
0.0
0.0
0.0
0.0
0.0
0.0
0.0
0.0
0.0
0.0
0.0
0.0
0.0
0.0
0.0
0.0
0.0
0.0
0.0
0.0
0.0
0.0
0.0
0.0
0.0
0.0
0.0
0.0
0.0
0.0
0.0
0.0
0.0
0.0
0.0
0.0
0.0
0.0
0.0
0.0
0.0
0.0
0.0
0.0
0.0
0.0
0.0
0.0
0.0
0.0
0.0
0.0
0.0
0.0
0.0
0.0
0.0
0.0
0.0
0.0
0.0
0.0
0.0
0.0
0.0
0.0
0.0
0.0
0.0
0.0
0.0
0.0
0.0
0.0
0.0
0.0
0.0
0.0
0.0
0.0
0.0
0.0
0.0
0.0
0.0
0.0
0.0
0.0
0.0
0.0
0.0
0.0
0.0
0.0
0.0
0.0
0.0
0.0
0.0
0.0
0.0
0.0
0.0
0.0
0.0
