810.348
806.2239999999999
804.952
799.826
801.55
802.452
795.256
809.948
800.518
802.278
803.6379999999999
804.29
795.6899999999999
807.874
802.164
804.164
803.5620000000001
799.45
803.958
804.2360000000001
788.0160000000001
801.6859999999999
802.126
795.266
802.9699999999999
803.1759999999999
800.152
798.1480000000001
808.9400000000002
802.7959999999999
800.1479999999999
808.0379999999999
792.446
802.108
802.01
806.238
805.554
795.5780000000001
800.816
795.9640000000002
790.0739999999998
815.756
796.674
799.006
790.8
804.432
806.048
813.7479999999999
806.33
803.612
787.932
789.8499999999999
798.066
799.436
795.848
794.2919999999999
806.01
799.914
814.1539999999999
794.3480000000001
787.2620000000001
797.816
788.78
791.8320000000001
793.852
802.106
799.0319999999999
799.4620000000001
795.5840000000001
801.124
800.746
799.9460000000001
802.4
794.6
800.7360000000001
805.222
800.494
801.6679999999999
802.744
797.926
801.0200000000001
795.088
807.11
802.482
808.626
792.5319999999999
804.866
800.6320000000001
796.452
798.792
794.6320000000002
801.8240000000001
793.3700000000001
792.402
797.8599999999999
795.742
784.88
800.11
796.2639999999999
811.578
791.3100000000001
795.038
804.77
785.686
794.268
798.028
797.37
794.4799999999999
801.886
800.192
800.4619999999999
799.778
795.3439999999999
794.2
809.2320000000001
798.092
794.8
792.81
804.1740000000001
795.144
792.508
789.0880000000001
770.2560000000001
788.424
789.9039999999999
786.162
785.3240000000001
784.2820000000002
792.956
783.376
790.858
791.774
788.586
796.462
792.402
798.672
804.28
799.336
799.762
792.646
791.018
792.5260000000001
796.5939999999999
799.0600000000001
802.4979999999999
801.392
795.548
791.7819999999999
800.0740000000001
797.4680000000001
787.0640000000001
814.7099999999999
800.1980000000001
800.558
798.3460000000001
792.312
791.4540000000001
799.244
792.358
799.544
805.7940000000001
799.008
795.3199999999999
796.0060000000001
802.2679999999999
792.042
799.5999999999999
806.204
796.026
793.516
792.7180000000001
795.1759999999999
796.546
806.934
796.7920000000001
798.3720000000001
794.798
809.006
800.354
802.316
798.7
806.8520000000001
805.4879999999999
800.0539999999999
802.86
792.9860000000001
796.624
794.216
799.024
808.548
807.3420000000001
790.9480000000001
804.0779999999999
797.38
798.7479999999999
796.2219999999999
808.926
807.1639999999999
787.754
790.864
794.6339999999999
792.6039999999999
790.482
791.7119999999999
796.8799999999999
796.44
795.472
795.8859999999999
793.7620000000001
797.1880000000001
797.6160000000001
786.4399999999999
782.446
784.642
795.1659999999999
803.414
792.2959999999999
794.498
788.3639999999999
806.2639999999999
798.504
803.296
792.3320000000001
791.398
806.788
803.8380000000001
800.49
803.954
787.346
799.374
801.126
792.798
802.3720000000001
799.5139999999999
795.964
796.182
799.318
801.2479999999999
804.08
801.802
796.25
800.6139999999999
798.0020000000001
803.3880000000001
793.608
803.1480000000001
793.7099999999998
774.9219999999999
795.4639999999999
786.754
781.548
790.9739999999999
788.4139999999999
783.798
782.5040000000001
813.976
797.804
771.4739999999999
788.836
780.2520000000001
780.58
779.282
694.326
252.49200000000002
242.98000000000002
281.738
210.31400000000002
0.0
0.0
0.0
0.0
0.0
0.0
0.0
0.0
0.0
0.0
0.0
0.0
0.0
0.0
0.0
0.0
0.0
0.0
0.0
0.0
0.0
0.0
0.0
0.0
0.0
0.0
0.0
0.0
0.0
0.0
0.0
0.0
0.0
0.0
0.0
0.0
0.0
0.0
0.0
0.0
0.0
0.0
0.0
0.0
0.0
0.0
0.0
0.0
0.0
0.0
0.0
0.0
0.0
0.0
0.0
0.0
0.0
0.0
0.0
0.0
0.0
0.0
0.0
0.0
0.0
0.0
0.0
0.0
0.0
0.0
0.0
0.0
0.0
0.0
0.0
0.0
0.0
0.0
0.0
0.0
0.0
0.0
0.0
0.0
0.0
0.0
0.0
0.0
0.0
0.0
0.0
0.0
0.0
0.0
0.0
0.0
0.0
0.0
0.0
0.0
0.0
0.0
0.0
0.0
0.0
0.0
0.0
0.0
0.0
0.0
0.0
0.0
0.0
0.0
0.0
0.0
0.0
0.0
0.0
0.0
0.0
0.0
0.0
0.0
0.0
0.0
0.0
0.0
0.0
0.0
0.0
0.0
0.0
0.0
0.0
0.0
0.0
0.0
0.0
0.0
0.0
0.0
0.0
0.0
0.0
0.0
0.0
0.0
0.0
0.0
0.0
0.0
0.0
0.0
0.0
0.0
0.0
0.0
0.0
0.0
0.0
0.0
0.0
0.0
0.0
0.0
0.0
0.0
0.0
0.0
0.0
0.0
0.0
0.0
0.0
0.0
0.0
0.0
0.0
0.0
0.0
0.0
0.0
0.0
0.0
0.0
0.0
0.0
0.0
0.0
0.0
0.0
0.0
0.0
0.0
0.0
0.0
0.0
0.0
0.0
0.0
0.0
0.0
0.0
0.0
0.0
0.0
0.0
0.0
0.0
0.0
0.0
0.0
0.0
0.0
0.0
0.0
0.0
0.0
0.0
0.0
0.0
0.0
0.0
0.0
0.0
0.0
0.0
0.0
0.0
0.0
0.0
0.0
0.0
0.0
0.0
0.0
0.0
0.0
0.0
0.0
0.0
0.0
0.0
0.0
0.0
0.0
0.0
0.0
0.0
0.0
0.0
0.0
0.0
0.0
0.0
0.0
0.0
0.0
0.0
0.0
0.0
0.0
0.0
0.0
0.0
0.0
0.0
0.0
0.0
0.0
0.0
0.0
0.0
0.0
0.0
0.0
0.0
0.0
0.0
0.0
0.0
0.0
0.0
0.0
0.0
0.0
0.0
0.0
0.0
0.0
0.0
0.0
0.0
0.0
0.0
0.0
0.0
0.0
0.0
0.0
0.0
0.0
0.0
0.0
0.0
0.0
0.0
0.0
0.0
0.0
0.0
0.0
0.0
0.0
0.0
0.0
0.0
0.0
0.0
0.0
0.0
0.0
0.0
0.0
0.0
0.0
0.0
0.0
0.0
0.0
0.0
0.0
0.0
0.0
0.0
0.0
0.0
0.0
0.0
0.0
0.0
0.0
0.0
0.0
0.0
0.0
0.0
0.0
0.0
0.0
0.0
0.0
0.0
0.0
0.0
0.0
0.0
0.0
0.0
0.0
0.0
0.0
0.0
0.0
0.0
0.0
0.0
0.0
0.0
0.0
0.0
0.0
0.0
0.0
0.0
0.0
0.0
0.0
0.0
0.0
0.0
0.0
0.0
0.0
0.0
0.0
0.0
0.0
0.0
0.0
0.0
0.0
0.0
0.0
0.0
0.0
0.0
0.0
0.0
0.0
0.0
0.0
0.0
0.0
0.0
0.0
0.0
0.0
0.0
0.0
0.0
0.0
0.0
0.0
0.0
0.0
0.0
0.0
0.0
0.0
0.0
0.0
0.0
0.0
0.0
0.0
0.0
0.0
0.0
0.0
0.0
0.0
