816.9133333333334
814.4733333333334
809.7800000000001
810.9133333333334
809.9166666666666
807.8133333333334
809.7933333333334
803.2599999999999
811.6466666666666
800.6066666666666
805.8333333333334
805.1433333333333
810.0333333333333
798.9499999999999
799.48
808.2733333333334
806.7166666666667
801.61
812.1566666666666
794.9699999999999
807.8933333333334
810.2399999999999
805.3266666666667
806.27
810.93
805.7600000000001
808.3299999999999
808.9966666666668
807.1866666666666
798.9833333333332
800.2466666666666
801.7433333333333
801.5833333333334
807.0266666666666
800.4033333333333
800.6966666666667
802.5300000000001
806.2033333333334
805.4333333333334
815.5366666666667
811.21
805.1
801.1033333333334
792.5
803.8166666666666
815.5433333333334
800.3933333333333
800.5766666666667
798.98
797.5033333333334
816.9466666666667
803.4033333333333
803.0566666666667
798.8566666666666
805.3733333333333
802.0433333333334
799.7166666666667
804.7066666666666
802.8766666666667
809.7533333333334
806.2366666666667
801.9900000000001
803.35
809.21
796.1700000000001
795.3333333333334
802.5966666666667
806.0333333333333
802.4
803.1133333333333
807.7333333333332
806.4066666666668
806.4266666666666
798.46
801.7766666666666
803.4266666666666
807.86
801.7533333333334
807.1199999999999
814.9866666666667
812.7533333333332
806.2166666666666
798.1133333333333
798.8066666666667
809.09
806.82
816.46
808.92
806.83
801.2266666666668
804.33
805.8766666666667
807.9666666666667
800.8433333333332
801.6266666666667
806.0933333333334
808.9
804.2166666666666
809.68
800.8433333333334
808.7199999999999
805.1966666666667
802.2366666666666
808.5233333333334
807.87
804.09
809.1700000000001
807.7199999999999
804.3266666666667
804.96
801.34
807.0633333333334
821.23
802.6433333333334
810.3733333333333
804.5666666666666
800.5866666666666
803.9333333333333
798.7399999999999
806.5300000000001
805.0166666666668
800.9699999999999
809.3266666666667
809.8100000000001
819.0966666666667
805.6633333333333
806.84
805.7166666666667
804.1966666666667
804.81
807.5233333333332
800.7966666666667
810.1466666666666
807.6533333333333
802.1466666666666
805.9399999999999
806.7933333333334
805.5866666666667
813.34
799.9699999999999
806.3933333333333
801.6166666666667
809.1500000000001
803.21
803.1166666666667
799.4833333333332
808.65
817.2766666666666
804.9499999999999
814.7566666666667
810.7133333333333
805.0566666666667
808.83
802.3933333333334
807.1899999999999
801.2066666666666
801.08
799.2633333333333
806.7966666666667
803.9
804.1133333333333
807.0966666666668
806.2433333333333
804.0933333333332
810.4
803.91
802.9333333333333
810.0600000000001
809.4399999999999
807.7733333333332
799.79
803.4766666666666
809.5266666666666
798.9233333333333
804.87
802.0966666666667
808.2433333333333
798.8533333333335
811.5933333333334
801.68
803.8699999999999
798.5233333333332
811.3633333333333
810.14
800.3233333333334
815.3733333333334
804.0366666666667
805.8299999999999
799.5666666666667
802.6666666666666
808.1866666666666
806.9933333333333
809.2966666666666
762.2199999999999
803.3966666666666
808.35
801.9066666666666
802.4233333333333
802.4133333333333
812.7866666666667
806.9699999999999
805.9366666666666
811.7933333333334
801.4166666666666
808.3866666666667
807.8633333333333
803.46
802.3533333333334
801.0466666666666
814.3466666666667
808.32
805.7599999999999
801.1433333333333
799.59
798.41
803.3233333333334
803.8266666666667
810.0766666666668
818.3166666666667
810.4233333333333
807.3299999999999
808.5166666666668
812.3066666666667
803.7566666666667
808.7600000000001
804.0300000000001
798.9433333333333
796.77
803.4033333333333
808.73
800.32
807.7933333333334
806.3366666666667
795.2266666666666
807.4466666666667
804.2000000000002
806.5566666666667
799.2566666666665
798.7266666666666
806.13
808.57
799.9933333333333
803.9033333333333
808.0133333333333
802.67
798.4233333333333
812.37
805.41
802.3133333333334
817.5566666666667
794.3133333333335
814.5466666666667
803.1066666666666
803.9666666666666
799.9200000000001
803.82
804.0533333333333
818.2233333333334
808.11
802.19
801.91
812.9466666666667
807.8666666666668
803.8466666666668
806.0433333333334
803.3499999999999
804.0333333333334
810.6566666666666
802.5333333333333
804.4200000000001
799.7466666666666
805.8699999999999
812.2966666666666
806.5733333333334
803.0600000000001
803.6233333333333
806.7599999999999
806.1566666666668
823.0033333333334
808.2966666666667
797.5799999999999
820.2533333333334
801.5133333333333
800.82
807.8266666666667
803.8466666666667
813.09
810.6199999999999
802.79
812.5733333333334
801.9699999999999
807.0766666666667
806.12
811.1466666666666
807.6666666666666
802.2966666666667
800.68
812.3933333333334
804.2366666666667
801.0266666666666
803.9333333333334
801.9599999999999
801.5566666666667
804.85
809.5066666666667
805.6733333333335
803.23
799.3400000000001
817.6433333333334
816.4033333333333
808.4699999999999
804.4833333333332
804.0
803.4533333333334
810.0666666666666
798.3966666666665
804.8833333333332
792.48
804.7000000000002
788.2933333333334
631.4133333333334
629.78
633.3366666666666
432.24
434.31
225.57000000000002
166.60333333333335
77.84
78.42
81.92333333333333
0.0
0.0
0.0
0.0
0.0
0.0
0.0
0.0
0.0
0.0
0.0
0.0
0.0
0.0
0.0
0.0
0.0
0.0
0.0
0.0
0.0
0.0
0.0
0.0
0.0
0.0
0.0
0.0
0.0
0.0
0.0
0.0
0.0
0.0
0.0
0.0
0.0
0.0
0.0
0.0
0.0
0.0
0.0
0.0
0.0
0.0
0.0
0.0
0.0
0.0
0.0
0.0
0.0
0.0
0.0
0.0
0.0
0.0
0.0
0.0
0.0
0.0
0.0
0.0
0.0
0.0
0.0
0.0
0.0
0.0
0.0
0.0
0.0
0.0
0.0
0.0
0.0
0.0
0.0
0.0
0.0
0.0
0.0
0.0
0.0
0.0
0.0
0.0
0.0
0.0
0.0
0.0
0.0
0.0
0.0
0.0
0.0
0.0
0.0
0.0
0.0
0.0
0.0
0.0
0.0
0.0
0.0
0.0
0.0
0.0
0.0
0.0
0.0
0.0
0.0
0.0
0.0
0.0
0.0
0.0
0.0
0.0
0.0
0.0
0.0
0.0
0.0
0.0
0.0
0.0
0.0
0.0
0.0
0.0
0.0
0.0
0.0
0.0
0.0
0.0
0.0
0.0
0.0
0.0
0.0
0.0
0.0
0.0
0.0
0.0
0.0
0.0
0.0
0.0
0.0
0.0
0.0
0.0
0.0
0.0
0.0
0.0
0.0
0.0
0.0
0.0
0.0
0.0
0.0
0.0
0.0
0.0
0.0
0.0
0.0
0.0
0.0
0.0
0.0
0.0
0.0
0.0
0.0
0.0
0.0
0.0
0.0
0.0
0.0
0.0
0.0
0.0
0.0
0.0
0.0
0.0
0.0
0.0
0.0
0.0
0.0
0.0
0.0
0.0
0.0
0.0
0.0
0.0
0.0
0.0
0.0
0.0
0.0
0.0
0.0
0.0
0.0
0.0
0.0
0.0
0.0
0.0
0.0
0.0
0.0
0.0
0.0
0.0
0.0
0.0
0.0
0.0
0.0
0.0
0.0
0.0
0.0
0.0
0.0
0.0
0.0
0.0
0.0
0.0
0.0
0.0
0.0
0.0
0.0
0.0
0.0
0.0
0.0
0.0
0.0
0.0
0.0
0.0
0.0
0.0
0.0
0.0
0.0
0.0
0.0
0.0
0.0
0.0
0.0
0.0
0.0
0.0
0.0
0.0
0.0
0.0
0.0
0.0
0.0
0.0
0.0
0.0
0.0
0.0
0.0
0.0
0.0
0.0
0.0
0.0
0.0
0.0
0.0
0.0
0.0
0.0
0.0
0.0
0.0
0.0
0.0
0.0
0.0
0.0
0.0
0.0
0.0
0.0
0.0
0.0
0.0
0.0
0.0
0.0
0.0
0.0
0.0
0.0
0.0
0.0
0.0
0.0
0.0
0.0
0.0
0.0
0.0
0.0
0.0
0.0
0.0
0.0
0.0
0.0
0.0
0.0
0.0
0.0
0.0
0.0
0.0
0.0
0.0
0.0
0.0
0.0
0.0
0.0
0.0
0.0
0.0
0.0
0.0
0.0
0.0
0.0
0.0
0.0
0.0
0.0
0.0
0.0
0.0
0.0
0.0
0.0
0.0
0.0
0.0
0.0
