546.9
547.1899999999999
538.4
541.53
540.23
538.62
541.6199999999999
532.1400000000001
539.0799999999999
550.3799999999999
894.8499999999999
893.5699999999999
895.36
896.4
897.31
899.96
897.4200000000001
896.6899999999999
898.61
899.7399999999999
901.5699999999999
903.9000000000001
899.06
898.9699999999999
902.01
898.62
902.32
907.07
899.6199999999999
923.26
936.3700000000001
924.2099999999998
901.1300000000001
901.53
908.9200000000001
938.1100000000001
984.51
930.74
957.9
992.02
998.3699999999999
1001.2899999999998
996.5600000000001
992.3299999999999
991.0600000000001
987.5
989.98
904.34
905.72
993.6
984.56
994.3399999999999
991.53
993.9300000000001
902.24
994.13
926.88
996.53
994.3100000000001
983.3699999999999
979.5400000000001
1004.2399999999999
1002.9399999999999
1000.0699999999999
988.48
1004.0100000000001
991.63
992.1899999999999
997.9000000000001
998.43
1000.96
1000.75
1000.25
993.85
988.23
999.09
1000.1
992.02
996.3000000000001
1000.33
991.56
993.2
995.98
998.3299999999999
997.22
992.73
1000.79
995.86
1001.23
1003.3100000000001
999.11
1001.84
1000.29
999.2900000000001
995.91
983.44
999.5400000000001
999.46
996.64
1004.04
1003.96
993.8599999999999
1000.22
1001.6299999999999
999.3
998.39
999.28
997.3399999999999
1001.38
999.17
1000.4200000000001
999.48
999.7400000000001
995.4999999999999
1003.73
1000.73
999.5
1003.0
1002.49
995.98
1000.54
984.98
997.44
1000.06
995.6400000000002
999.1099999999999
864.86
994.9199999999998
995.6199999999999
992.2099999999999
995.9699999999998
995.13
873.12
999.5100000000001
921.43
975.62
979.9100000000001
964.2700000000001
950.59
995.53
993.38
995.1100000000001
774.1999999999999
994.04
961.99
981.3000000000001
904.21
1003.6800000000001
985.9399999999999
736.52
868.3
1001.3199999999999
990.7800000000001
1000.0
996.43
992.5000000000001
997.5
997.15
907.5100000000001
995.0699999999999
986.31
984.28
893.88
751.1800000000001
994.44
988.0400000000001
995.5400000000001
999.8599999999999
998.5400000000001
998.9800000000001
973.29
994.0699999999999
990.8899999999999
744.3899999999999
939.1399999999999
999.61
927.13
821.5
715.7399999999999
860.6899999999999
1003.03
973.06
979.1700000000001
1000.0700000000002
994.6800000000001
980.0899999999999
975.8299999999999
897.6700000000001
946.99
735.98
668.4499999999999
730.66
592.63
576.22
801.84
713.84
733.94
771.4
533.12
800.88
905.6600000000001
797.5
554.26
734.08
562.5400000000001
523.37
657.57
562.8299999999999
677.61
647.8599999999999
630.91
723.1400000000001
521.27
522.31
521.2800000000001
569.5700000000002
521.58
520.27
611.8100000000001
524.28
605.61
618.4000000000001
574.95
520.88
520.95
523.53
637.51
649.46
616.26
617.74
672.76
520.61
672.3499999999999
520.6899999999999
614.9999999999999
518.53
520.13
599.64
611.66
521.3100000000001
520.5100000000001
520.24
519.8299999999999
520.35
520.25
519.65
519.23
520.1899999999999
519.76
519.3
520.28
519.83
520.5600000000001
520.22
522.28
522.48
518.8499999999999
520.99
520.3
519.99
519.71
520.26
520.55
515.97
519.88
520.1500000000001
518.89
520.53
520.23
518.7900000000001
520.66
519.5
519.5999999999999
519.35
520.69
522.4399999999999
518.39
518.16
516.1999999999999
523.11
583.53
519.12
519.63
519.45
520.2
519.53
519.81
522.52
522.02
518.3199999999999
519.65
518.76
519.26
518.26
518.82
518.31
518.04
617.4499999999999
517.22
519.58
517.6500000000001
519.67
519.8199999999999
519.09
518.38
517.73
519.77
519.6899999999999
519.52
515.67
516.13
517.6099999999999
518.01
517.41
517.29
517.38
519.94
519.54
519.48
517.0699999999999
518.88
519.4300000000001
519.61
520.03
519.33
517.4
518.29
517.28
518.95
519.78
519.1600000000001
517.24
519.24
519.4300000000001
519.9399999999999
518.82
519.38
518.95
519.5799999999999
579.8299999999999
518.75
519.2
516.48
517.69
0.0
0.0
0.0
0.0
0.0
0.0
0.0
0.0
0.0
0.0
0.0
0.0
0.0
0.0
0.0
0.0
0.0
0.0
0.0
0.0
0.0
0.0
0.0
0.0
0.0
0.0
0.0
0.0
0.0
0.0
0.0
0.0
0.0
0.0
0.0
0.0
0.0
0.0
0.0
0.0
0.0
0.0
0.0
0.0
0.0
0.0
0.0
0.0
0.0
0.0
0.0
0.0
0.0
0.0
0.0
0.0
0.0
0.0
0.0
0.0
0.0
0.0
0.0
0.0
0.0
0.0
0.0
0.0
0.0
0.0
0.0
0.0
0.0
0.0
0.0
0.0
0.0
0.0
0.0
0.0
0.0
0.0
0.0
0.0
0.0
0.0
0.0
0.0
0.0
0.0
0.0
0.0
0.0
0.0
0.0
0.0
0.0
0.0
0.0
0.0
0.0
0.0
0.0
0.0
0.0
0.0
0.0
0.0
0.0
0.0
0.0
0.0
0.0
0.0
0.0
0.0
0.0
0.0
0.0
0.0
0.0
0.0
0.0
0.0
0.0
0.0
0.0
0.0
0.0
0.0
0.0
0.0
0.0
0.0
0.0
0.0
0.0
0.0
0.0
0.0
0.0
0.0
0.0
0.0
0.0
0.0
0.0
0.0
0.0
0.0
0.0
0.0
0.0
0.0
0.0
0.0
0.0
0.0
0.0
0.0
0.0
0.0
0.0
0.0
0.0
0.0
0.0
0.0
0.0
0.0
0.0
0.0
0.0
0.0
0.0
0.0
0.0
0.0
0.0
0.0
0.0
0.0
0.0
0.0
0.0
0.0
0.0
0.0
0.0
0.0
0.0
0.0
0.0
0.0
0.0
0.0
0.0
0.0
0.0
0.0
0.0
0.0
0.0
0.0
0.0
0.0
0.0
0.0
0.0
0.0
0.0
0.0
0.0
0.0
0.0
0.0
0.0
0.0
0.0
0.0
0.0
0.0
0.0
0.0
0.0
0.0
0.0
0.0
0.0
0.0
0.0
0.0
0.0
0.0
0.0
0.0
0.0
0.0
0.0
0.0
0.0
0.0
0.0
0.0
0.0
0.0
0.0
0.0
0.0
0.0
0.0
0.0
0.0
0.0
0.0
0.0
0.0
0.0
0.0
0.0
0.0
0.0
0.0
0.0
0.0
0.0
0.0
0.0
0.0
0.0
0.0
0.0
0.0
0.0
0.0
0.0
0.0
0.0
0.0
0.0
0.0
0.0
0.0
0.0
0.0
0.0
0.0
0.0
0.0
0.0
0.0
0.0
0.0
0.0
0.0
0.0
0.0
0.0
0.0
0.0
0.0
0.0
0.0
0.0
0.0
0.0
0.0
0.0
0.0
0.0
0.0
0.0
0.0
0.0
0.0
0.0
0.0
0.0
0.0
0.0
0.0
0.0
0.0
0.0
0.0
0.0
0.0
0.0
0.0
0.0
0.0
0.0
0.0
0.0
0.0
0.0
0.0
0.0
0.0
0.0
0.0
0.0
0.0
0.0
0.0
0.0
0.0
0.0
0.0
0.0
0.0
0.0
0.0
0.0
0.0
0.0
