684.7479999999999
807.8779999999999
808.8900000000001
810.796
808.0780000000001
807.9980000000002
810.894
812.2360000000001
808.222
806.11
805.908
807.23
805.9040000000001
807.4440000000001
801.912
803.174
806.184
811.176
806.454
805.496
808.7280000000001
808.282
805.774
802.612
805.2139999999999
806.8000000000001
798.664
805.124
816.496
800.6800000000001
804.932
808.2920000000001
808.524
809.2779999999999
780.63
789.582
800.534
798.048
804.6400000000001
797.5099999999999
802.2459999999999
799.326
808.8939999999999
804.734
800.8300000000002
806.698
803.6600000000001
815.8299999999999
801.9060000000001
797.682
799.0139999999999
795.492
804.56
807.0160000000001
806.448
805.9800000000001
803.936
802.486
798.304
796.046
802.032
801.9939999999999
805.4900000000001
802.08
801.4219999999999
803.6220000000001
823.5600000000001
803.6560000000001
801.5439999999999
787.2400000000001
786.7700000000001
793.226
787.8539999999999
794.0939999999999
789.292
782.97
792.36
796.3779999999999
800.35
797.0160000000001
794.8120000000001
801.716
795.52
802.222
799.196
797.3779999999999
809.4739999999999
801.2379999999999
800.7339999999999
803.604
803.6800000000001
794.728
797.3460000000001
802.884
792.286
798.8359999999999
823.442
802.9979999999999
794.4399999999999
799.298
796.366
796.182
805.338
805.218
802.1479999999999
801.492
797.8539999999999
798.882
803.934
799.12
798.9040000000001
806.3560000000001
797.852
801.5999999999999
803.9119999999999
801.624
793.8100000000001
794.8
797.284
794.188
793.902
795.2259999999999
794.34
792.1479999999999
799.048
797.396
815.128
802.766
796.1600000000001
805.198
809.844
811.5980000000001
798.4879999999999
802.482
803.8399999999999
794.95
792.8280000000001
792.036
798.626
799.61
795.53
793.5359999999998
725.2059999999999
786.2719999999999
779.196
783.966
788.9259999999999
785.014
787.602
788.2940000000001
792.0640000000001
779.166
778.9040000000001
784.9219999999999
785.24
788.52
795.772
793.208
789.382
794.75
803.324
792.926
800.496
790.898
791.7320000000001
787.518
793.412
797.5279999999999
788.8000000000001
799.9200000000001
794.7359999999999
795.856
800.35
800.2579999999999
790.63
801.394
797.854
802.9159999999999
792.8699999999999
803.1899999999999
803.124
806.6020000000001
796.5020000000001
798.632
799.818
814.294
800.1160000000001
793.2479999999999
793.99
794.9019999999999
799.5559999999999
800.4559999999999
802.986
798.402
800.1759999999999
806.7659999999998
790.14
793.708
800.046
796.066
806.678
790.274
803.926
797.336
797.9300000000001
798.4340000000001
804.99
793.728
793.366
798.888
797.1899999999999
796.53
796.89
799.49
801.0719999999999
794.516
794.338
795.2459999999999
808.328
803.4240000000001
797.372
801.42
794.0419999999999
798.3900000000001
798.442
691.238
583.4799999999999
363.268
309.658
268.844
212.4
241.23200000000003
65.27000000000001
77.952
0.0
0.0
0.0
0.0
0.0
0.0
0.0
0.0
0.0
0.0
0.0
0.0
0.0
0.0
0.0
0.0
0.0
0.0
0.0
0.0
0.0
0.0
0.0
0.0
0.0
0.0
0.0
0.0
0.0
0.0
0.0
0.0
0.0
0.0
0.0
0.0
0.0
0.0
0.0
0.0
0.0
0.0
0.0
0.0
0.0
0.0
0.0
0.0
0.0
0.0
0.0
0.0
0.0
0.0
0.0
0.0
0.0
0.0
0.0
0.0
0.0
0.0
0.0
0.0
0.0
0.0
0.0
0.0
0.0
0.0
0.0
0.0
0.0
0.0
0.0
0.0
0.0
0.0
0.0
0.0
0.0
0.0
0.0
0.0
0.0
0.0
0.0
0.0
0.0
0.0
0.0
0.0
0.0
0.0
0.0
0.0
0.0
0.0
0.0
0.0
0.0
0.0
0.0
0.0
0.0
0.0
0.0
0.0
0.0
0.0
0.0
0.0
0.0
0.0
0.0
0.0
0.0
0.0
0.0
0.0
0.0
0.0
0.0
0.0
0.0
0.0
0.0
0.0
0.0
0.0
0.0
0.0
0.0
0.0
0.0
0.0
0.0
0.0
0.0
0.0
0.0
0.0
0.0
0.0
0.0
0.0
0.0
0.0
0.0
0.0
0.0
0.0
0.0
0.0
0.0
0.0
0.0
0.0
0.0
0.0
0.0
0.0
0.0
0.0
0.0
0.0
0.0
0.0
0.0
0.0
0.0
0.0
0.0
0.0
0.0
0.0
0.0
0.0
0.0
0.0
0.0
0.0
0.0
0.0
0.0
0.0
0.0
0.0
0.0
0.0
0.0
0.0
0.0
0.0
0.0
0.0
0.0
0.0
0.0
0.0
0.0
0.0
0.0
0.0
0.0
0.0
0.0
0.0
0.0
0.0
0.0
0.0
0.0
0.0
0.0
0.0
0.0
0.0
0.0
0.0
0.0
0.0
0.0
0.0
0.0
0.0
0.0
0.0
0.0
0.0
0.0
0.0
0.0
0.0
0.0
0.0
0.0
0.0
0.0
0.0
0.0
0.0
0.0
0.0
0.0
0.0
0.0
0.0
0.0
0.0
0.0
0.0
0.0
0.0
0.0
0.0
0.0
0.0
0.0
0.0
0.0
0.0
0.0
0.0
0.0
0.0
0.0
0.0
0.0
0.0
0.0
0.0
0.0
0.0
0.0
0.0
0.0
0.0
0.0
0.0
0.0
0.0
0.0
0.0
0.0
0.0
0.0
0.0
0.0
0.0
0.0
0.0
0.0
0.0
0.0
0.0
0.0
0.0
0.0
0.0
0.0
0.0
0.0
0.0
0.0
0.0
0.0
0.0
0.0
0.0
0.0
0.0
0.0
0.0
0.0
0.0
0.0
0.0
0.0
0.0
0.0
0.0
0.0
0.0
0.0
0.0
0.0
0.0
0.0
0.0
0.0
0.0
0.0
0.0
0.0
0.0
0.0
0.0
0.0
0.0
0.0
0.0
0.0
0.0
0.0
0.0
0.0
0.0
0.0
0.0
0.0
0.0
0.0
0.0
0.0
0.0
0.0
0.0
0.0
0.0
0.0
0.0
0.0
0.0
0.0
0.0
0.0
0.0
0.0
0.0
0.0
0.0
0.0
0.0
0.0
0.0
0.0
0.0
0.0
0.0
0.0
0.0
0.0
0.0
0.0
0.0
0.0
0.0
0.0
0.0
0.0
0.0
0.0
0.0
0.0
0.0
0.0
0.0
0.0
0.0
0.0
0.0
0.0
0.0
0.0
0.0
0.0
0.0
0.0
0.0
0.0
0.0
0.0
0.0
0.0
0.0
0.0
0.0
0.0
0.0
0.0
0.0
0.0
0.0
0.0
0.0
0.0
0.0
0.0
0.0
0.0
0.0
0.0
0.0
0.0
0.0
0.0
0.0
0.0
0.0
0.0
0.0
0.0
0.0
0.0
0.0
0.0
0.0
0.0
0.0
0.0
0.0
0.0
0.0
0.0
0.0
0.0
0.0
0.0
0.0
0.0
0.0
0.0
0.0
0.0
0.0
