409.19999999999993
427.168
439.91399999999993
429.62600000000003
443.434
430.884
456.678
436.092
441.64400000000006
438.0
450.36199999999997
452.564
452.11800000000005
452.00600000000003
453.23600000000005
459.338
463.496
456.97799999999995
463.91400000000004
466.718
470.89
471.23400000000004
580.8300000000002
472.078
501.776
686.74
479.688
479.82
484.9619999999999
484.36799999999994
481.014
453.29200000000003
452.534
458.146
462.12600000000003
437.89399999999995
447.442
442.10599999999994
437.418
440.204
445.53999999999996
464.38800000000003
451.174
446.262
459.584
469.32399999999996
460.922
470.68199999999996
462.32199999999995
470.696
470.672
478.308
477.36199999999997
480.434
486.76399999999995
491.706
492.87
494.13599999999997
486.64
492.5
495.73400000000004
498.0280000000001
502.20799999999997
493.32000000000005
488.26800000000003
494.75999999999993
489.492
498.604
501.3
503.79200000000003
497.31000000000006
494.1120000000001
497.948
490.558
489.474
499.98199999999997
494.29800000000006
489.328
495.26800000000003
493.41399999999993
494.218
493.89
496.712
495.76599999999996
492.3119999999999
491.072
497.61400000000003
490.566
493.7460000000001
493.976
495.83000000000004
497.84
494.02200000000005
497.642
498.802
512.384
491.50999999999993
502.526
505.34799999999996
505.564
491.3119999999999
487.62
491.91400000000004
495.29400000000004
497.146
488.41400000000004
487.288
490.274
490.428
501.034
495.8860000000001
488.31200000000007
491.404
487.418
486.98999999999995
487.91400000000004
496.424
487.188
487.63199999999995
485.11
486.81399999999996
497.67999999999995
483.75200000000007
483.21999999999997
491.418
488.524
487.60200000000003
481.81200000000007
493.89799999999997
492.25
494.314
483.27799999999996
487.41
492.276
491.23
483.076
489.712
493.8959999999999
482.674
490.4
493.686
488.87999999999994
477.98400000000004
488.43199999999996
489.59799999999996
483.83599999999996
496.57
491.45200000000006
495.93199999999996
490.93600000000004
494.62000000000006
494.16399999999993
499.8639999999999
508.514
499.32
497.51200000000006
497.07
496.02
499.716
485.716
493.97799999999995
493.64799999999997
490.974
478.604
488.078
475.27599999999995
476.64400000000006
487.46600000000007
488.63800000000003
487.77199999999993
482.73199999999997
489.852
492.884
499.198
476.13
499.8280000000001
488.462
482.9039999999999
485.3299999999999
485.254
489.2219999999999
488.41
476.87600000000003
483.16999999999996
485.0280000000001
487.39000000000004
479.7920000000001
491.216
485.86800000000005
493.34400000000005
482.1
490.49799999999993
488.2080000000001
485.828
492.88199999999995
493.90200000000004
484.346
488.05199999999996
492.726
493.764
489.21399999999994
486.64799999999997
494.46400000000006
492.974
500.70599999999996
498.076
494.19399999999996
481.06200000000007
488.096
480.25
486.03600000000006
497.162
492.79200000000003
489.988
488.37399999999997
480.412
492.172
489.73199999999997
491.62399999999997
485.246
485.09399999999994
500.0
484.00600000000003
493.03200000000004
477.43999999999994
498.468
488.02599999999995
480.16999999999996
475.916
490.3860000000001
486.85
491.82399999999996
486.03200000000004
486.7339999999999
478.37399999999997
490.746
481.22200000000004
481.41999999999996
485.95
482.85
482.95
474.78600000000006
488.50199999999995
487.13800000000003
477.712
498.50600000000003
491.32400000000007
485.034
483.93999999999994
483.666
479.66999999999996
495.52200000000005
495.996
483.93999999999994
488.57
495.724
494.404
484.04799999999994
477.01599999999996
483.51599999999996
484.84400000000005
490.054
484.466
493.34799999999996
498.072
486.32399999999996
485.508
480.716
491.352
487.56000000000006
487.46999999999997
482.60999999999996
480.784
481.082
487.264
493.684
489.524
485.93
495.39
487.858
480.85999999999996
484.37600000000003
486.832
483.404
499.646
487.11
487.37600000000003
480.45
484.4120000000001
488.41999999999996
486.87999999999994
481.32399999999996
472.832
478.05600000000004
477.0
477.668
484.57199999999995
485.034
481.73
483.684
471.166
483.1719999999999
485.63199999999995
489.494
481.95200000000006
482.6880000000001
487.34800000000007
477.90600000000006
478.038
480.142
486.828
487.6619999999999
486.41399999999993
488.75
484.65600000000006
488.288
479.92800000000005
474.108
488.41
475.96000000000004
476.6839999999999
499.524
480.908
507.962
487.808
484.01200000000006
480.92600000000004
474.65599999999995
484.588
480.63199999999995
484.04800000000006
481.64
484.642
488.616
503.328
483.17800000000005
483.66399999999993
482.41399999999993
485.28999999999996
482.36800000000005
480.02200000000005
474.448
485.0299999999999
488.19399999999996
480.142
488.186
487.854
492.254
493.142
484.054
472.98799999999994
491.45400000000006
478.40200000000004
492.90199999999993
480.628
476.158
483.404
484.2219999999999
492.07399999999996
465.85600000000005
471.58599999999996
480.50600000000003
473.97800000000007
473.25600000000003
488.168
486.312
479.57000000000005
482.9720000000001
486.04200000000003
483.0
484.03599999999994
475.966
495.28600000000006
499.27799999999996
500.43
494.87199999999996
492.196
489.20799999999997
496.93
491.9
498.65200000000004
480.226
501.316
495.20200000000006
478.90599999999995
481.996
485.07399999999996
487.80999999999995
479.486
482.93199999999996
495.66999999999996
486.3620000000001
503.37600000000003
504.12199999999996
490.43199999999996
497.78600000000006
496.98199999999997
489.95799999999997
490.08000000000004
483.59400000000005
493.48600000000005
494.36800000000005
483.408
489.946
488.3
482.226
488.692
495.63800000000003
491.308
489.79599999999994
496.24799999999993
492.082
482.30600000000004
489.634
481.512
483.174
494.34
483.572
472.514
472.4440000000001
489.146
477.59
484.63200000000006
484.45799999999997
488.0299999999999
489.408
488.8059999999999
496.576
493.13199999999995
493.148
491.92999999999995
488.346
494.842
482.92600000000004
486.13800000000003
505.23600000000005
488.89399999999995
494.12399999999997
493.79799999999994
496.88800000000003
483.92600000000004
510.74000000000007
488.25200000000007
494.154
481.546
483.192
486.154
494.87199999999996
492.764
486.866
479.912
498.04200000000003
501.918
482.03999999999996
494.73199999999997
484.42800000000005
492.90200000000004
490.96000000000004
491.87600000000003
488.07199999999995
490.47799999999995
485.6940000000001
487.15599999999995
489.966
472.916
482.904
488.41400000000004
494.256
487.18199999999996
483.072
491.01000000000005
483.88800000000003
493.95599999999996
497.48600000000005
486.488
485.102
494.23
481.60200000000003
462.532
481.09399999999994
491.312
482.42600000000004
485.74399999999997
481.09799999999996
488.43999999999994
488.21399999999994
497.4119999999999
498.66399999999993
493.236
485.054
496.55
504.754
493.97800000000007
490.43
493.32399999999996
481.65599999999995
497.218
491.31000000000006
506.34400000000005
484.058
506.7099999999999
490.366
484.38599999999997
482.08599999999996
482.602
478.686
494.56000000000006
492.06800000000004
488.27200000000005
486.33600000000007
497.0780000000001
509.5559999999999
483.95799999999997
484.78000000000003
492.15
489.79800000000006
488.82
484.634
477.418
483.48600000000005
486.99399999999997
492.37800000000004
490.43199999999996
492.3280000000001
471.43
494.66400000000004
485.85200000000003
483.04400000000004
491.078
496.09800000000007
500.158
492.76000000000005
486.23
484.052
476.73600000000005
485.73400000000004
480.4460000000001
460.78999999999996
460.468
483.5799999999999
481.108
475.988
483.938
477.168
483.096
490.434
493.01599999999996
475.412
482.404
501.5280000000001
499.56000000000006
490.6
496.456
492.70799999999997
480.73999999999995
495.82399999999996
494.12399999999997
498.0040000000001
485.24799999999993
508.762
482.158
498.812
485.688
479.7
487.4719999999999
491.216
474.3639999999999
478.36199999999997
483.47200000000004
492.55
494.5799999999999
486.476
482.44800000000004
477.25
475.49399999999997
487.142
480.774
466.45200000000006
485.36400000000003
494.70200000000006
484.59799999999996
481.5200000000001
477.63
469.216
468.078
480.00600000000003
484.20400000000006
481.77200000000005
498.69000000000005
491.01599999999996
496.72200000000004
484.9719999999999
481.73400000000004
479.45
479.87399999999997
491.588
487.27799999999996
451.072
482.91
495.532
487.7
476.27799999999996
493.47800000000007
489.91999999999996
490.87399999999997
492.86199999999997
493.34
494.65
503.98600000000005
489.7799999999999
489.084
497.80199999999996
494.26000000000005
475.322
487.81000000000006
488.7200000000001
510.146
495.736
514.37
481.88599999999997
487.93600000000004
487.09400000000005
486.39799999999997
486.10200000000003
495.45
496.342
495.63199999999995
495.242
488.756
492.23600000000005
481.36400000000003
479.99399999999997
480.93199999999996
490.79799999999994
485.18999999999994
482.48999999999995
482.27799999999996
480.2800000000001
514.1000000000001
488.74799999999993
491.04200000000003
486.36800000000005
474.526
462.008
482.608
483.15200000000004
493.032
480.62800000000004
476.1940000000001
479.82
495.76599999999996
489.3959999999999
493.91
490.8059999999999
484.196
488.454
482.98400000000004
452.11
476.59799999999996
491.68199999999996
473.31800000000004
468.062
489.97200000000004
488.98
487.65199999999993
487.946
495.56000000000006
496.00200000000007
490.7
488.672
493.12800000000004
486.64799999999997
491.076
496.64799999999997
507.328
494.61
486.86800000000005
490.32399999999996
499.81800000000004
493.21999999999997
487.3879999999999
486.36
491.992
491.56800000000004
484.15199999999993
495.046
498.2779999999999
488.77599999999995
508.26399999999995
486.37399999999997
488.55
486.346
487.95
485.36
479.55
478.588
480.27199999999993
509.05
482.256
475.634
