934.018
931.308
929.384
931.314
929.344
929.454
927.7199999999999
930.8459999999999
927.99
927.894
928.0380000000001
929.8900000000001
927.436
926.7059999999999
928.626
922.9639999999999
932.5380000000001
929.226
915.838
926.684
930.8299999999999
924.858
923.8620000000001
924.3799999999999
918.3619999999999
926.2479999999999
926.074
924.924
927.366
928.0139999999999
926.644
927.7299999999999
926.3080000000002
923.566
922.3100000000001
930.11
925.7779999999999
921.586
923.4280000000001
927.0020000000001
926.434
928.5880000000001
926.4620000000001
929.43
922.442
889.598
927.8939999999999
922.622
923.624
925.47
927.5380000000001
928.0899999999999
925.792
930.5040000000001
930.1720000000001
925.7860000000001
928.2860000000001
923.684
929.6959999999999
927.3699999999999
919.854
927.842
928.882
925.2139999999999
927.818
927.2180000000001
926.908
925.5840000000001
926.2400000000001
926.058
924.686
927.7620000000001
854.6580000000001
918.1220000000001
921.982
928.5719999999999
922.3400000000001
924.606
926.6400000000001
924.632
918.982
927.982
927.894
927.126
926.308
924.39
927.1900000000002
926.1359999999999
924.8420000000002
924.5559999999999
923.576
917.392
915.2639999999999
924.8299999999999
921.892
921.702
921.1380000000001
920.314
921.892
919.22
926.4780000000001
928.016
916.424
923.5300000000001
920.542
926.768
922.5540000000001
922.1099999999999
925.376
927.368
921.7520000000001
926.46
924.8
929.4200000000001
932.7360000000001
924.43
921.8639999999999
928.994
924.9959999999999
921.798
926.6120000000001
927.244
922.608
916.076
918.8040000000001
916.8520000000001
921.342
929.1139999999999
925.8799999999999
928.1419999999998
925.744
922.6780000000001
916.7479999999999
927.192
923.9739999999999
926.3520000000001
924.924
924.7819999999999
926.51
919.2239999999999
927.93
928.284
924.592
922.3380000000001
925.124
928.092
927.5080000000002
924.518
929.0899999999999
886.9959999999999
928.0200000000001
900.132
927.9060000000002
924.8860000000001
926.384
928.7939999999999
928.876
928.5620000000001
925.9879999999999
923.0919999999999
924.516
916.9799999999999
914.796
915.4979999999999
925.2060000000001
924.932
925.1439999999999
922.9159999999999
926.3040000000001
926.4379999999999
921.9240000000002
926.418
924.0679999999999
924.934
922.1940000000001
928.2719999999999
926.674
928.198
923.5360000000001
925.742
924.9960000000001
929.242
925.49
926.3399999999999
927.868
929.0040000000001
927.4560000000001
924.1539999999999
851.7959999999999
902.0319999999999
894.3799999999999
857.5540000000001
920.094
922.5179999999998
918.716
919.958
919.9100000000001
921.836
920.07
922.076
784.342
655.418
659.092
492.32400000000007
203.45
208.892
161.118
152.03000000000003
0.0
0.0
0.0
0.0
0.0
0.0
0.0
0.0
0.0
0.0
0.0
0.0
0.0
0.0
0.0
0.0
0.0
0.0
0.0
0.0
0.0
0.0
0.0
0.0
0.0
0.0
0.0
0.0
0.0
0.0
0.0
0.0
0.0
0.0
0.0
0.0
0.0
0.0
0.0
0.0
0.0
0.0
0.0
0.0
0.0
0.0
0.0
0.0
0.0
0.0
0.0
0.0
0.0
0.0
0.0
0.0
0.0
0.0
0.0
0.0
0.0
0.0
0.0
0.0
0.0
0.0
0.0
0.0
0.0
0.0
0.0
0.0
0.0
0.0
0.0
0.0
0.0
0.0
0.0
0.0
0.0
0.0
0.0
0.0
0.0
0.0
0.0
0.0
0.0
0.0
0.0
0.0
0.0
0.0
0.0
0.0
0.0
0.0
0.0
0.0
0.0
0.0
0.0
0.0
0.0
0.0
0.0
0.0
0.0
0.0
0.0
0.0
0.0
0.0
0.0
0.0
0.0
0.0
0.0
0.0
0.0
0.0
0.0
0.0
0.0
0.0
0.0
0.0
0.0
0.0
0.0
0.0
0.0
0.0
0.0
0.0
0.0
0.0
0.0
0.0
0.0
0.0
0.0
0.0
0.0
0.0
0.0
0.0
0.0
0.0
0.0
0.0
0.0
0.0
0.0
0.0
0.0
0.0
0.0
0.0
0.0
0.0
0.0
0.0
0.0
0.0
0.0
0.0
0.0
0.0
0.0
0.0
0.0
0.0
0.0
0.0
0.0
0.0
0.0
0.0
0.0
0.0
0.0
0.0
0.0
0.0
0.0
0.0
0.0
0.0
0.0
0.0
0.0
0.0
0.0
0.0
0.0
0.0
0.0
0.0
0.0
0.0
0.0
0.0
0.0
0.0
0.0
0.0
0.0
0.0
0.0
0.0
0.0
0.0
0.0
0.0
0.0
0.0
0.0
0.0
0.0
0.0
0.0
0.0
0.0
0.0
0.0
0.0
0.0
0.0
0.0
0.0
0.0
0.0
0.0
0.0
0.0
0.0
0.0
0.0
0.0
0.0
0.0
0.0
0.0
0.0
0.0
0.0
0.0
0.0
0.0
0.0
0.0
0.0
0.0
0.0
0.0
0.0
0.0
0.0
0.0
0.0
0.0
0.0
0.0
0.0
0.0
0.0
0.0
0.0
0.0
0.0
0.0
0.0
0.0
0.0
0.0
0.0
0.0
0.0
0.0
0.0
0.0
0.0
0.0
0.0
0.0
0.0
0.0
0.0
0.0
0.0
0.0
0.0
0.0
0.0
0.0
0.0
0.0
0.0
0.0
0.0
0.0
0.0
0.0
0.0
0.0
0.0
0.0
0.0
0.0
0.0
0.0
0.0
0.0
0.0
0.0
0.0
0.0
0.0
0.0
0.0
0.0
0.0
0.0
0.0
0.0
0.0
0.0
0.0
0.0
0.0
0.0
0.0
0.0
0.0
0.0
0.0
0.0
0.0
0.0
0.0
0.0
0.0
0.0
0.0
0.0
0.0
0.0
0.0
0.0
0.0
0.0
0.0
0.0
0.0
0.0
0.0
0.0
0.0
0.0
0.0
0.0
0.0
0.0
0.0
0.0
0.0
0.0
0.0
0.0
0.0
0.0
0.0
0.0
0.0
0.0
0.0
0.0
0.0
0.0
0.0
0.0
0.0
0.0
0.0
0.0
0.0
0.0
0.0
0.0
0.0
0.0
0.0
0.0
0.0
0.0
0.0
0.0
0.0
0.0
0.0
0.0
0.0
0.0
0.0
0.0
0.0
0.0
0.0
0.0
0.0
0.0
0.0
0.0
0.0
0.0
0.0
0.0
0.0
0.0
0.0
0.0
0.0
0.0
0.0
0.0
0.0
0.0
0.0
0.0
0.0
0.0
0.0
0.0
0.0
0.0
0.0
0.0
0.0
0.0
0.0
0.0
0.0
0.0
0.0
0.0
0.0
0.0
0.0
0.0
0.0
0.0
0.0
0.0
0.0
0.0
0.0
0.0
0.0
0.0
0.0
0.0
0.0
0.0
0.0
0.0
0.0
0.0
0.0
0.0
0.0
0.0
0.0
0.0
0.0
0.0
0.0
0.0
0.0
0.0
0.0
0.0
0.0
0.0
0.0
0.0
0.0
0.0
0.0
0.0
0.0
