0.0
750.84
0.0
746.62
0.0
741.81
0.0
748.58
0.0
743.19
0.0
748.47
0.0
753.1
0.0
750.28
0.0
746.61
0.0
759.18
0.0
749.35
0.0
749.8500000000001
0.0
747.66
0.0
747.3199999999999
0.0
751.5
0.0
797.15
0.0
752.1700000000001
0.0
746.48
0.0
744.35
0.0
739.4499999999999
0.0
741.25
0.0
746.2600000000001
0.0
745.4800000000001
0.0
746.3000000000001
0.0
748.2
0.0
744.8700000000001
0.0
738.92
0.0
761.72
0.0
748.69
0.0
742.72
0.0
758.05
0.0
762.41
0.0
747.36
0.0
749.6400000000001
0.0
745.76
0.0
756.79
0.0
742.22
0.0
742.4200000000001
0.0
745.63
0.0
756.51
0.0
750.25
0.0
743.84
0.0
746.9799999999999
0.0
745.7499999999999
0.0
754.5699999999999
0.0
744.8
0.0
745.0799999999999
0.0
747.94
0.0
762.99
0.0
750.1700000000001
0.0
747.1
0.0
745.9
0.0
737.98
0.0
751.1899999999999
0.0
758.06
0.0
740.6800000000001
0.0
752.84
0.0
749.51
0.0
750.31
0.0
816.48
0.0
755.0799999999999
0.0
756.29
0.0
747.47
0.0
749.0
0.0
752.0500000000001
0.0
752.4100000000001
0.0
761.98
0.0
746.99
0.0
752.61
0.0
749.71
0.0
753.39
0.0
747.67
0.0
746.4300000000001
0.0
740.85
0.0
745.0699999999999
0.0
754.15
0.0
746.1
0.0
750.4000000000001
0.0
751.4300000000001
0.0
748.79
0.0
759.3599999999999
0.0
747.8000000000001
0.0
750.1800000000001
0.0
756.01
0.0
744.9099999999999
0.0
736.4899999999999
0.0
749.6700000000001
0.0
749.6200000000001
0.0
750.84
0.0
753.26
0.0
746.45
0.0
779.98
0.0
752.4499999999999
0.0
754.6700000000001
0.0
746.26
0.0
752.11
0.0
745.03
0.0
756.22
0.0
747.18
0.0
751.01
0.0
756.4100000000001
0.0
752.76
0.0
747.06
0.0
749.27
0.0
757.14
0.0
742.7
0.0
750.21
0.0
749.8700000000001
0.0
743.97
0.0
749.28
0.0
746.78
0.0
758.99
0.0
748.26
0.0
755.26
0.0
751.4
0.0
754.0999999999999
0.0
738.38
0.0
758.77
0.0
753.91
0.0
913.2200000000001
0.0
774.2099999999999
0.0
768.8699999999999
0.0
748.0
0.0
757.0899999999999
0.0
759.48
0.0
744.76
0.0
730.04
0.0
757.3100000000001
0.0
743.6400000000001
0.0
714.0699999999999
0.0
711.57
0.0
655.31
0.0
516.87
0.0
0.0
0.0
0.0
0.0
0.0
0.0
0.0
0.0
0.0
0.0
0.0
0.0
0.0
0.0
0.0
0.0
0.0
0.0
0.0
0.0
0.0
0.0
0.0
0.0
0.0
0.0
0.0
0.0
0.0
0.0
0.0
0.0
0.0
0.0
0.0
0.0
0.0
0.0
0.0
0.0
0.0
0.0
0.0
0.0
0.0
0.0
0.0
0.0
0.0
0.0
0.0
0.0
0.0
0.0
0.0
0.0
0.0
0.0
0.0
0.0
0.0
0.0
0.0
0.0
0.0
0.0
0.0
0.0
0.0
0.0
0.0
0.0
0.0
0.0
0.0
0.0
0.0
0.0
0.0
0.0
0.0
0.0
0.0
0.0
0.0
0.0
0.0
0.0
0.0
0.0
0.0
0.0
0.0
0.0
0.0
0.0
0.0
0.0
0.0
0.0
0.0
0.0
0.0
0.0
0.0
0.0
0.0
0.0
0.0
0.0
0.0
0.0
0.0
0.0
0.0
0.0
0.0
0.0
0.0
0.0
0.0
0.0
0.0
0.0
0.0
0.0
0.0
0.0
0.0
0.0
0.0
0.0
0.0
0.0
0.0
0.0
0.0
0.0
0.0
0.0
0.0
0.0
0.0
0.0
0.0
0.0
0.0
0.0
0.0
0.0
0.0
0.0
0.0
0.0
0.0
0.0
0.0
0.0
0.0
0.0
0.0
0.0
0.0
0.0
0.0
0.0
0.0
0.0
0.0
0.0
0.0
0.0
0.0
0.0
0.0
0.0
0.0
0.0
0.0
0.0
0.0
0.0
0.0
0.0
0.0
0.0
0.0
0.0
0.0
0.0
0.0
0.0
0.0
0.0
0.0
0.0
0.0
0.0
0.0
0.0
0.0
0.0
0.0
0.0
0.0
0.0
0.0
0.0
0.0
0.0
0.0
0.0
0.0
0.0
0.0
0.0
0.0
0.0
0.0
0.0
0.0
0.0
0.0
0.0
0.0
0.0
0.0
0.0
0.0
0.0
0.0
0.0
0.0
0.0
0.0
0.0
0.0
0.0
0.0
0.0
0.0
0.0
0.0
0.0
0.0
0.0
0.0
0.0
0.0
0.0
0.0
0.0
0.0
0.0
0.0
0.0
0.0
0.0
0.0
0.0
0.0
0.0
0.0
0.0
0.0
0.0
0.0
0.0
0.0
0.0
0.0
0.0
0.0
0.0
0.0
0.0
0.0
0.0
0.0
0.0
0.0
0.0
0.0
0.0
0.0
0.0
0.0
0.0
0.0
0.0
0.0
0.0
0.0
0.0
0.0
0.0
0.0
0.0
0.0
0.0
0.0
0.0
0.0
0.0
0.0
0.0
0.0
0.0
0.0
0.0
0.0
0.0
0.0
0.0
0.0
0.0
0.0
0.0
0.0
0.0
0.0
0.0
0.0
0.0
0.0
0.0
0.0
0.0
0.0
0.0
0.0
0.0
0.0
0.0
0.0
0.0
0.0
0.0
0.0
0.0
0.0
0.0
0.0
0.0
0.0
0.0
0.0
0.0
0.0
0.0
0.0
0.0
0.0
0.0
0.0
0.0
0.0
0.0
0.0
0.0
0.0
0.0
0.0
0.0
0.0
0.0
0.0
0.0
0.0
0.0
0.0
0.0
0.0
0.0
0.0
0.0
0.0
0.0
0.0
0.0
0.0
0.0
0.0
0.0
0.0
0.0
0.0
0.0
0.0
0.0
0.0
0.0
0.0
0.0
0.0
0.0
0.0
0.0
0.0
0.0
0.0
0.0
0.0
0.0
0.0
0.0
0.0
0.0
0.0
0.0
0.0
0.0
0.0
0.0
0.0
0.0
0.0
0.0
0.0
0.0
0.0
0.0
0.0
0.0
0.0
0.0
0.0
0.0
0.0
0.0
0.0
0.0
0.0
