166.33
169.58
165.87
2523.03
2501.89
2502.38
2491.47
2492.08
2481.75
2493.47
2491.94
2486.89
2492.18
2488.5
2477.0
2474.31
2489.4
2476.41
2469.64
2480.91
2466.6
2469.52
2469.74
2482.44
2473.6
2459.95
2469.06
2477.65
2474.0
2462.09
2470.73
2472.23
2472.24
2461.68
2463.35
2463.56
2470.61
2467.13
2478.98
2457.3
2458.39
2467.62
2473.68
2456.65
2462.98
2461.78
2461.21
2459.48
2453.74
2473.14
2465.37
2475.71
2458.32
2454.82
2459.26
2461.63
2466.28
2454.59
2464.09
2451.98
2460.65
2464.3
2458.46
2459.62
2450.91
2464.93
2460.24
2453.31
2450.05
2463.34
2447.67
2453.94
2456.74
2454.77
2468.13
2457.7
2327.27
2323.48
2322.69
2324.19
2328.41
2320.31
2317.33
2320.02
2314.17
2318.69
2322.62
2312.64
2321.6
2322.02
2317.35
2316.2
2324.54
2310.93
2314.29
2318.2
2322.82
2320.97
2311.12
2316.17
2317.64
2309.92
2321.18
2304.35
2314.07
2313.8
2313.18
2318.15
2316.46
2319.04
2322.66
2310.25
2319.96
2315.88
2326.59
2314.93
2323.22
2325.05
2321.92
2319.36
2318.97
2315.05
2321.79
2315.82
2308.05
2325.34
2308.32
2320.67
2321.94
2317.41
2317.46
2319.68
2313.45
2313.7
2316.81
2312.22
2314.1
2314.27
2316.08
2316.93
2317.29
2309.86
2315.85
2317.9
2326.28
2312.36
2312.69
2313.07
2313.87
2310.73
2313.08
2314.24
2322.22
2317.98
2322.92
2315.68
2317.08
2302.28
2301.09
2315.8
2313.55
2321.66
2315.41
2305.56
2314.09
2309.21
2316.24
2311.06
2314.84
2316.95
2325.54
2369.37
2347.59
102.62
102.91
102.63
102.73
102.84
102.69
102.81
102.79
102.84
102.63
102.57
102.38
102.66
102.63
102.68
102.46
102.56
102.61
102.36
102.06
102.84
102.38
102.22
102.3
102.41
0.0
0.0
0.0
0.0
0.0
0.0
0.0
0.0
0.0
0.0
0.0
0.0
0.0
0.0
0.0
0.0
0.0
0.0
0.0
0.0
0.0
0.0
0.0
0.0
0.0
0.0
0.0
0.0
0.0
0.0
0.0
0.0
0.0
0.0
0.0
0.0
0.0
0.0
0.0
0.0
0.0
0.0
0.0
0.0
0.0
0.0
0.0
0.0
0.0
0.0
0.0
0.0
0.0
0.0
0.0
0.0
0.0
0.0
0.0
0.0
0.0
0.0
0.0
0.0
0.0
0.0
0.0
0.0
0.0
0.0
0.0
0.0
0.0
0.0
0.0
0.0
0.0
0.0
0.0
0.0
0.0
0.0
0.0
0.0
0.0
0.0
0.0
0.0
0.0
0.0
0.0
0.0
0.0
0.0
0.0
0.0
0.0
0.0
0.0
0.0
0.0
0.0
0.0
0.0
0.0
0.0
0.0
0.0
0.0
0.0
0.0
0.0
0.0
0.0
0.0
0.0
0.0
0.0
0.0
0.0
0.0
0.0
0.0
0.0
0.0
0.0
0.0
0.0
0.0
0.0
0.0
0.0
0.0
0.0
0.0
0.0
0.0
0.0
0.0
0.0
0.0
0.0
0.0
0.0
0.0
0.0
0.0
0.0
0.0
0.0
0.0
0.0
0.0
0.0
0.0
0.0
0.0
0.0
0.0
0.0
0.0
0.0
0.0
0.0
0.0
0.0
0.0
0.0
0.0
0.0
0.0
0.0
0.0
0.0
0.0
0.0
0.0
0.0
0.0
0.0
0.0
0.0
0.0
0.0
0.0
0.0
0.0
0.0
0.0
0.0
0.0
0.0
0.0
0.0
0.0
0.0
0.0
0.0
0.0
0.0
0.0
0.0
0.0
0.0
0.0
0.0
0.0
0.0
0.0
0.0
0.0
0.0
0.0
0.0
0.0
0.0
0.0
0.0
0.0
0.0
0.0
0.0
0.0
0.0
0.0
0.0
0.0
0.0
0.0
0.0
0.0
0.0
0.0
0.0
0.0
0.0
0.0
0.0
0.0
0.0
0.0
0.0
0.0
0.0
0.0
0.0
0.0
0.0
0.0
0.0
0.0
0.0
0.0
0.0
0.0
0.0
0.0
0.0
0.0
0.0
0.0
0.0
0.0
0.0
0.0
0.0
0.0
0.0
0.0
0.0
0.0
0.0
0.0
0.0
0.0
0.0
0.0
0.0
0.0
0.0
0.0
0.0
0.0
0.0
0.0
0.0
0.0
0.0
0.0
0.0
0.0
0.0
0.0
0.0
0.0
0.0
0.0
0.0
0.0
0.0
0.0
0.0
0.0
0.0
0.0
0.0
0.0
0.0
0.0
0.0
0.0
0.0
0.0
0.0
0.0
0.0
0.0
0.0
0.0
0.0
0.0
0.0
0.0
0.0
0.0
0.0
0.0
0.0
0.0
0.0
0.0
0.0
0.0
0.0
0.0
0.0
0.0
0.0
0.0
0.0
0.0
0.0
0.0
0.0
0.0
0.0
0.0
0.0
0.0
0.0
0.0
0.0
0.0
0.0
0.0
0.0
0.0
0.0
0.0
0.0
0.0
0.0
0.0
0.0
0.0
0.0
0.0
0.0
0.0
0.0
0.0
0.0
0.0
0.0
0.0
0.0
0.0
0.0
0.0
0.0
0.0
0.0
0.0
0.0
0.0
0.0
0.0
0.0
0.0
0.0
0.0
0.0
0.0
0.0
0.0
0.0
0.0
0.0
0.0
0.0
0.0
0.0
0.0
0.0
0.0
0.0
0.0
0.0
0.0
0.0
0.0
0.0
0.0
0.0
0.0
0.0
0.0
0.0
0.0
0.0
0.0
0.0
0.0
0.0
0.0
0.0
0.0
0.0
0.0
0.0
0.0
0.0
0.0
0.0
0.0
0.0
0.0
0.0
0.0
0.0
0.0
0.0
0.0
0.0
0.0
0.0
0.0
0.0
0.0
0.0
0.0
0.0
0.0
0.0
0.0
0.0
0.0
0.0
0.0
0.0
0.0
0.0
0.0
0.0
0.0
0.0
0.0
0.0
0.0
0.0
0.0
0.0
0.0
0.0
0.0
0.0
0.0
0.0
0.0
0.0
0.0
0.0
0.0
0.0
0.0
0.0
0.0
0.0
0.0
0.0
0.0
0.0
0.0
0.0
0.0
0.0
0.0
0.0
0.0
0.0
0.0
0.0
