166.25
202.03
166.31
2738.35
2711.08
2711.08
2703.77
2704.21
2704.39
2694.87
2696.91
2706.75
2694.57
2708.14
2685.35
2695.55
2697.81
2677.54
2687.12
2683.56
2676.01
2681.88
2682.16
2682.54
2680.49
2687.03
2665.87
2693.84
2674.21
2669.5
2682.01
2686.25
2684.27
2677.65
2678.21
2672.36
2665.3
2681.26
2680.15
2678.94
2672.96
2671.32
2678.57
2667.49
2680.2
2656.82
2682.0
2679.34
2675.41
2676.78
2668.1
2668.09
2673.78
2668.15
2661.52
2673.61
2657.06
2681.48
2676.26
2673.17
2673.78
2669.15
2675.5
2667.41
2669.2
2663.88
2664.41
2669.67
2670.12
2667.94
2671.37
2668.43
2806.56
2909.49
3097.63
2591.35
2643.35
2662.0
2620.27
2590.92
2592.18
2555.98
2554.12
2542.65
2526.11
2525.52
2517.8
2519.94
2542.21
2522.4
2513.94
2520.2
2513.19
2523.97
2517.41
2522.4
2527.76
2526.33
2524.14
2530.44
2520.68
2532.46
2527.5
2515.72
2519.5
2541.63
2522.16
2513.77
2511.58
2520.1
2514.65
2512.92
2516.99
2515.51
2517.32
2509.63
2517.96
2527.76
2533.36
2527.63
2525.21
2521.23
2527.55
2521.89
2517.3
2503.17
2508.54
2510.77
2514.6
2508.17
2511.88
2516.07
2522.71
2503.53
2515.43
2522.51
2520.69
2511.1
2515.65
2512.58
2510.86
2505.43
2505.3
2512.48
2502.84
2511.45
2514.5
2511.71
2519.32
2520.83
2511.93
2518.43
2512.51
2517.65
2517.02
2515.56
2522.04
2508.03
2512.69
2523.97
2502.52
2510.34
2509.57
2517.02
2512.63
2519.1
2512.09
2498.49
2520.47
2514.09
2520.99
2571.14
802.67
102.65
102.54
102.49
102.44
102.55
102.7
102.64
102.46
102.6
102.48
102.59
102.25
102.47
102.62
102.63
102.46
102.38
102.34
102.31
102.63
102.52
102.39
102.56
102.3
101.99
102.41
102.38
102.45
102.28
102.44
102.29
102.39
102.47
102.62
102.09
102.44
102.22
102.6
102.28
102.52
102.34
102.23
102.38
102.03
102.34
102.14
102.07
102.33
101.99
102.31
102.07
102.22
102.19
102.28
102.11
102.4
102.28
0.0
0.0
0.0
0.0
0.0
0.0
0.0
0.0
0.0
0.0
0.0
0.0
0.0
0.0
0.0
0.0
0.0
0.0
0.0
0.0
0.0
0.0
0.0
0.0
0.0
0.0
0.0
0.0
0.0
0.0
0.0
0.0
0.0
0.0
0.0
0.0
0.0
0.0
0.0
0.0
0.0
0.0
0.0
0.0
0.0
0.0
0.0
0.0
0.0
0.0
0.0
0.0
0.0
0.0
0.0
0.0
0.0
0.0
0.0
0.0
0.0
0.0
0.0
0.0
0.0
0.0
0.0
0.0
0.0
0.0
0.0
0.0
0.0
0.0
0.0
0.0
0.0
0.0
0.0
0.0
0.0
0.0
0.0
0.0
0.0
0.0
0.0
0.0
0.0
0.0
0.0
0.0
0.0
0.0
0.0
0.0
0.0
0.0
0.0
0.0
0.0
0.0
0.0
0.0
0.0
0.0
0.0
0.0
0.0
0.0
0.0
0.0
0.0
0.0
0.0
0.0
0.0
0.0
0.0
0.0
0.0
0.0
0.0
0.0
0.0
0.0
0.0
0.0
0.0
0.0
0.0
0.0
0.0
0.0
0.0
0.0
0.0
0.0
0.0
0.0
0.0
0.0
0.0
0.0
0.0
0.0
0.0
0.0
0.0
0.0
0.0
0.0
0.0
0.0
0.0
0.0
0.0
0.0
0.0
0.0
0.0
0.0
0.0
0.0
0.0
0.0
0.0
0.0
0.0
0.0
0.0
0.0
0.0
0.0
0.0
0.0
0.0
0.0
0.0
0.0
0.0
0.0
0.0
0.0
0.0
0.0
0.0
0.0
0.0
0.0
0.0
0.0
0.0
0.0
0.0
0.0
0.0
0.0
0.0
0.0
0.0
0.0
0.0
0.0
0.0
0.0
0.0
0.0
0.0
0.0
0.0
0.0
0.0
0.0
0.0
0.0
0.0
0.0
0.0
0.0
0.0
0.0
0.0
0.0
0.0
0.0
0.0
0.0
0.0
0.0
0.0
0.0
0.0
0.0
0.0
0.0
0.0
0.0
0.0
0.0
0.0
0.0
0.0
0.0
0.0
0.0
0.0
0.0
0.0
0.0
0.0
0.0
0.0
0.0
0.0
0.0
0.0
0.0
0.0
0.0
0.0
0.0
0.0
0.0
0.0
0.0
0.0
0.0
0.0
0.0
0.0
0.0
0.0
0.0
0.0
0.0
0.0
0.0
0.0
0.0
0.0
0.0
0.0
0.0
0.0
0.0
0.0
0.0
0.0
0.0
0.0
0.0
0.0
0.0
0.0
0.0
0.0
0.0
0.0
0.0
0.0
0.0
0.0
0.0
0.0
0.0
0.0
0.0
0.0
0.0
0.0
0.0
0.0
0.0
0.0
0.0
0.0
0.0
0.0
0.0
0.0
0.0
0.0
0.0
0.0
0.0
0.0
0.0
0.0
0.0
0.0
0.0
0.0
0.0
0.0
0.0
0.0
0.0
0.0
0.0
0.0
0.0
0.0
0.0
0.0
0.0
0.0
0.0
0.0
0.0
0.0
0.0
0.0
0.0
0.0
0.0
0.0
0.0
0.0
0.0
0.0
0.0
0.0
0.0
0.0
0.0
0.0
0.0
0.0
0.0
0.0
0.0
0.0
0.0
0.0
0.0
0.0
0.0
0.0
0.0
0.0
0.0
0.0
0.0
0.0
0.0
0.0
0.0
0.0
0.0
0.0
0.0
0.0
0.0
0.0
0.0
0.0
0.0
0.0
0.0
0.0
0.0
0.0
0.0
0.0
0.0
0.0
0.0
0.0
0.0
0.0
0.0
0.0
0.0
0.0
0.0
0.0
0.0
0.0
0.0
0.0
0.0
0.0
0.0
0.0
0.0
0.0
0.0
0.0
0.0
0.0
0.0
0.0
0.0
0.0
0.0
0.0
0.0
0.0
0.0
0.0
0.0
0.0
0.0
0.0
0.0
0.0
0.0
0.0
0.0
0.0
0.0
0.0
0.0
0.0
0.0
0.0
0.0
0.0
0.0
0.0
0.0
0.0
0.0
0.0
0.0
0.0
0.0
0.0
0.0
