157.92
168.15
158.41
1222.75
1223.91
1222.13
1220.63
1218.45
1234.67
1217.93
1217.7
1213.74
1212.22
1216.52
1208.78
1212.6
1208.0
1211.17
1207.0
1209.13
1203.81
1204.3
1203.78
1204.42
1203.83
1204.55
1202.15
1200.52
1198.91
1204.5
1196.21
1196.48
1200.41
1198.78
1197.49
1194.89
1194.38
1194.68
1198.18
1190.67
1193.88
1192.79
1192.93
1191.91
1197.28
1188.35
1196.7
1191.84
1191.91
1191.13
1190.51
1189.33
1191.61
1193.22
1189.62
1191.83
1191.69
1189.46
1185.64
1196.51
1191.38
1186.92
1187.1
1188.97
1188.42
1182.97
1186.42
1183.69
1182.84
1181.59
1218.44
1212.02
1214.1
1219.51
1217.35
1212.21
1208.23
1211.5
1210.25
1213.63
1209.45
1204.8
1211.13
1209.35
1205.33
1205.5
1202.09
1205.37
1207.46
1200.31
1204.29
1204.01
1203.0
1199.7
1200.15
1196.16
1202.86
1202.61
1198.04
1197.53
1197.49
1202.63
1193.89
1191.79
1190.23
1189.55
1190.52
1191.13
1193.46
1190.6
1183.64
1128.02
1126.83
1130.06
1127.52
1121.24
1128.32
1131.51
1125.42
1126.68
1130.05
1127.92
1122.16
1132.58
1123.89
1123.28
1125.62
1122.61
1120.58
1120.19
1126.72
1126.33
1127.4
1121.62
1125.03
1121.66
1124.74
1125.99
1122.58
1122.8
1121.98
1121.06
1122.08
1128.05
1127.31
1122.85
1120.42
1123.56
1123.16
1122.34
1129.63
1120.75
1121.84
1121.71
1132.43
1122.24
1120.12
1122.58
1120.83
1123.08
1123.48
1126.48
1123.01
1119.29
1125.05
1117.86
1125.02
1130.79
1125.22
1119.81
1119.05
1121.51
1119.78
1117.73
1122.63
1121.54
1124.26
1122.98
1120.86
1121.94
1114.9
1120.19
1121.2
1121.39
1115.45
1115.02
1123.69
1119.4
1124.35
1114.69
1113.41
1107.23
1121.0
1117.34
1123.09
1121.54
1120.72
1112.97
1115.82
1127.62
1124.65
1121.91
1115.91
1117.56
1118.78
1120.71
416.43
105.38
105.25
105.41
105.6
105.48
105.18
105.11
105.39
106.04
105.74
105.4
105.41
105.29
105.34
105.29
105.67
105.43
105.43
105.49
105.78
105.43
105.53
105.36
104.95
105.16
105.49
105.67
105.57
105.44
105.31
105.31
105.46
106.07
105.3
105.44
105.3
105.35
105.51
105.26
105.36
105.35
105.15
105.06
105.13
105.45
105.16
105.36
105.2
105.34
104.9
105.2
105.79
105.35
104.99
105.21
105.14
105.44
104.79
105.12
105.15
105.23
105.07
105.13
105.04
105.32
104.93
105.15
104.9
104.91
105.3
105.47
105.18
105.03
105.59
105.43
105.04
105.24
105.12
105.36
105.31
105.23
105.13
105.63
105.12
105.9
0.0
0.0
0.0
0.0
0.0
0.0
0.0
0.0
0.0
0.0
0.0
0.0
0.0
0.0
0.0
0.0
0.0
0.0
0.0
0.0
0.0
0.0
0.0
0.0
0.0
0.0
0.0
0.0
0.0
0.0
0.0
0.0
0.0
0.0
0.0
0.0
0.0
0.0
0.0
0.0
0.0
0.0
0.0
0.0
0.0
0.0
0.0
0.0
0.0
0.0
0.0
0.0
0.0
0.0
0.0
0.0
0.0
0.0
0.0
0.0
0.0
0.0
0.0
0.0
0.0
0.0
0.0
0.0
0.0
0.0
0.0
0.0
0.0
0.0
0.0
0.0
0.0
0.0
0.0
0.0
0.0
0.0
0.0
0.0
0.0
0.0
0.0
0.0
0.0
0.0
0.0
0.0
0.0
0.0
0.0
0.0
0.0
0.0
0.0
0.0
0.0
0.0
0.0
0.0
0.0
0.0
0.0
0.0
0.0
0.0
0.0
0.0
0.0
0.0
0.0
0.0
0.0
0.0
0.0
0.0
0.0
0.0
0.0
0.0
0.0
0.0
0.0
0.0
0.0
0.0
0.0
0.0
0.0
0.0
0.0
0.0
0.0
0.0
0.0
0.0
0.0
0.0
0.0
0.0
0.0
0.0
0.0
0.0
0.0
0.0
0.0
0.0
0.0
0.0
0.0
0.0
0.0
0.0
0.0
0.0
0.0
0.0
0.0
0.0
0.0
0.0
0.0
0.0
0.0
0.0
0.0
0.0
0.0
0.0
0.0
0.0
0.0
0.0
0.0
0.0
0.0
0.0
0.0
0.0
0.0
0.0
0.0
0.0
0.0
0.0
0.0
0.0
0.0
0.0
0.0
0.0
0.0
0.0
0.0
0.0
0.0
0.0
0.0
0.0
0.0
0.0
0.0
0.0
0.0
0.0
0.0
0.0
0.0
0.0
0.0
0.0
0.0
0.0
0.0
0.0
0.0
0.0
0.0
0.0
0.0
0.0
0.0
0.0
0.0
0.0
0.0
0.0
0.0
0.0
0.0
0.0
0.0
0.0
0.0
0.0
0.0
0.0
0.0
0.0
0.0
0.0
0.0
0.0
0.0
0.0
0.0
0.0
0.0
0.0
0.0
0.0
0.0
0.0
0.0
0.0
0.0
0.0
0.0
0.0
0.0
0.0
0.0
0.0
0.0
0.0
0.0
0.0
0.0
0.0
0.0
0.0
0.0
0.0
0.0
0.0
0.0
0.0
0.0
0.0
0.0
0.0
0.0
0.0
0.0
0.0
0.0
0.0
0.0
0.0
0.0
0.0
0.0
0.0
0.0
0.0
0.0
0.0
0.0
0.0
0.0
0.0
0.0
0.0
0.0
0.0
0.0
0.0
0.0
0.0
0.0
0.0
0.0
0.0
0.0
0.0
0.0
0.0
0.0
0.0
0.0
0.0
0.0
0.0
0.0
0.0
0.0
0.0
0.0
0.0
0.0
0.0
0.0
0.0
0.0
0.0
0.0
0.0
0.0
0.0
0.0
0.0
0.0
0.0
0.0
0.0
0.0
0.0
0.0
0.0
0.0
0.0
0.0
0.0
0.0
0.0
0.0
0.0
0.0
0.0
0.0
0.0
0.0
0.0
0.0
0.0
0.0
0.0
0.0
0.0
0.0
0.0
0.0
0.0
0.0
0.0
0.0
0.0
0.0
0.0
0.0
0.0
0.0
0.0
0.0
0.0
0.0
0.0
0.0
0.0
0.0
0.0
0.0
0.0
0.0
0.0
0.0
0.0
0.0
0.0
0.0
0.0
0.0
0.0
