173.7
166.06
195.64
2257.19
2290.2
2297.45
2282.27
2283.68
2288.9
2272.58
2268.33
2276.73
2278.33
2268.19
2274.29
2279.45
2281.09
2281.22
2268.16
2267.34
2269.19
2261.44
2270.41
2264.86
2261.98
2259.69
2270.54
2267.61
2254.9
2259.18
2266.26
2255.3
2256.07
2258.41
2257.02
2255.76
2260.73
2248.22
2262.32
2257.23
2252.84
2245.47
2245.2
2254.54
2254.25
2258.86
2251.24
2258.09
2258.26
2245.31
2260.23
2250.04
2250.49
2253.32
2238.03
2259.8
2255.87
2248.35
2246.14
2246.56
2248.41
2248.71
2251.81
2258.79
2249.11
2241.73
2256.22
2250.96
2255.6
2247.72
2250.03
2254.64
2247.72
2244.11
2248.04
2247.61
2123.41
2127.19
2109.66
2117.8
2116.24
2120.34
2121.65
2122.6
2119.34
2122.73
2118.28
2121.3
2115.43
2113.78
2126.86
2113.76
2117.82
2118.46
2119.35
2119.68
2118.36
2114.21
2118.46
2125.52
2120.85
2124.15
2115.25
2117.5
2132.39
2117.73
2124.64
2124.89
2117.18
2119.36
2107.16
2116.42
2115.4
2119.29
2125.58
2126.23
2110.55
2112.94
2114.02
2115.85
2111.16
2114.46
2119.03
2112.12
2115.02
2112.12
2118.23
2116.58
2119.72
2113.63
2120.97
2115.25
2127.57
2113.27
2113.77
2109.2
2115.32
2120.16
2113.29
2118.34
2123.25
2115.6
2109.9
2117.18
2112.1
2113.56
2115.59
2120.79
2120.2
2117.39
2122.71
2119.21
2117.89
2121.85
2124.1
2131.05
2116.14
2120.24
2131.28
2119.38
2110.18
2114.5
2117.88
2112.1
2115.38
2107.91
2117.56
2107.65
2115.34
2116.1
2117.47
2166.12
2158.87
108.98
102.93
102.73
102.97
102.83
102.97
102.79
103.18
102.91
102.75
102.56
102.72
102.78
102.81
102.75
102.54
102.8
103.05
102.95
102.73
102.42
102.9
102.8
102.73
102.55
102.69
102.74
102.56
102.71
102.73
102.65
102.76
102.64
102.88
0.0
0.0
0.0
0.0
0.0
0.0
0.0
0.0
0.0
0.0
0.0
0.0
0.0
0.0
0.0
0.0
0.0
0.0
0.0
0.0
0.0
0.0
0.0
0.0
0.0
0.0
0.0
0.0
0.0
0.0
0.0
0.0
0.0
0.0
0.0
0.0
0.0
0.0
0.0
0.0
0.0
0.0
0.0
0.0
0.0
0.0
0.0
0.0
0.0
0.0
0.0
0.0
0.0
0.0
0.0
0.0
0.0
0.0
0.0
0.0
0.0
0.0
0.0
0.0
0.0
0.0
0.0
0.0
0.0
0.0
0.0
0.0
0.0
0.0
0.0
0.0
0.0
0.0
0.0
0.0
0.0
0.0
0.0
0.0
0.0
0.0
0.0
0.0
0.0
0.0
0.0
0.0
0.0
0.0
0.0
0.0
0.0
0.0
0.0
0.0
0.0
0.0
0.0
0.0
0.0
0.0
0.0
0.0
0.0
0.0
0.0
0.0
0.0
0.0
0.0
0.0
0.0
0.0
0.0
0.0
0.0
0.0
0.0
0.0
0.0
0.0
0.0
0.0
0.0
0.0
0.0
0.0
0.0
0.0
0.0
0.0
0.0
0.0
0.0
0.0
0.0
0.0
0.0
0.0
0.0
0.0
0.0
0.0
0.0
0.0
0.0
0.0
0.0
0.0
0.0
0.0
0.0
0.0
0.0
0.0
0.0
0.0
0.0
0.0
0.0
0.0
0.0
0.0
0.0
0.0
0.0
0.0
0.0
0.0
0.0
0.0
0.0
0.0
0.0
0.0
0.0
0.0
0.0
0.0
0.0
0.0
0.0
0.0
0.0
0.0
0.0
0.0
0.0
0.0
0.0
0.0
0.0
0.0
0.0
0.0
0.0
0.0
0.0
0.0
0.0
0.0
0.0
0.0
0.0
0.0
0.0
0.0
0.0
0.0
0.0
0.0
0.0
0.0
0.0
0.0
0.0
0.0
0.0
0.0
0.0
0.0
0.0
0.0
0.0
0.0
0.0
0.0
0.0
0.0
0.0
0.0
0.0
0.0
0.0
0.0
0.0
0.0
0.0
0.0
0.0
0.0
0.0
0.0
0.0
0.0
0.0
0.0
0.0
0.0
0.0
0.0
0.0
0.0
0.0
0.0
0.0
0.0
0.0
0.0
0.0
0.0
0.0
0.0
0.0
0.0
0.0
0.0
0.0
0.0
0.0
0.0
0.0
0.0
0.0
0.0
0.0
0.0
0.0
0.0
0.0
0.0
0.0
0.0
0.0
0.0
0.0
0.0
0.0
0.0
0.0
0.0
0.0
0.0
0.0
0.0
0.0
0.0
0.0
0.0
0.0
0.0
0.0
0.0
0.0
0.0
0.0
0.0
0.0
0.0
0.0
0.0
0.0
0.0
0.0
0.0
0.0
0.0
0.0
0.0
0.0
0.0
0.0
0.0
0.0
0.0
0.0
0.0
0.0
0.0
0.0
0.0
0.0
0.0
0.0
0.0
0.0
0.0
0.0
0.0
0.0
0.0
0.0
0.0
0.0
0.0
0.0
0.0
0.0
0.0
0.0
0.0
0.0
0.0
0.0
0.0
0.0
0.0
0.0
0.0
0.0
0.0
0.0
0.0
0.0
0.0
0.0
0.0
0.0
0.0
0.0
0.0
0.0
0.0
0.0
0.0
0.0
0.0
0.0
0.0
0.0
0.0
0.0
0.0
0.0
0.0
0.0
0.0
0.0
0.0
0.0
0.0
0.0
0.0
0.0
0.0
0.0
0.0
0.0
0.0
0.0
0.0
0.0
0.0
0.0
0.0
0.0
0.0
0.0
0.0
0.0
0.0
0.0
0.0
0.0
0.0
0.0
0.0
0.0
0.0
0.0
0.0
0.0
0.0
0.0
0.0
0.0
0.0
0.0
0.0
0.0
0.0
0.0
0.0
0.0
0.0
0.0
0.0
0.0
0.0
0.0
0.0
0.0
0.0
0.0
0.0
0.0
0.0
0.0
0.0
0.0
0.0
0.0
0.0
0.0
0.0
0.0
0.0
0.0
0.0
0.0
0.0
0.0
0.0
0.0
0.0
0.0
0.0
0.0
0.0
0.0
0.0
0.0
0.0
0.0
0.0
0.0
0.0
0.0
0.0
0.0
0.0
0.0
0.0
0.0
0.0
0.0
0.0
0.0
