1036.8
985.6
627.2
646.4
787.2
672.0
678.4
742.4
710.4
448.00000000000006
460.80000000000007
518.4
569.6
524.8
428.8
460.80000000000007
518.4
640.0
454.4
3084.8
3084.8
3283.2000000000003
3123.2
3078.4
3110.4
3187.2
3084.8
3072.0
3072.0
3110.4
3193.6
3078.4
3097.6
3052.8
3238.4
3072.0
3084.8
3104.0
3136.0
3110.4
3078.4
3072.0
3097.6
3206.4
3072.0
3084.8
3104.0
3155.2
3078.4
3097.6
3065.6
3033.6
3155.2
3040.0
3091.2
3110.4
3212.8
3155.2
3065.6
3072.0
3052.8
3097.6
3059.2
3084.8
3046.4
3052.8
3091.2
3072.0
3116.8
3148.8
3052.8
3084.8
3078.4
3097.6
3187.2
3084.8
3040.0
3097.6
3084.8
3110.4
3078.4
3078.4
3161.6
3084.8
3046.4
3052.8
3110.4
3104.0
3084.8
3072.0
3104.0
3129.6
3072.0
3040.0
3046.4
3059.2
3072.0
3078.4
3097.6
3142.4
3353.6000000000004
3283.2000000000003
3264.0
3392.0
3366.4
3136.0
3123.2
2956.8
2995.2
3040.0
2982.4
3046.4
3072.0
3059.2
3302.4
3033.6
3161.6
3046.4
3020.8
3148.8
3123.2
3065.6
3200.0
3040.0
3168.0
3033.6
3091.2
3257.6
3033.6
3046.4
3020.8
3046.4
3059.2
3052.8
3020.8
3091.2
3020.8
3129.6
3014.4
3046.4
3232.0
3072.0
3052.8
3052.8
3072.0
3161.6
3046.4
3020.8
3027.2
3027.2
3097.6
3072.0
3040.0
3008.0
3052.8
3110.4
3059.2
3059.2
3052.8
3046.4
3116.8
3040.0
3020.8
3155.2
3027.2
3052.8
3059.2
3091.2
3123.2
3040.0
3027.2
3040.0
3097.6
3020.8
3033.6
3046.4
3116.8
3033.6
3033.6
3059.2
3027.2
3200.0
3078.4
3219.2
3104.0
2988.8
2995.2
3008.0
2988.8
3097.6
3001.6
3123.2
3020.8
3040.0
3001.6
3072.0
3046.4
3033.6
3065.6
2982.4
3142.4
3040.0
3014.4
3001.6
3123.2
3033.6
3027.2
3078.4
3020.8
3257.6
3020.8
3040.0
3059.2
3104.0
3110.4
3008.0
3014.4
3008.0
3091.2
3040.0
3040.0
2988.8
3040.0
3072.0
3046.4
3046.4
2963.2
3097.6
2982.4
2976.0
3040.0
3065.6
2982.4
2969.6
3059.2
2982.4
3091.2
2912.0
3014.4
2931.2
2963.2
2963.2
2982.4
2956.8
3008.0
3059.2
2950.4
2982.4
3027.2
2982.4
2905.6
2944.0
2950.4
2918.4
3020.8
2918.4
2924.8
2976.0
2995.2
2886.4
2950.4
2867.2
2937.6
3027.2
2969.6
3040.0
2995.2
2931.2
3033.6
2899.2
2899.2
2892.8
2905.6
2995.2
2950.4
2918.4
2944.0
3052.8
2873.6
2905.6
2912.0
2918.4
2976.0
2899.2
2867.2
2963.2
2963.2
2892.8
2912.0
2892.8
2950.4
2969.6
2905.6
2892.8
2886.4
2905.6
2899.2
2899.2
2892.8
2918.4
2976.0
2880.0
2886.4
2892.8
2988.8
2912.0
2867.2
2905.6
2905.6
2969.6
2931.2
2899.2
2931.2
2924.8
2892.8
2905.6
2944.0
2963.2
2937.6
2880.0
2912.0
2924.8
2995.2
2867.2
2937.6
2880.0
2982.4
3065.6
2873.6
2873.6
2905.6
3033.6
3040.0
2905.6
2867.2
2905.6
2995.2
2905.6
2835.2
2886.4
2956.8
2963.2
2937.6
2886.4
2860.8
2912.0
2924.8
2892.8
2905.6
2886.4
2835.2
2860.8
2892.8
2848.0
2873.6
2918.4
2841.6
2822.4
2886.4
2848.0
2912.0
2822.4
2854.4
2835.2
2931.2
2809.6
2822.4
2796.8
2867.2
2956.8
2828.8
2848.0
2912.0
2835.2
2867.2
2854.4
2848.0
2841.6
2899.2
2899.2
2848.0
2848.0
2860.8
2854.4
2803.2
2848.0
2828.8
2867.2
2886.4
2841.6
2828.8
2854.4
2880.0
2848.0
2822.4
2841.6
2905.6
2880.0
2835.2
2841.6
2796.8
2956.8
2867.2
2809.6
2873.6
2867.2
2918.4
2867.2
2860.8
2835.2
2944.0
2854.4
2835.2
2835.2
2860.8
2944.0
2860.8
2848.0
2848.0
2809.6
2828.8
2854.4
2828.8
2892.8
3020.8
2950.4
377.6
428.8
544.0
345.6
339.2
358.4
358.4
518.4
371.2
358.4
364.8
364.8
396.8
352.0
403.2
345.6
409.6
371.2
352.0
345.6
352.0
358.4
352.0
371.2
358.4
390.4
384.0
358.4
377.6
339.2
371.2
339.2
345.6
339.2
448.00000000000006
352.0
345.6
364.8
339.2
467.2
371.2
326.4
345.6
403.2
339.2
345.6
352.0
339.2
428.8
345.6
352.0
352.0
352.0
358.4
313.6
339.2
332.8
403.2
358.4
358.4
339.2
339.2
358.4
326.4
345.6
345.6
486.4
339.2
339.2
339.2
332.8
0.0
0.0
0.0
0.0
0.0
0.0
0.0
0.0
0.0
0.0
0.0
0.0
0.0
0.0
0.0
0.0
0.0
0.0
0.0
0.0
0.0
0.0
0.0
0.0
0.0
0.0
0.0
0.0
0.0
0.0
0.0
0.0
0.0
0.0
0.0
0.0
0.0
0.0
0.0
0.0
0.0
0.0
0.0
0.0
0.0
0.0
0.0
0.0
0.0
0.0
0.0
0.0
0.0
0.0
0.0
0.0
0.0
0.0
0.0
0.0
0.0
0.0
0.0
0.0
0.0
0.0
0.0
0.0
0.0
0.0
0.0
0.0
0.0
0.0
0.0
0.0
0.0
0.0
0.0
0.0
0.0
0.0
0.0
0.0
0.0
0.0
0.0
0.0
0.0
0.0
0.0
0.0
0.0
0.0
0.0
0.0
0.0
0.0
0.0
0.0
0.0
0.0
0.0
0.0
0.0
0.0
0.0
0.0
0.0
0.0
0.0
0.0
0.0
0.0
0.0
0.0
0.0
0.0
0.0
0.0
0.0
0.0
0.0
0.0
0.0
0.0
0.0
0.0
0.0
0.0
0.0
0.0
0.0
0.0
0.0
0.0
0.0
0.0
0.0
0.0
0.0
0.0
0.0
0.0
0.0
0.0
0.0
0.0
0.0
0.0
0.0
0.0
0.0
0.0
0.0
0.0
0.0
0.0
0.0
0.0
0.0
0.0
0.0
0.0
0.0
0.0
0.0
0.0
0.0
0.0
0.0
0.0
0.0
0.0
0.0
0.0
0.0
0.0
0.0
0.0
0.0
0.0
0.0
0.0
0.0
0.0
0.0
0.0
0.0
0.0
0.0
0.0
0.0
0.0
0.0
0.0
0.0
0.0
0.0
0.0
0.0
0.0
0.0
