166.55
165.74
200.2
2835.47
2823.31
2827.5
2805.9
2818.38
2806.21
2808.25
2796.91
2808.56
2799.79
2793.93
2795.29
2804.53
2797.49
2795.79
2783.7
2799.11
2794.08
2789.13
2790.89
2797.08
2792.84
2793.66
2779.31
2792.5
2785.41
2788.4
2791.36
2780.36
2792.1
2787.01
2776.84
2772.48
2826.47
2937.39
3067.14
2787.24
2758.89
2755.3
2761.05
2773.03
2784.57
2769.21
2774.47
2786.41
2766.69
2953.67
2764.41
2773.28
2745.18
2758.04
2762.87
2767.91
2780.4
2747.41
2758.34
2773.57
2748.65
2760.48
2782.93
2773.23
2767.07
2755.34
2743.77
2768.77
2748.69
2843.4
2883.58
2965.79
2669.27
2663.57
2649.25
2691.48
2696.83
2696.29
2686.39
2684.41
2695.77
2680.76
2694.31
2690.31
2697.46
2661.5
2683.05
2692.82
2681.87
2686.38
2672.57
2658.8
2662.78
2672.4
2649.47
2648.0
2653.6
2658.6
2646.95
2645.66
2629.65
2657.45
2623.7
2630.81
2632.57
2662.21
2619.54
2617.07
2614.61
2627.3
2620.93
2642.0
2624.69
2624.26
2620.28
2646.91
2616.8
2629.52
2630.23
2653.13
2611.58
2621.22
2614.33
2631.43
2629.91
2612.36
2616.39
2622.32
2624.17
2615.22
2631.64
2622.67
2630.35
2617.87
2617.25
2599.84
2618.67
2606.55
2613.64
2628.36
2620.11
2618.75
2664.7
2619.71
2618.01
2606.73
2594.51
2589.42
2592.31
2608.17
2598.0
2597.16
2597.13
2593.1
2606.92
2609.79
2588.86
2612.28
2584.15
2615.29
2597.41
2604.12
2603.35
2606.95
2602.7
2601.99
2606.17
2605.0
2600.07
2607.05
2671.98
124.29
102.69
102.37
102.31
102.15
102.64
102.4
102.51
102.32
102.26
102.32
102.46
102.49
102.35
102.31
102.38
102.16
102.34
102.5
102.36
102.55
102.24
102.32
102.42
102.35
102.32
102.08
102.34
102.58
0.0
0.0
0.0
0.0
0.0
0.0
0.0
0.0
0.0
0.0
0.0
0.0
0.0
0.0
0.0
0.0
0.0
0.0
0.0
0.0
0.0
0.0
0.0
0.0
0.0
0.0
0.0
0.0
0.0
0.0
0.0
0.0
0.0
0.0
0.0
0.0
0.0
0.0
0.0
0.0
0.0
0.0
0.0
0.0
0.0
0.0
0.0
0.0
0.0
0.0
0.0
0.0
0.0
0.0
0.0
0.0
0.0
0.0
0.0
0.0
0.0
0.0
0.0
0.0
0.0
0.0
0.0
0.0
0.0
0.0
0.0
0.0
0.0
0.0
0.0
0.0
0.0
0.0
0.0
0.0
0.0
0.0
0.0
0.0
0.0
0.0
0.0
0.0
0.0
0.0
0.0
0.0
0.0
0.0
0.0
0.0
0.0
0.0
0.0
0.0
0.0
0.0
0.0
0.0
0.0
0.0
0.0
0.0
0.0
0.0
0.0
0.0
0.0
0.0
0.0
0.0
0.0
0.0
0.0
0.0
0.0
0.0
0.0
0.0
0.0
0.0
0.0
0.0
0.0
0.0
0.0
0.0
0.0
0.0
0.0
0.0
0.0
0.0
0.0
0.0
0.0
0.0
0.0
0.0
0.0
0.0
0.0
0.0
0.0
0.0
0.0
0.0
0.0
0.0
0.0
0.0
0.0
0.0
0.0
0.0
0.0
0.0
0.0
0.0
0.0
0.0
0.0
0.0
0.0
0.0
0.0
0.0
0.0
0.0
0.0
0.0
0.0
0.0
0.0
0.0
0.0
0.0
0.0
0.0
0.0
0.0
0.0
0.0
0.0
0.0
0.0
0.0
0.0
0.0
0.0
0.0
0.0
0.0
0.0
0.0
0.0
0.0
0.0
0.0
0.0
0.0
0.0
0.0
0.0
0.0
0.0
0.0
0.0
0.0
0.0
0.0
0.0
0.0
0.0
0.0
0.0
0.0
0.0
0.0
0.0
0.0
0.0
0.0
0.0
0.0
0.0
0.0
0.0
0.0
0.0
0.0
0.0
0.0
0.0
0.0
0.0
0.0
0.0
0.0
0.0
0.0
0.0
0.0
0.0
0.0
0.0
0.0
0.0
0.0
0.0
0.0
0.0
0.0
0.0
0.0
0.0
0.0
0.0
0.0
0.0
0.0
0.0
0.0
0.0
0.0
0.0
0.0
0.0
0.0
0.0
0.0
0.0
0.0
0.0
0.0
0.0
0.0
0.0
0.0
0.0
0.0
0.0
0.0
0.0
0.0
0.0
0.0
0.0
0.0
0.0
0.0
0.0
0.0
0.0
0.0
0.0
0.0
0.0
0.0
0.0
0.0
0.0
0.0
0.0
0.0
0.0
0.0
0.0
0.0
0.0
0.0
0.0
0.0
0.0
0.0
0.0
0.0
0.0
0.0
0.0
0.0
0.0
0.0
0.0
0.0
0.0
0.0
0.0
0.0
0.0
0.0
0.0
0.0
0.0
0.0
0.0
0.0
0.0
0.0
0.0
0.0
0.0
0.0
0.0
0.0
0.0
0.0
0.0
0.0
0.0
0.0
0.0
0.0
0.0
0.0
0.0
0.0
0.0
0.0
0.0
0.0
0.0
0.0
0.0
0.0
0.0
0.0
0.0
0.0
0.0
0.0
0.0
0.0
0.0
0.0
0.0
0.0
0.0
0.0
0.0
0.0
0.0
0.0
0.0
0.0
0.0
0.0
0.0
0.0
0.0
0.0
0.0
0.0
0.0
0.0
0.0
0.0
0.0
0.0
0.0
0.0
0.0
0.0
0.0
0.0
0.0
0.0
0.0
0.0
0.0
0.0
0.0
0.0
0.0
0.0
0.0
0.0
0.0
0.0
0.0
0.0
0.0
0.0
0.0
0.0
0.0
0.0
0.0
0.0
0.0
0.0
0.0
0.0
0.0
0.0
0.0
0.0
0.0
0.0
0.0
0.0
0.0
0.0
0.0
0.0
0.0
0.0
0.0
0.0
0.0
0.0
0.0
0.0
0.0
0.0
0.0
0.0
0.0
0.0
0.0
0.0
0.0
0.0
0.0
0.0
0.0
0.0
0.0
0.0
0.0
0.0
0.0
0.0
0.0
0.0
0.0
0.0
0.0
0.0
0.0
0.0
0.0
0.0
0.0
0.0
0.0
0.0
0.0
0.0
0.0
0.0
0.0
0.0
0.0
0.0
