1107.2
1830.4
940.8
1235.2
921.6000000000001
998.4
940.8
1068.8
966.4
761.6
531.2
409.6
505.6
601.6
2489.6
2534.4
2566.4
2515.2
2572.8
2547.2
2528.0
2540.8
2579.2
2579.2
2560.0
2566.4
2592.0
2572.8
2553.6
2560.0
2547.2
2534.4
2649.6
2553.6
2598.4
2553.6
2515.2
2534.4
2521.6
2547.2
2572.8
2572.8
2585.6
2566.4
2534.4
2572.8
2547.2
2592.0
2540.8
2617.6
2547.2
2553.6
2630.4
2528.0
2566.4
2572.8
2624.0
2502.4
2566.4
2547.2
2758.4
2489.6
2547.2
2534.4
2566.4
2585.6
2483.2
2534.4
2540.8
2515.2
2528.0
2604.8
2515.2
2822.4
2521.6
2528.0
2566.4
2553.6
2534.4
2521.6
2540.8
2534.4
2547.2
2489.6
2604.8
2496.0
2681.6
2572.8
2560.0
2566.4
2630.4
2528.0
2515.2
2572.8
2540.8
2681.6
2528.0
2528.0
2566.4
2649.6
2534.4
2515.2
2547.2
2521.6
2630.4
2534.4
2540.8
2534.4
2515.2
2508.8
2515.2
2547.2
2592.0
2521.6
2534.4
2579.2
2521.6
2816.0
2502.4
2489.6
2572.8
2547.2
2656.0
2489.6
2521.6
2502.4
2534.4
2528.0
2624.0
2521.6
2662.4
2528.0
2515.2
2515.2
2566.4
2553.6
2553.6
2611.2
2547.2
2636.8
2521.6
2566.4
2560.0
2598.4
2547.2
2502.4
2598.4
2496.0
2630.4
2508.8
2547.2
2528.0
2508.8
2585.6
2540.8
2553.6
2534.4
2521.6
2553.6
2553.6
2540.8
2540.8
2547.2
2534.4
2534.4
2560.0
2790.4
2534.4
2515.2
2476.8
2489.6
2553.6
2521.6
2553.6
2508.8
2483.2
2502.4
2553.6
2502.4
2553.6
2521.6
2630.4
2508.8
2540.8
2515.2
2476.8
2515.2
2534.4
2611.2
2515.2
2540.8
2483.2
2515.2
2521.6
2585.6
2476.8
2412.8
2598.4
2406.4
2451.2
2387.2
2406.4
2476.8
2419.2
2412.8
2387.2
2374.4
2406.4
2412.8
2400.0
2419.2
2380.8
2368.0
2380.8
2368.0
2662.4
2400.0
2432.0
2406.4
2425.6
2566.4
2380.8
2374.4
2400.0
2400.0
2406.4
2393.6
2425.6
2412.8
2361.6
2451.2
2361.6
2393.6
2604.8
2387.2
2432.0
2387.2
2432.0
2496.0
2400.0
2380.8
2374.4
2444.8
2406.4
2406.4
2342.4
2470.4
2419.2
2380.8
2368.0
2368.0
2470.4
2438.4
2387.2
2393.6
2368.0
2521.6
2528.0
2387.2
2393.6
2380.8
2476.8
2393.6
2374.4
2355.2
2400.0
2387.2
2355.2
2393.6
2406.4
2425.6
2412.8
2374.4
2380.8
2566.4
2393.6
2387.2
2355.2
2406.4
2457.6
2393.6
2368.0
2368.0
2387.2
2502.4
2412.8
2400.0
2348.8
2412.8
2438.4
2419.2
2380.8
2400.0
2374.4
2400.0
2393.6
2406.4
2464.0
2406.4
2348.8
2374.4
2496.0
2432.0
2342.4
2387.2
2400.0
2425.6
2515.2
2368.0
2400.0
2508.8
2400.0
2464.0
2361.6
2400.0
2483.2
2496.0
2400.0
2400.0
2412.8
2425.6
2464.0
2393.6
2419.2
2400.0
2412.8
2393.6
2393.6
2406.4
2387.2
2534.4
2374.4
2412.8
2387.2
2380.8
2432.0
2361.6
2412.8
2444.8
2393.6
2355.2
2355.2
2419.2
2508.8
2374.4
2342.4
2432.0
2406.4
2636.8
2380.8
2368.0
2361.6
2374.4
2547.2
2387.2
2406.4
2361.6
2432.0
2387.2
2387.2
2489.6
2400.0
2368.0
2393.6
2348.8
2444.8
2489.6
2348.8
2361.6
2387.2
2560.0
2508.8
2387.2
2368.0
2432.0
2451.2
2457.6
2380.8
2406.4
2425.6
2508.8
2336.0
2368.0
2406.4
2387.2
2412.8
2393.6
2438.4
2521.6
2592.0
2406.4
2368.0
2412.8
2521.6
2476.8
2368.0
2368.0
2387.2
2342.4
2336.0
2374.4
2400.0
2483.2
2374.4
2393.6
2368.0
2419.2
2483.2
2310.4
2393.6
2400.0
2412.8
2425.6
2361.6
2374.4
2387.2
2355.2
2464.0
2336.0
2425.6
2348.8
2393.6
2393.6
2425.6
2425.6
2393.6
2419.2
2374.4
2476.8
2368.0
2406.4
2444.8
2387.2
2515.2
576.0
448.00000000000006
352.0
403.2
390.4
441.6
345.6
364.8
345.6
339.2
403.2
345.6
384.0
364.8
345.6
352.0
358.4
352.0
352.0
358.4
352.0
339.2
345.6
332.8
339.2
352.0
345.6
409.6
352.0
352.0
345.6
339.2
339.2
339.2
332.8
390.4
409.6
358.4
352.0
345.6
358.4
345.6
345.6
339.2
377.6
345.6
352.0
332.8
345.6
441.6
345.6
364.8
339.2
403.2
473.6000000000001
352.0
345.6
352.0
441.6
339.2
339.2
332.8
332.8
364.8
326.4
352.0
326.4
339.2
352.0
339.2
339.2
339.2
345.6
339.2
326.4
358.4
339.2
339.2
0.0
0.0
0.0
0.0
0.0
0.0
0.0
0.0
0.0
0.0
0.0
0.0
0.0
0.0
0.0
0.0
0.0
0.0
0.0
0.0
0.0
0.0
0.0
0.0
0.0
0.0
0.0
0.0
0.0
0.0
0.0
0.0
0.0
0.0
0.0
0.0
0.0
0.0
0.0
0.0
0.0
0.0
0.0
0.0
0.0
0.0
0.0
0.0
0.0
0.0
0.0
0.0
0.0
0.0
0.0
0.0
0.0
0.0
0.0
0.0
0.0
0.0
0.0
0.0
0.0
0.0
0.0
0.0
0.0
0.0
0.0
0.0
0.0
0.0
0.0
0.0
0.0
0.0
0.0
0.0
0.0
0.0
0.0
0.0
0.0
0.0
0.0
0.0
0.0
0.0
0.0
0.0
0.0
0.0
0.0
0.0
0.0
0.0
0.0
0.0
0.0
0.0
0.0
0.0
0.0
0.0
0.0
0.0
0.0
0.0
0.0
0.0
0.0
0.0
0.0
0.0
0.0
0.0
0.0
0.0
0.0
0.0
0.0
0.0
0.0
0.0
0.0
0.0
0.0
0.0
0.0
0.0
0.0
0.0
0.0
0.0
0.0
0.0
0.0
0.0
0.0
0.0
0.0
0.0
0.0
0.0
0.0
0.0
0.0
0.0
0.0
0.0
0.0
0.0
0.0
0.0
0.0
0.0
0.0
0.0
0.0
0.0
0.0
0.0
0.0
0.0
0.0
0.0
0.0
0.0
0.0
0.0
0.0
0.0
0.0
0.0
0.0
0.0
0.0
0.0
0.0
0.0
0.0
0.0
0.0
0.0
0.0
0.0
