166.39
185.19
167.24
2008.93
2060.59
2040.12
2046.5
2062.66
2020.97
2081.0
2073.49
2117.93
2104.47
2027.74
1654.93
1653.25
1653.66
1651.23
1653.26
1647.16
1652.62
1657.66
1642.05
1639.54
1641.75
1647.49
1644.69
1642.55
1646.73
1638.95
1642.76
1639.9
1639.21
1637.19
1640.87
1634.31
1643.67
1636.58
1639.56
1642.87
1637.49
1643.07
1639.7
1636.97
1635.37
1641.9
1639.36
1631.19
1631.7
1632.41
1631.38
1626.06
1635.39
1630.29
1632.06
1637.31
1629.92
1629.72
1629.53
1631.62
1629.42
1626.29
1628.89
1629.12
1633.7
1629.82
1624.21
1624.85
1629.82
1629.95
1625.85
1625.28
1629.58
1622.98
1628.8
1624.27
1625.92
1625.19
1622.16
1630.57
1625.2
1625.21
1628.35
1625.25
1627.23
1621.23
1626.89
1624.1
1629.14
1623.88
1623.27
1625.87
1628.73
1627.22
1622.51
1626.87
1625.87
1625.66
1627.26
1622.53
1624.02
1624.9
1617.89
1621.71
1624.21
1625.03
1620.64
1625.89
1624.52
1619.32
1619.11
1625.16
1621.23
1618.14
1629.24
1620.88
1625.94
1621.46
1621.34
1627.8
1622.08
1618.71
1629.93
1622.72
1619.11
1618.1
1628.31
1622.88
1624.28
1625.35
1628.83
1628.69
1630.58
1619.86
1619.44
1624.59
1621.93
1626.38
1621.9
1621.82
1623.32
1626.01
1616.59
1620.33
1624.75
1613.4
1619.1
1624.55
1623.51
1620.32
1622.56
1622.8
1619.78
1622.09
1618.91
1621.64
1620.97
1621.53
1623.53
1621.39
1622.65
1619.78
1625.43
1623.23
1624.83
1620.69
1624.75
1620.34
1617.45
1627.06
1631.23
1642.34
111.61
103.54
104.01
103.83
103.76
103.84
103.81
103.75
103.82
103.52
103.7
103.65
103.39
0.0
0.0
0.0
0.0
0.0
0.0
0.0
0.0
0.0
0.0
0.0
0.0
0.0
0.0
0.0
0.0
0.0
0.0
0.0
0.0
0.0
0.0
0.0
0.0
0.0
0.0
0.0
0.0
0.0
0.0
0.0
0.0
0.0
0.0
0.0
0.0
0.0
0.0
0.0
0.0
0.0
0.0
0.0
0.0
0.0
0.0
0.0
0.0
0.0
0.0
0.0
0.0
0.0
0.0
0.0
0.0
0.0
0.0
0.0
0.0
0.0
0.0
0.0
0.0
0.0
0.0
0.0
0.0
0.0
0.0
0.0
0.0
0.0
0.0
0.0
0.0
0.0
0.0
0.0
0.0
0.0
0.0
0.0
0.0
0.0
0.0
0.0
0.0
0.0
0.0
0.0
0.0
0.0
0.0
0.0
0.0
0.0
0.0
0.0
0.0
0.0
0.0
0.0
0.0
0.0
0.0
0.0
0.0
0.0
0.0
0.0
0.0
0.0
0.0
0.0
0.0
0.0
0.0
0.0
0.0
0.0
0.0
0.0
0.0
0.0
0.0
0.0
0.0
0.0
0.0
0.0
0.0
0.0
0.0
0.0
0.0
0.0
0.0
0.0
0.0
0.0
0.0
0.0
0.0
0.0
0.0
0.0
0.0
0.0
0.0
0.0
0.0
0.0
0.0
0.0
0.0
0.0
0.0
0.0
0.0
0.0
0.0
0.0
0.0
0.0
0.0
0.0
0.0
0.0
0.0
0.0
0.0
0.0
0.0
0.0
0.0
0.0
0.0
0.0
0.0
0.0
0.0
0.0
0.0
0.0
0.0
0.0
0.0
0.0
0.0
0.0
0.0
0.0
0.0
0.0
0.0
0.0
0.0
0.0
0.0
0.0
0.0
0.0
0.0
0.0
0.0
0.0
0.0
0.0
0.0
0.0
0.0
0.0
0.0
0.0
0.0
0.0
0.0
0.0
0.0
0.0
0.0
0.0
0.0
0.0
0.0
0.0
0.0
0.0
0.0
0.0
0.0
0.0
0.0
0.0
0.0
0.0
0.0
0.0
0.0
0.0
0.0
0.0
0.0
0.0
0.0
0.0
0.0
0.0
0.0
0.0
0.0
0.0
0.0
0.0
0.0
0.0
0.0
0.0
0.0
0.0
0.0
0.0
0.0
0.0
0.0
0.0
0.0
0.0
0.0
0.0
0.0
0.0
0.0
0.0
0.0
0.0
0.0
0.0
0.0
0.0
0.0
0.0
0.0
0.0
0.0
0.0
0.0
0.0
0.0
0.0
0.0
0.0
0.0
0.0
0.0
0.0
0.0
0.0
0.0
0.0
0.0
0.0
0.0
0.0
0.0
0.0
0.0
0.0
0.0
0.0
0.0
0.0
0.0
0.0
0.0
0.0
0.0
0.0
0.0
0.0
0.0
0.0
0.0
0.0
0.0
0.0
0.0
0.0
0.0
0.0
0.0
0.0
0.0
0.0
0.0
0.0
0.0
0.0
0.0
0.0
0.0
0.0
0.0
0.0
0.0
0.0
0.0
0.0
0.0
0.0
0.0
0.0
0.0
0.0
0.0
0.0
0.0
0.0
0.0
0.0
0.0
0.0
0.0
0.0
0.0
0.0
0.0
0.0
0.0
0.0
0.0
0.0
0.0
0.0
0.0
0.0
0.0
0.0
0.0
0.0
0.0
0.0
0.0
0.0
0.0
0.0
0.0
0.0
0.0
0.0
0.0
0.0
0.0
0.0
0.0
0.0
0.0
0.0
0.0
0.0
0.0
0.0
0.0
0.0
0.0
0.0
0.0
0.0
0.0
0.0
0.0
0.0
0.0
0.0
0.0
0.0
0.0
0.0
0.0
0.0
0.0
0.0
0.0
0.0
0.0
0.0
0.0
0.0
0.0
0.0
0.0
0.0
0.0
0.0
0.0
0.0
0.0
0.0
0.0
0.0
0.0
0.0
0.0
0.0
0.0
0.0
0.0
0.0
0.0
0.0
0.0
0.0
0.0
0.0
0.0
0.0
0.0
0.0
0.0
0.0
0.0
0.0
0.0
0.0
0.0
0.0
0.0
0.0
0.0
0.0
0.0
0.0
0.0
0.0
0.0
0.0
0.0
0.0
0.0
0.0
0.0
0.0
0.0
0.0
0.0
0.0
0.0
0.0
0.0
0.0
0.0
0.0
0.0
0.0
0.0
0.0
0.0
0.0
0.0
0.0
0.0
0.0
0.0
0.0
0.0
0.0
0.0
0.0
0.0
0.0
0.0
0.0
0.0
0.0
