557.4300000000001
539.99
540.36
532.9300000000001
522.02
530.74
532.42
524.27
865.9399999999999
859.4899999999999
867.03
860.4300000000001
858.86
861.35
855.19
862.26
871.5799999999999
875.23
860.9100000000001
867.09
864.29
863.2099999999999
853.31
856.8599999999999
856.8499999999999
857.61
857.02
885.16
866.0300000000001
857.5
855.98
856.9300000000001
859.84
863.19
858.04
859.2900000000001
853.4
862.62
858.9
860.4200000000001
903.95
856.07
860.98
850.75
858.8500000000001
855.4000000000001
854.98
865.99
855.4599999999999
863.3199999999999
850.98
862.75
855.08
851.09
851.5699999999999
850.77
898.22
862.0
864.84
853.5999999999999
851.71
855.1600000000001
852.9000000000001
858.44
858.7
850.8100000000001
847.2
855.1999999999999
857.0
860.47
855.32
852.3800000000001
849.3799999999999
850.47
852.8299999999999
861.62
857.2
850.8900000000001
856.2099999999999
851.33
850.8999999999999
849.84
852.75
853.28
858.4899999999999
839.99
846.6100000000001
849.8699999999999
851.2900000000001
852.8399999999999
845.8000000000001
851.6500000000001
857.87
847.52
855.87
846.1700000000001
849.1000000000001
854.71
853.6899999999999
841.74
843.3899999999999
850.7499999999999
847.4100000000001
847.22
851.03
858.3199999999999
850.63
847.8499999999999
851.4
854.5
838.48
848.93
854.78
855.2099999999999
848.13
848.8599999999999
849.73
852.3999999999999
848.55
846.54
842.7700000000001
849.82
844.28
853.5899999999999
854.84
846.56
837.52
853.8900000000001
850.2900000000001
853.72
849.39
852.16
554.51
541.4
596.62
541.28
542.13
536.51
529.94
545.9200000000001
556.22
543.3
533.74
541.11
543.24
533.03
540.11
542.36
526.23
555.04
552.85
552.83
537.36
529.0
559.4
536.2
533.79
552.9399999999999
540.86
546.76
533.6
542.79
538.64
533.59
541.21
528.38
546.13
536.62
536.89
549.9200000000001
543.16
527.4399999999999
552.76
539.1800000000001
556.47
537.21
533.49
536.85
554.0799999999999
559.04
535.66
535.27
542.11
541.99
537.37
546.69
535.87
538.49
557.12
531.6
539.6199999999999
544.84
533.8399999999999
552.72
550.67
526.86
545.07
538.61
529.29
532.86
535.86
0.0
0.0
0.0
0.0
0.0
0.0
0.0
0.0
0.0
0.0
0.0
0.0
0.0
0.0
0.0
0.0
0.0
0.0
0.0
0.0
0.0
0.0
0.0
0.0
0.0
0.0
0.0
0.0
0.0
0.0
0.0
0.0
0.0
0.0
0.0
0.0
0.0
0.0
0.0
0.0
0.0
0.0
0.0
0.0
0.0
0.0
0.0
0.0
0.0
0.0
0.0
0.0
0.0
0.0
0.0
0.0
0.0
0.0
0.0
0.0
0.0
0.0
0.0
0.0
0.0
0.0
0.0
0.0
0.0
0.0
0.0
0.0
0.0
0.0
0.0
0.0
0.0
0.0
0.0
0.0
0.0
0.0
0.0
0.0
0.0
0.0
0.0
0.0
0.0
0.0
0.0
0.0
0.0
0.0
0.0
0.0
0.0
0.0
0.0
0.0
0.0
0.0
0.0
0.0
0.0
0.0
0.0
0.0
0.0
0.0
0.0
0.0
0.0
0.0
0.0
0.0
0.0
0.0
0.0
0.0
0.0
0.0
0.0
0.0
0.0
0.0
0.0
0.0
0.0
0.0
0.0
0.0
0.0
0.0
0.0
0.0
0.0
0.0
0.0
0.0
0.0
0.0
0.0
0.0
0.0
0.0
0.0
0.0
0.0
0.0
0.0
0.0
0.0
0.0
0.0
0.0
0.0
0.0
0.0
0.0
0.0
0.0
0.0
0.0
0.0
0.0
0.0
0.0
0.0
0.0
0.0
0.0
0.0
0.0
0.0
0.0
0.0
0.0
0.0
0.0
0.0
0.0
0.0
0.0
0.0
0.0
0.0
0.0
0.0
0.0
0.0
0.0
0.0
0.0
0.0
0.0
0.0
0.0
0.0
0.0
0.0
0.0
0.0
0.0
0.0
0.0
0.0
0.0
0.0
0.0
0.0
0.0
0.0
0.0
0.0
0.0
0.0
0.0
0.0
0.0
0.0
0.0
0.0
0.0
0.0
0.0
0.0
0.0
0.0
0.0
0.0
0.0
0.0
0.0
0.0
0.0
0.0
0.0
0.0
0.0
0.0
0.0
0.0
0.0
0.0
0.0
0.0
0.0
0.0
0.0
0.0
0.0
0.0
0.0
0.0
0.0
0.0
0.0
0.0
0.0
0.0
0.0
0.0
0.0
0.0
0.0
0.0
0.0
0.0
0.0
0.0
0.0
0.0
0.0
0.0
0.0
0.0
0.0
0.0
0.0
0.0
0.0
0.0
0.0
0.0
0.0
0.0
0.0
0.0
0.0
0.0
0.0
0.0
0.0
0.0
0.0
0.0
0.0
0.0
0.0
0.0
0.0
0.0
0.0
0.0
0.0
0.0
0.0
0.0
0.0
0.0
0.0
0.0
0.0
0.0
0.0
0.0
0.0
0.0
0.0
0.0
0.0
0.0
0.0
0.0
0.0
0.0
0.0
0.0
0.0
0.0
0.0
0.0
0.0
0.0
0.0
0.0
0.0
0.0
0.0
0.0
0.0
0.0
0.0
0.0
0.0
0.0
0.0
0.0
0.0
0.0
0.0
0.0
0.0
0.0
0.0
0.0
0.0
0.0
0.0
0.0
0.0
0.0
0.0
0.0
0.0
0.0
0.0
0.0
0.0
0.0
0.0
0.0
0.0
0.0
0.0
0.0
0.0
0.0
0.0
0.0
0.0
0.0
0.0
0.0
0.0
0.0
0.0
0.0
0.0
0.0
0.0
0.0
0.0
0.0
0.0
0.0
0.0
0.0
0.0
0.0
0.0
0.0
0.0
0.0
0.0
0.0
0.0
0.0
0.0
0.0
0.0
0.0
0.0
0.0
0.0
0.0
0.0
0.0
0.0
0.0
0.0
0.0
0.0
0.0
0.0
0.0
0.0
0.0
0.0
0.0
0.0
0.0
0.0
0.0
0.0
0.0
0.0
0.0
0.0
0.0
0.0
0.0
