550.43
548.9699999999999
539.97
530.01
533.81
538.7
538.8199999999999
859.81
869.71
875.28
869.61
874.78
871.9499999999999
878.71
877.09
878.4499999999999
875.1899999999999
882.58
906.6999999999999
888.0699999999999
897.61
888.92
871.5500000000001
876.9300000000001
881.55
877.5699999999999
877.8900000000001
887.53
884.3000000000001
878.6600000000001
878.57
881.9100000000001
880.8399999999999
887.88
887.51
887.8
872.5699999999999
892.8499999999999
877.05
884.7
880.9
884.6800000000001
878.38
874.1
874.3399999999999
876.09
888.72
880.22
876.99
884.3500000000001
880.46
879.69
876.14
876.7600000000001
874.25
885.8899999999999
881.1
877.8
878.34
886.4699999999999
900.8
882.29
881.52
909.03
877.46
883.5300000000001
896.58
878.4699999999999
879.74
886.2499999999999
875.95
899.01
881.79
878.22
882.0600000000001
879.82
873.3000000000001
902.0699999999999
554.04
528.18
548.5600000000001
533.79
555.49
545.2099999999999
564.77
535.18
546.04
537.62
537.36
533.36
545.97
526.3000000000001
553.39
547.51
532.18
541.08
548.9899999999999
558.33
535.9300000000001
540.6
523.25
540.0600000000001
535.63
532.2099999999999
536.96
544.15
553.8199999999999
539.9
521.6800000000001
536.48
537.61
539.57
535.75
534.75
540.16
553.93
522.0999999999999
542.55
533.84
534.04
520.1700000000001
536.7099999999999
553.82
543.38
528.59
542.51
550.03
542.65
532.97
535.56
542.89
533.27
524.62
544.0600000000001
536.84
539.85
531.4300000000001
533.4200000000001
547.76
540.45
621.33
547.01
535.7099999999999
535.37
536.48
540.98
552.11
548.5799999999999
554.05
530.4300000000001
550.85
545.85
523.39
560.64
535.9200000000001
540.02
552.06
533.29
519.3000000000001
534.15
533.12
545.74
555.53
524.61
534.9
543.5
538.16
543.27
525.9100000000001
546.5
546.6999999999999
542.9200000000001
532.74
520.61
530.71
524.53
545.1
549.34
519.63
660.85
573.8299999999999
519.88
538.37
538.95
522.44
537.39
553.17
524.55
526.99
526.99
528.64
552.08
567.1
527.64
533.4399999999999
514.54
538.67
0.0
0.0
0.0
0.0
0.0
0.0
0.0
0.0
0.0
0.0
0.0
0.0
0.0
0.0
0.0
0.0
0.0
0.0
0.0
0.0
0.0
0.0
0.0
0.0
0.0
0.0
0.0
0.0
0.0
0.0
0.0
0.0
0.0
0.0
0.0
0.0
0.0
0.0
0.0
0.0
0.0
0.0
0.0
0.0
0.0
0.0
0.0
0.0
0.0
0.0
0.0
0.0
0.0
0.0
0.0
0.0
0.0
0.0
0.0
0.0
0.0
0.0
0.0
0.0
0.0
0.0
0.0
0.0
0.0
0.0
0.0
0.0
0.0
0.0
0.0
0.0
0.0
0.0
0.0
0.0
0.0
0.0
0.0
0.0
0.0
0.0
0.0
0.0
0.0
0.0
0.0
0.0
0.0
0.0
0.0
0.0
0.0
0.0
0.0
0.0
0.0
0.0
0.0
0.0
0.0
0.0
0.0
0.0
0.0
0.0
0.0
0.0
0.0
0.0
0.0
0.0
0.0
0.0
0.0
0.0
0.0
0.0
0.0
0.0
0.0
0.0
0.0
0.0
0.0
0.0
0.0
0.0
0.0
0.0
0.0
0.0
0.0
0.0
0.0
0.0
0.0
0.0
0.0
0.0
0.0
0.0
0.0
0.0
0.0
0.0
0.0
0.0
0.0
0.0
0.0
0.0
0.0
0.0
0.0
0.0
0.0
0.0
0.0
0.0
0.0
0.0
0.0
0.0
0.0
0.0
0.0
0.0
0.0
0.0
0.0
0.0
0.0
0.0
0.0
0.0
0.0
0.0
0.0
0.0
0.0
0.0
0.0
0.0
0.0
0.0
0.0
0.0
0.0
0.0
0.0
0.0
0.0
0.0
0.0
0.0
0.0
0.0
0.0
0.0
0.0
0.0
0.0
0.0
0.0
0.0
0.0
0.0
0.0
0.0
0.0
0.0
0.0
0.0
0.0
0.0
0.0
0.0
0.0
0.0
0.0
0.0
0.0
0.0
0.0
0.0
0.0
0.0
0.0
0.0
0.0
0.0
0.0
0.0
0.0
0.0
0.0
0.0
0.0
0.0
0.0
0.0
0.0
0.0
0.0
0.0
0.0
0.0
0.0
0.0
0.0
0.0
0.0
0.0
0.0
0.0
0.0
0.0
0.0
0.0
0.0
0.0
0.0
0.0
0.0
0.0
0.0
0.0
0.0
0.0
0.0
0.0
0.0
0.0
0.0
0.0
0.0
0.0
0.0
0.0
0.0
0.0
0.0
0.0
0.0
0.0
0.0
0.0
0.0
0.0
0.0
0.0
0.0
0.0
0.0
0.0
0.0
0.0
0.0
0.0
0.0
0.0
0.0
0.0
0.0
0.0
0.0
0.0
0.0
0.0
0.0
0.0
0.0
0.0
0.0
0.0
0.0
0.0
0.0
0.0
0.0
0.0
0.0
0.0
0.0
0.0
0.0
0.0
0.0
0.0
0.0
0.0
0.0
0.0
0.0
0.0
0.0
0.0
0.0
0.0
0.0
0.0
0.0
0.0
0.0
0.0
0.0
0.0
0.0
0.0
0.0
0.0
0.0
0.0
0.0
0.0
0.0
0.0
0.0
0.0
0.0
0.0
0.0
0.0
0.0
0.0
0.0
0.0
0.0
0.0
0.0
0.0
0.0
0.0
0.0
0.0
0.0
0.0
0.0
0.0
0.0
0.0
0.0
0.0
0.0
0.0
0.0
0.0
0.0
0.0
0.0
0.0
0.0
0.0
0.0
0.0
0.0
0.0
0.0
0.0
0.0
0.0
0.0
0.0
0.0
0.0
0.0
0.0
0.0
0.0
0.0
0.0
0.0
0.0
0.0
0.0
0.0
0.0
0.0
0.0
0.0
0.0
0.0
0.0
0.0
0.0
0.0
0.0
0.0
0.0
0.0
0.0
0.0
0.0
0.0
0.0
0.0
0.0
0.0
0.0
0.0
0.0
0.0
0.0
0.0
0.0
0.0
0.0
0.0
0.0
0.0
0.0
0.0
0.0
0.0
0.0
0.0
0.0
0.0
0.0
0.0
0.0
0.0
0.0
0.0
0.0
0.0
0.0
0.0
0.0
0.0
0.0
0.0
0.0
0.0
0.0
0.0
0.0
0.0
0.0
0.0
0.0
0.0
0.0
0.0
0.0
0.0
0.0
0.0
0.0
0.0
0.0
0.0
0.0
0.0
0.0
0.0
0.0
0.0
