166.36
188.82
165.95
1802.49
1778.9
1780.66
1777.79
1781.72
1774.87
1768.29
1770.92
1778.7
1762.61
1765.23
1773.68
1764.69
1755.67
1758.22
1759.42
1766.85
1754.18
1748.79
1748.92
1752.64
1754.55
1760.39
1757.98
1765.89
1762.1
1759.71
1748.79
1748.05
1745.9
1751.78
1745.68
1753.58
1744.25
1753.71
1759.41
1751.29
1756.8
1750.29
1737.15
1751.0
1747.96
1744.08
1741.53
1753.17
1746.26
1747.47
1746.33
1741.29
1737.96
1738.18
1734.85
1745.21
1740.14
1739.1
1736.17
1744.22
1739.82
1745.14
1747.67
1727.12
1740.81
1738.84
1739.68
1741.2
1738.91
1746.37
1739.77
1735.4
1733.33
1737.44
1737.02
1730.63
1621.89
1639.1
1619.99
1632.74
1626.99
1620.64
1626.82
1626.94
1622.62
1631.59
1628.72
1625.11
1629.16
1628.97
1623.42
1629.7
1629.26
1624.52
1616.36
1627.16
1630.35
1635.53
1625.63
1623.02
1633.3
1630.2
1627.28
1626.7
1625.04
1623.7
1627.53
1624.54
1626.53
1614.93
1627.35
1621.84
1637.17
1624.65
1623.86
1625.35
1630.83
1619.47
1632.63
1625.16
1622.2
1621.68
1627.98
1621.05
1627.7
1619.09
1621.81
1622.28
1624.07
1621.94
1627.1
1621.67
1621.56
1626.82
1626.24
1626.44
1627.69
1626.36
1627.69
1624.0
1621.81
1623.02
1625.25
1628.12
1618.65
1620.55
1626.39
1627.44
1618.77
1622.69
1618.8
1624.16
1623.27
1622.1
1619.45
1623.13
1616.18
1617.23
1617.17
1617.14
1615.95
1617.49
1623.96
1620.24
1621.39
1618.64
1615.5
1616.29
1613.24
1619.79
1631.63
1646.91
103.85
104.06
103.82
104.09
103.72
103.7
103.65
103.72
103.56
103.76
103.66
103.65
103.77
103.6
103.8
104.18
103.52
103.77
103.61
103.56
103.61
103.43
103.62
103.51
103.59
102.96
103.27
103.69
103.48
103.61
103.43
103.61
103.45
0.0
0.0
0.0
0.0
0.0
0.0
0.0
0.0
0.0
0.0
0.0
0.0
0.0
0.0
0.0
0.0
0.0
0.0
0.0
0.0
0.0
0.0
0.0
0.0
0.0
0.0
0.0
0.0
0.0
0.0
0.0
0.0
0.0
0.0
0.0
0.0
0.0
0.0
0.0
0.0
0.0
0.0
0.0
0.0
0.0
0.0
0.0
0.0
0.0
0.0
0.0
0.0
0.0
0.0
0.0
0.0
0.0
0.0
0.0
0.0
0.0
0.0
0.0
0.0
0.0
0.0
0.0
0.0
0.0
0.0
0.0
0.0
0.0
0.0
0.0
0.0
0.0
0.0
0.0
0.0
0.0
0.0
0.0
0.0
0.0
0.0
0.0
0.0
0.0
0.0
0.0
0.0
0.0
0.0
0.0
0.0
0.0
0.0
0.0
0.0
0.0
0.0
0.0
0.0
0.0
0.0
0.0
0.0
0.0
0.0
0.0
0.0
0.0
0.0
0.0
0.0
0.0
0.0
0.0
0.0
0.0
0.0
0.0
0.0
0.0
0.0
0.0
0.0
0.0
0.0
0.0
0.0
0.0
0.0
0.0
0.0
0.0
0.0
0.0
0.0
0.0
0.0
0.0
0.0
0.0
0.0
0.0
0.0
0.0
0.0
0.0
0.0
0.0
0.0
0.0
0.0
0.0
0.0
0.0
0.0
0.0
0.0
0.0
0.0
0.0
0.0
0.0
0.0
0.0
0.0
0.0
0.0
0.0
0.0
0.0
0.0
0.0
0.0
0.0
0.0
0.0
0.0
0.0
0.0
0.0
0.0
0.0
0.0
0.0
0.0
0.0
0.0
0.0
0.0
0.0
0.0
0.0
0.0
0.0
0.0
0.0
0.0
0.0
0.0
0.0
0.0
0.0
0.0
0.0
0.0
0.0
0.0
0.0
0.0
0.0
0.0
0.0
0.0
0.0
0.0
0.0
0.0
0.0
0.0
0.0
0.0
0.0
0.0
0.0
0.0
0.0
0.0
0.0
0.0
0.0
0.0
0.0
0.0
0.0
0.0
0.0
0.0
0.0
0.0
0.0
0.0
0.0
0.0
0.0
0.0
0.0
0.0
0.0
0.0
0.0
0.0
0.0
0.0
0.0
0.0
0.0
0.0
0.0
0.0
0.0
0.0
0.0
0.0
0.0
0.0
0.0
0.0
0.0
0.0
0.0
0.0
0.0
0.0
0.0
0.0
0.0
0.0
0.0
0.0
0.0
0.0
0.0
0.0
0.0
0.0
0.0
0.0
0.0
0.0
0.0
0.0
0.0
0.0
0.0
0.0
0.0
0.0
0.0
0.0
0.0
0.0
0.0
0.0
0.0
0.0
0.0
0.0
0.0
0.0
0.0
0.0
0.0
0.0
0.0
0.0
0.0
0.0
0.0
0.0
0.0
0.0
0.0
0.0
0.0
0.0
0.0
0.0
0.0
0.0
0.0
0.0
0.0
0.0
0.0
0.0
0.0
0.0
0.0
0.0
0.0
0.0
0.0
0.0
0.0
0.0
0.0
0.0
0.0
0.0
0.0
0.0
0.0
0.0
0.0
0.0
0.0
0.0
0.0
0.0
0.0
0.0
0.0
0.0
0.0
0.0
0.0
0.0
0.0
0.0
0.0
0.0
0.0
0.0
0.0
0.0
0.0
0.0
0.0
0.0
0.0
0.0
0.0
0.0
0.0
0.0
0.0
0.0
0.0
0.0
0.0
0.0
0.0
0.0
0.0
0.0
0.0
0.0
0.0
0.0
0.0
0.0
0.0
0.0
0.0
0.0
0.0
0.0
0.0
0.0
0.0
0.0
0.0
0.0
0.0
0.0
0.0
0.0
0.0
0.0
0.0
0.0
0.0
0.0
0.0
0.0
0.0
0.0
0.0
0.0
0.0
0.0
0.0
0.0
0.0
0.0
0.0
0.0
0.0
0.0
0.0
0.0
0.0
0.0
0.0
0.0
0.0
0.0
0.0
0.0
0.0
0.0
0.0
0.0
0.0
0.0
0.0
0.0
0.0
0.0
0.0
0.0
0.0
0.0
0.0
0.0
0.0
0.0
0.0
0.0
0.0
0.0
0.0
0.0
0.0
0.0
0.0
0.0
0.0
0.0
0.0
0.0
0.0
0.0
0.0
0.0
0.0
0.0
0.0
0.0
0.0
