166.9
170.02
166.62
1801.3
1775.2
1785.15
1771.96
1770.18
1770.83
1760.79
1770.49
1756.73
1756.56
1758.91
1760.14
1768.85
1753.96
1752.77
1748.47
1744.7
1754.96
1753.78
1746.91
1742.86
1742.98
1741.21
1738.42
1749.42
1735.65
1742.12
1745.89
1744.23
1743.05
1737.74
1741.8
1738.13
1743.0
1741.38
1748.08
1733.84
1747.57
1737.79
1741.88
1730.8
1736.71
1729.6
1727.82
1732.03
1744.7
1735.15
1732.27
1731.12
1743.07
1728.49
1734.9
1732.96
1731.45
1733.46
1732.26
1745.39
1732.0
1729.5
1740.58
1724.6
1729.3
1724.64
1724.87
1728.24
1732.7
1737.0
1730.99
1725.46
1734.73
1731.49
1756.66
1724.12
1627.02
1629.41
1630.28
1626.81
1626.08
1626.17
1629.08
1620.37
1628.17
1628.83
1628.51
1627.65
1624.9
1632.82
1625.49
1627.36
1626.82
1625.69
1625.63
1628.65
1624.09
1629.35
1620.97
1631.78
1625.11
1627.5
1629.28
1636.94
1620.95
1617.89
1625.1
1630.27
1625.63
1630.95
1625.4
1622.5
1628.11
1622.39
1626.37
1622.64
1620.43
1631.1
1624.88
1624.01
1619.05
1619.13
1626.52
1640.14
1623.56
1618.43
1622.48
1615.5
1612.68
1623.49
1615.56
1622.27
1622.68
1619.7
1623.55
1633.64
1626.93
1622.09
1615.75
1622.46
1642.24
1613.85
1626.15
1616.93
1627.93
1619.32
1617.18
1620.15
1625.64
1613.87
1618.89
1616.33
1618.13
1616.2
1622.36
1622.6
1612.85
1610.49
1626.8
1612.9
1630.85
1622.01
1610.47
1613.02
1619.59
1620.4
1625.69
1617.92
1617.55
1619.91
1620.39
1639.47
103.96
103.66
103.64
103.46
103.61
103.5
103.91
103.62
103.76
103.62
103.95
103.77
103.61
103.79
103.81
103.56
103.64
103.31
103.68
103.56
103.5
103.38
103.81
103.63
103.1
103.57
103.46
103.57
103.52
103.58
103.36
103.88
103.4
103.83
103.43
104.06
103.1
103.41
103.03
103.61
103.54
103.44
0.0
0.0
0.0
0.0
0.0
0.0
0.0
0.0
0.0
0.0
0.0
0.0
0.0
0.0
0.0
0.0
0.0
0.0
0.0
0.0
0.0
0.0
0.0
0.0
0.0
0.0
0.0
0.0
0.0
0.0
0.0
0.0
0.0
0.0
0.0
0.0
0.0
0.0
0.0
0.0
0.0
0.0
0.0
0.0
0.0
0.0
0.0
0.0
0.0
0.0
0.0
0.0
0.0
0.0
0.0
0.0
0.0
0.0
0.0
0.0
0.0
0.0
0.0
0.0
0.0
0.0
0.0
0.0
0.0
0.0
0.0
0.0
0.0
0.0
0.0
0.0
0.0
0.0
0.0
0.0
0.0
0.0
0.0
0.0
0.0
0.0
0.0
0.0
0.0
0.0
0.0
0.0
0.0
0.0
0.0
0.0
0.0
0.0
0.0
0.0
0.0
0.0
0.0
0.0
0.0
0.0
0.0
0.0
0.0
0.0
0.0
0.0
0.0
0.0
0.0
0.0
0.0
0.0
0.0
0.0
0.0
0.0
0.0
0.0
0.0
0.0
0.0
0.0
0.0
0.0
0.0
0.0
0.0
0.0
0.0
0.0
0.0
0.0
0.0
0.0
0.0
0.0
0.0
0.0
0.0
0.0
0.0
0.0
0.0
0.0
0.0
0.0
0.0
0.0
0.0
0.0
0.0
0.0
0.0
0.0
0.0
0.0
0.0
0.0
0.0
0.0
0.0
0.0
0.0
0.0
0.0
0.0
0.0
0.0
0.0
0.0
0.0
0.0
0.0
0.0
0.0
0.0
0.0
0.0
0.0
0.0
0.0
0.0
0.0
0.0
0.0
0.0
0.0
0.0
0.0
0.0
0.0
0.0
0.0
0.0
0.0
0.0
0.0
0.0
0.0
0.0
0.0
0.0
0.0
0.0
0.0
0.0
0.0
0.0
0.0
0.0
0.0
0.0
0.0
0.0
0.0
0.0
0.0
0.0
0.0
0.0
0.0
0.0
0.0
0.0
0.0
0.0
0.0
0.0
0.0
0.0
0.0
0.0
0.0
0.0
0.0
0.0
0.0
0.0
0.0
0.0
0.0
0.0
0.0
0.0
0.0
0.0
0.0
0.0
0.0
0.0
0.0
0.0
0.0
0.0
0.0
0.0
0.0
0.0
0.0
0.0
0.0
0.0
0.0
0.0
0.0
0.0
0.0
0.0
0.0
0.0
0.0
0.0
0.0
0.0
0.0
0.0
0.0
0.0
0.0
0.0
0.0
0.0
0.0
0.0
0.0
0.0
0.0
0.0
0.0
0.0
0.0
0.0
0.0
0.0
0.0
0.0
0.0
0.0
0.0
0.0
0.0
0.0
0.0
0.0
0.0
0.0
0.0
0.0
0.0
0.0
0.0
0.0
0.0
0.0
0.0
0.0
0.0
0.0
0.0
0.0
0.0
0.0
0.0
0.0
0.0
0.0
0.0
0.0
0.0
0.0
0.0
0.0
0.0
0.0
0.0
0.0
0.0
0.0
0.0
0.0
0.0
0.0
0.0
0.0
0.0
0.0
0.0
0.0
0.0
0.0
0.0
0.0
0.0
0.0
0.0
0.0
0.0
0.0
0.0
0.0
0.0
0.0
0.0
0.0
0.0
0.0
0.0
0.0
0.0
0.0
0.0
0.0
0.0
0.0
0.0
0.0
0.0
0.0
0.0
0.0
0.0
0.0
0.0
0.0
0.0
0.0
0.0
0.0
0.0
0.0
0.0
0.0
0.0
0.0
0.0
0.0
0.0
0.0
0.0
0.0
0.0
0.0
0.0
0.0
0.0
0.0
0.0
0.0
0.0
0.0
0.0
0.0
0.0
0.0
0.0
0.0
0.0
0.0
0.0
0.0
0.0
0.0
0.0
0.0
0.0
0.0
0.0
0.0
0.0
0.0
0.0
0.0
0.0
0.0
0.0
0.0
0.0
0.0
0.0
0.0
0.0
0.0
0.0
0.0
0.0
0.0
0.0
0.0
0.0
0.0
0.0
0.0
0.0
0.0
0.0
0.0
0.0
0.0
0.0
0.0
0.0
0.0
0.0
0.0
0.0
0.0
0.0
0.0
0.0
0.0
0.0
0.0
0.0
0.0
0.0
0.0
0.0
0.0
0.0
0.0
