166.19
173.11
187.52
1780.24
1765.4
1765.6
1761.15
1761.23
1757.69
1756.05
1750.51
1754.01
1748.74
1746.99
1752.04
1749.24
1752.33
1745.54
1745.75
1740.4
1746.82
1742.96
1739.53
1738.0
1742.04
1743.25
1732.81
1742.06
1741.25
1730.17
1740.72
1734.25
1739.3
1742.06
1731.99
1736.5
1732.77
1735.52
1736.67
1727.87
1737.11
1735.84
1744.0
1733.39
1735.67
1745.7
1740.14
1733.04
1734.96
1732.92
1725.97
1733.26
1731.08
1723.06
1730.48
1731.56
1733.56
1725.22
1737.83
1727.84
1735.95
1728.6
1727.76
1736.22
1733.67
1731.07
1726.76
1729.19
1726.24
1729.49
1724.88
1729.45
1727.45
1726.41
1725.73
1726.62
1631.73
1623.29
1624.29
1629.77
1625.94
1631.48
1630.06
1626.8
1626.18
1622.99
1621.72
1627.69
1630.38
1629.57
1623.43
1624.08
1624.29
1624.1
1626.24
1619.97
1624.62
1627.02
1626.62
1626.27
1624.09
1624.63
1622.34
1626.86
1628.28
1625.34
1627.31
1623.44
1626.94
1624.63
1622.24
1623.06
1624.74
1621.72
1633.44
1624.14
1622.81
1625.29
1616.54
1624.19
1617.64
1620.83
1618.65
1619.5
1626.72
1620.38
1620.62
1615.72
1618.16
1625.32
1621.5
1627.66
1615.2
1618.33
1616.47
1623.13
1618.96
1622.3
1624.79
1631.42
1619.52
1617.65
1617.9
1621.22
1623.87
1620.33
1618.78
1618.2
1617.07
1620.57
1621.24
1618.2
1621.23
1619.78
1619.75
1619.54
1622.46
1620.28
1616.84
1621.3
1618.38
1620.91
1621.05
1626.2
1620.05
1623.29
1621.79
1617.51
1619.41
1618.49
1626.53
1641.4
1135.2
103.89
103.76
103.91
103.67
104.04
103.91
103.8
103.91
103.81
104.11
103.8
103.63
103.69
103.45
103.71
103.64
103.35
103.72
103.54
103.74
103.58
104.02
103.68
103.76
103.77
103.54
103.54
103.7
103.47
103.66
103.7
103.78
103.46
103.65
103.68
103.63
103.25
103.43
103.29
103.6
103.26
103.43
103.4
103.33
103.64
103.47
103.51
103.51
103.6
103.27
103.62
103.4
103.56
0.0
0.0
0.0
0.0
0.0
0.0
0.0
0.0
0.0
0.0
0.0
0.0
0.0
0.0
0.0
0.0
0.0
0.0
0.0
0.0
0.0
0.0
0.0
0.0
0.0
0.0
0.0
0.0
0.0
0.0
0.0
0.0
0.0
0.0
0.0
0.0
0.0
0.0
0.0
0.0
0.0
0.0
0.0
0.0
0.0
0.0
0.0
0.0
0.0
0.0
0.0
0.0
0.0
0.0
0.0
0.0
0.0
0.0
0.0
0.0
0.0
0.0
0.0
0.0
0.0
0.0
0.0
0.0
0.0
0.0
0.0
0.0
0.0
0.0
0.0
0.0
0.0
0.0
0.0
0.0
0.0
0.0
0.0
0.0
0.0
0.0
0.0
0.0
0.0
0.0
0.0
0.0
0.0
0.0
0.0
0.0
0.0
0.0
0.0
0.0
0.0
0.0
0.0
0.0
0.0
0.0
0.0
0.0
0.0
0.0
0.0
0.0
0.0
0.0
0.0
0.0
0.0
0.0
0.0
0.0
0.0
0.0
0.0
0.0
0.0
0.0
0.0
0.0
0.0
0.0
0.0
0.0
0.0
0.0
0.0
0.0
0.0
0.0
0.0
0.0
0.0
0.0
0.0
0.0
0.0
0.0
0.0
0.0
0.0
0.0
0.0
0.0
0.0
0.0
0.0
0.0
0.0
0.0
0.0
0.0
0.0
0.0
0.0
0.0
0.0
0.0
0.0
0.0
0.0
0.0
0.0
0.0
0.0
0.0
0.0
0.0
0.0
0.0
0.0
0.0
0.0
0.0
0.0
0.0
0.0
0.0
0.0
0.0
0.0
0.0
0.0
0.0
0.0
0.0
0.0
0.0
0.0
0.0
0.0
0.0
0.0
0.0
0.0
0.0
0.0
0.0
0.0
0.0
0.0
0.0
0.0
0.0
0.0
0.0
0.0
0.0
0.0
0.0
0.0
0.0
0.0
0.0
0.0
0.0
0.0
0.0
0.0
0.0
0.0
0.0
0.0
0.0
0.0
0.0
0.0
0.0
0.0
0.0
0.0
0.0
0.0
0.0
0.0
0.0
0.0
0.0
0.0
0.0
0.0
0.0
0.0
0.0
0.0
0.0
0.0
0.0
0.0
0.0
0.0
0.0
0.0
0.0
0.0
0.0
0.0
0.0
0.0
0.0
0.0
0.0
0.0
0.0
0.0
0.0
0.0
0.0
0.0
0.0
0.0
0.0
0.0
0.0
0.0
0.0
0.0
0.0
0.0
0.0
0.0
0.0
0.0
0.0
0.0
0.0
0.0
0.0
0.0
0.0
0.0
0.0
0.0
0.0
0.0
0.0
0.0
0.0
0.0
0.0
0.0
0.0
0.0
0.0
0.0
0.0
0.0
0.0
0.0
0.0
0.0
0.0
0.0
0.0
0.0
0.0
0.0
0.0
0.0
0.0
0.0
0.0
0.0
0.0
0.0
0.0
0.0
0.0
0.0
0.0
0.0
0.0
0.0
0.0
0.0
0.0
0.0
0.0
0.0
0.0
0.0
0.0
0.0
0.0
0.0
0.0
0.0
0.0
0.0
0.0
0.0
0.0
0.0
0.0
0.0
0.0
0.0
0.0
0.0
0.0
0.0
0.0
0.0
0.0
0.0
0.0
0.0
0.0
0.0
0.0
0.0
0.0
0.0
0.0
0.0
0.0
0.0
0.0
0.0
0.0
0.0
0.0
0.0
0.0
0.0
0.0
0.0
0.0
0.0
0.0
0.0
0.0
0.0
0.0
0.0
0.0
0.0
0.0
0.0
0.0
0.0
0.0
0.0
0.0
0.0
0.0
0.0
0.0
0.0
0.0
0.0
0.0
0.0
0.0
0.0
0.0
0.0
0.0
0.0
0.0
0.0
0.0
0.0
0.0
0.0
0.0
0.0
0.0
0.0
0.0
0.0
0.0
0.0
0.0
0.0
0.0
0.0
0.0
0.0
0.0
0.0
0.0
0.0
0.0
0.0
0.0
0.0
0.0
0.0
0.0
0.0
0.0
0.0
0.0
0.0
0.0
0.0
0.0
0.0
0.0
0.0
0.0
0.0
0.0
0.0
0.0
