538.3
542.15
524.58
546.8499999999999
539.88
531.65
534.92
537.71
972.2400000000001
978.39
976.53
982.89
971.1500000000001
978.3199999999999
982.13
977.53
976.8
976.79
604.94
531.3
529.72
539.25
552.86
536.79
537.34
525.41
536.7099999999999
540.12
543.21
533.3
538.39
528.0600000000001
534.32
529.5
553.45
528.11
544.67
540.29
548.1899999999999
543.12
533.6
553.64
540.09
525.29
544.9200000000001
538.4000000000001
533.11
539.54
546.32
534.51
548.3
539.41
543.65
591.2
541.4599999999999
529.78
539.04
538.2900000000001
538.71
527.6
553.7
547.8100000000001
533.97
545.2
540.05
534.41
561.5999999999999
549.9399999999999
520.06
555.8299999999999
547.1700000000001
527.8499999999999
541.64
536.43
532.56
543.2900000000001
544.8
532.36
530.9399999999999
530.23
553.46
536.39
544.64
536.35
519.45
540.48
531.47
548.52
539.84
558.53
534.12
544.5999999999999
559.6500000000001
546.84
534.39
535.79
536.62
530.28
549.0400000000001
544.3599999999999
535.86
534.4200000000001
547.9
540.49
547.72
537.05
544.52
537.48
562.82
556.54
547.97
561.46
533.5500000000001
552.62
541.88
542.76
537.19
532.45
535.73
547.16
528.89
544.41
545.4399999999999
530.39
542.3199999999999
548.74
540.0999999999999
538.7
550.02
546.84
563.65
541.22
555.27
534.1300000000001
549.36
530.18
531.9000000000001
532.14
523.74
541.34
551.97
543.1899999999999
542.07
542.51
536.69
556.19
536.3599999999999
536.61
538.88
532.44
543.86
546.56
552.37
537.29
536.22
541.5
536.1600000000001
541.01
524.5
528.9399999999999
555.65
533.75
530.15
537.34
553.16
532.63
539.02
538.54
545.3299999999999
552.45
549.3
530.38
538.62
543.51
541.15
532.62
528.62
526.11
527.5
531.5
495.22
505.13
528.72
539.02
538.54
545.3299999999999
552.45
549.3
530.38
538.62
543.51
541.15
532.62
528.62
526.11
527.5
531.5
495.22
505.13
528.72
539.02
538.54
545.3299999999999
552.45
549.3
530.38
538.62
543.51
541.15
532.62
528.62
526.11
527.5
531.5
495.22
505.13
528.72
539.02
538.54
545.3299999999999
552.45
549.3
530.38
538.62
543.51
541.15
532.62
528.62
526.11
527.5
531.5
495.22
505.13
528.72
539.02
538.54
545.3299999999999
552.45
549.3
530.38
538.62
543.51
541.15
532.62
528.62
526.11
527.5
531.5
495.22
505.13
528.72
539.02
538.54
545.3299999999999
552.45
549.3
530.38
538.62
543.51
541.15
532.62
528.62
526.11
527.5
531.5
495.22
505.13
528.72
0.0
0.0
0.0
0.0
0.0
0.0
0.0
0.0
0.0
0.0
0.0
0.0
0.0
0.0
0.0
0.0
0.0
0.0
0.0
0.0
0.0
0.0
0.0
0.0
0.0
0.0
0.0
0.0
0.0
0.0
0.0
0.0
0.0
0.0
0.0
0.0
0.0
0.0
0.0
0.0
0.0
0.0
0.0
0.0
0.0
0.0
0.0
0.0
0.0
0.0
0.0
0.0
0.0
0.0
0.0
0.0
0.0
0.0
0.0
0.0
0.0
0.0
0.0
0.0
0.0
0.0
0.0
0.0
0.0
0.0
0.0
0.0
0.0
0.0
0.0
0.0
0.0
0.0
0.0
0.0
0.0
0.0
0.0
0.0
0.0
0.0
0.0
0.0
0.0
0.0
0.0
0.0
0.0
0.0
0.0
0.0
0.0
0.0
0.0
0.0
0.0
0.0
0.0
0.0
0.0
0.0
0.0
0.0
0.0
0.0
0.0
0.0
0.0
0.0
0.0
0.0
0.0
0.0
0.0
0.0
0.0
0.0
0.0
0.0
0.0
0.0
0.0
0.0
0.0
0.0
0.0
0.0
0.0
0.0
0.0
0.0
0.0
0.0
0.0
0.0
0.0
0.0
0.0
0.0
0.0
0.0
0.0
0.0
0.0
0.0
0.0
0.0
0.0
0.0
0.0
0.0
0.0
0.0
0.0
0.0
0.0
0.0
0.0
0.0
0.0
0.0
0.0
0.0
0.0
0.0
0.0
0.0
0.0
0.0
0.0
0.0
0.0
0.0
0.0
0.0
0.0
0.0
0.0
0.0
0.0
0.0
0.0
0.0
0.0
0.0
0.0
0.0
0.0
0.0
0.0
0.0
0.0
0.0
0.0
0.0
0.0
0.0
0.0
0.0
0.0
0.0
0.0
0.0
0.0
0.0
0.0
0.0
0.0
0.0
0.0
0.0
0.0
0.0
0.0
0.0
0.0
0.0
0.0
0.0
0.0
0.0
0.0
0.0
0.0
0.0
0.0
0.0
0.0
0.0
0.0
0.0
0.0
0.0
0.0
0.0
0.0
0.0
0.0
0.0
0.0
0.0
0.0
0.0
0.0
0.0
0.0
0.0
0.0
0.0
0.0
0.0
0.0
0.0
0.0
0.0
0.0
0.0
0.0
0.0
0.0
0.0
0.0
0.0
0.0
0.0
0.0
0.0
0.0
0.0
0.0
0.0
0.0
0.0
0.0
0.0
0.0
0.0
0.0
0.0
0.0
0.0
0.0
0.0
0.0
0.0
0.0
0.0
0.0
0.0
0.0
0.0
0.0
0.0
0.0
0.0
0.0
0.0
0.0
0.0
0.0
0.0
0.0
0.0
0.0
0.0
0.0
0.0
0.0
0.0
0.0
0.0
0.0
0.0
0.0
0.0
0.0
0.0
0.0
0.0
0.0
0.0
0.0
0.0
0.0
0.0
0.0
0.0
0.0
0.0
0.0
0.0
0.0
0.0
0.0
0.0
0.0
0.0
0.0
0.0
0.0
0.0
0.0
0.0
0.0
0.0
0.0
0.0
0.0
0.0
0.0
0.0
0.0
0.0
0.0
0.0
0.0
0.0
0.0
0.0
0.0
0.0
0.0
0.0
0.0
0.0
0.0
0.0
0.0
0.0
0.0
0.0
0.0
0.0
0.0
0.0
0.0
0.0
0.0
0.0
0.0
0.0
0.0
0.0
0.0
0.0
0.0
0.0
0.0
0.0
0.0
0.0
0.0
0.0
0.0
0.0
0.0
0.0
0.0
0.0
0.0
0.0
0.0
0.0
0.0
0.0
0.0
0.0
0.0
0.0
0.0
0.0
0.0
0.0
0.0
0.0
0.0
0.0
0.0
0.0
0.0
0.0
0.0
0.0
0.0
0.0
0.0
0.0
0.0
0.0
0.0
0.0
0.0
0.0
0.0
0.0
0.0
0.0
0.0
0.0
0.0
0.0
0.0
0.0
0.0
0.0
0.0
0.0
0.0
0.0
0.0
0.0
0.0
0.0
0.0
0.0
0.0
0.0
0.0
0.0
0.0
0.0
0.0
0.0
0.0
0.0
0.0
0.0
0.0
0.0
0.0
0.0
0.0
0.0
0.0
0.0
0.0
0.0
0.0
0.0
0.0
0.0
0.0
0.0
0.0
0.0
0.0
0.0
0.0
0.0
0.0
0.0
0.0
0.0
0.0
0.0
0.0
0.0
0.0
0.0
0.0
0.0
0.0
0.0
0.0
0.0
0.0
0.0
0.0
0.0
0.0
0.0
0.0
