166.32
179.19
169.11
2318.83
2307.93
2305.45
2312.41
2315.84
2329.67
2330.65
2311.52
2316.46
2326.48
2328.88
2322.18
2339.67
2312.57
2312.52
2310.22
2313.3
2310.62
2303.31
2314.69
2295.82
2300.78
2296.72
2308.18
2310.8
2293.37
2305.59
2315.1
2305.92
2307.88
2302.03
2307.0
2299.42
2295.99
2298.07
2301.08
2298.58
2303.27
2298.87
2300.3
2298.12
2291.88
2290.75
2291.55
2297.56
2296.23
2302.94
2298.62
2291.09
2283.11
2290.3
2288.73
2304.45
2292.79
2290.9
2290.81
2293.67
2292.92
2304.43
2290.47
2293.2
2291.9
2297.69
2290.24
2288.58
2293.35
2285.86
2255.56
2230.95
2230.84
2239.63
2234.54
2235.08
2136.87
2129.55
2128.54
2127.83
2120.11
2121.33
2120.19
2125.39
2126.12
2115.74
2125.46
2118.77
2126.38
2128.92
2124.37
2126.25
2123.73
2123.46
2117.99
2122.97
2125.19
2128.56
2123.46
2123.62
2124.77
2133.04
2117.42
2117.29
2123.47
2119.41
2122.05
2120.2
2116.64
2116.61
2120.65
2115.53
2119.72
2128.09
2117.95
2113.5
2121.14
2116.39
2122.99
2106.86
2112.39
2123.75
2125.36
2121.16
2112.64
2115.14
2126.54
2109.75
2119.11
2120.77
2126.42
2124.93
2134.53
2128.67
2120.43
2107.57
2122.63
2115.89
2117.92
2109.55
2125.6
2116.55
2112.96
2116.3
2120.17
2122.26
2114.81
2124.28
2130.31
2115.29
2118.09
2111.07
2123.27
2116.87
2122.06
2114.35
2122.89
2118.46
2101.41
2118.33
2115.19
2125.54
2119.55
2115.71
2107.06
2120.23
2125.8
2118.0
2118.76
2111.95
2127.86
2184.39
300.05
103.09
102.95
102.93
102.83
102.99
103.33
102.92
102.96
102.99
102.98
103.06
103.49
103.01
102.84
103.13
102.98
102.87
102.94
103.08
102.87
102.81
102.74
103.28
102.74
102.8
103.01
102.79
102.86
102.79
102.89
102.9
102.97
102.62
102.82
102.93
103.02
102.25
102.8
102.54
0.0
0.0
0.0
0.0
0.0
0.0
0.0
0.0
0.0
0.0
0.0
0.0
0.0
0.0
0.0
0.0
0.0
0.0
0.0
0.0
0.0
0.0
0.0
0.0
0.0
0.0
0.0
0.0
0.0
0.0
0.0
0.0
0.0
0.0
0.0
0.0
0.0
0.0
0.0
0.0
0.0
0.0
0.0
0.0
0.0
0.0
0.0
0.0
0.0
0.0
0.0
0.0
0.0
0.0
0.0
0.0
0.0
0.0
0.0
0.0
0.0
0.0
0.0
0.0
0.0
0.0
0.0
0.0
0.0
0.0
0.0
0.0
0.0
0.0
0.0
0.0
0.0
0.0
0.0
0.0
0.0
0.0
0.0
0.0
0.0
0.0
0.0
0.0
0.0
0.0
0.0
0.0
0.0
0.0
0.0
0.0
0.0
0.0
0.0
0.0
0.0
0.0
0.0
0.0
0.0
0.0
0.0
0.0
0.0
0.0
0.0
0.0
0.0
0.0
0.0
0.0
0.0
0.0
0.0
0.0
0.0
0.0
0.0
0.0
0.0
0.0
0.0
0.0
0.0
0.0
0.0
0.0
0.0
0.0
0.0
0.0
0.0
0.0
0.0
0.0
0.0
0.0
0.0
0.0
0.0
0.0
0.0
0.0
0.0
0.0
0.0
0.0
0.0
0.0
0.0
0.0
0.0
0.0
0.0
0.0
0.0
0.0
0.0
0.0
0.0
0.0
0.0
0.0
0.0
0.0
0.0
0.0
0.0
0.0
0.0
0.0
0.0
0.0
0.0
0.0
0.0
0.0
0.0
0.0
0.0
0.0
0.0
0.0
0.0
0.0
0.0
0.0
0.0
0.0
0.0
0.0
0.0
0.0
0.0
0.0
0.0
0.0
0.0
0.0
0.0
0.0
0.0
0.0
0.0
0.0
0.0
0.0
0.0
0.0
0.0
0.0
0.0
0.0
0.0
0.0
0.0
0.0
0.0
0.0
0.0
0.0
0.0
0.0
0.0
0.0
0.0
0.0
0.0
0.0
0.0
0.0
0.0
0.0
0.0
0.0
0.0
0.0
0.0
0.0
0.0
0.0
0.0
0.0
0.0
0.0
0.0
0.0
0.0
0.0
0.0
0.0
0.0
0.0
0.0
0.0
0.0
0.0
0.0
0.0
0.0
0.0
0.0
0.0
0.0
0.0
0.0
0.0
0.0
0.0
0.0
0.0
0.0
0.0
0.0
0.0
0.0
0.0
0.0
0.0
0.0
0.0
0.0
0.0
0.0
0.0
0.0
0.0
0.0
0.0
0.0
0.0
0.0
0.0
0.0
0.0
0.0
0.0
0.0
0.0
0.0
0.0
0.0
0.0
0.0
0.0
0.0
0.0
0.0
0.0
0.0
0.0
0.0
0.0
0.0
0.0
0.0
0.0
0.0
0.0
0.0
0.0
0.0
0.0
0.0
0.0
0.0
0.0
0.0
0.0
0.0
0.0
0.0
0.0
0.0
0.0
0.0
0.0
0.0
0.0
0.0
0.0
0.0
0.0
0.0
0.0
0.0
0.0
0.0
0.0
0.0
0.0
0.0
0.0
0.0
0.0
0.0
0.0
0.0
0.0
0.0
0.0
0.0
0.0
0.0
0.0
0.0
0.0
0.0
0.0
0.0
0.0
0.0
0.0
0.0
0.0
0.0
0.0
0.0
0.0
0.0
0.0
0.0
0.0
0.0
0.0
0.0
0.0
0.0
0.0
0.0
0.0
0.0
0.0
0.0
0.0
0.0
0.0
0.0
0.0
0.0
0.0
0.0
0.0
0.0
0.0
0.0
0.0
0.0
0.0
0.0
0.0
0.0
0.0
0.0
0.0
0.0
0.0
0.0
0.0
0.0
0.0
0.0
0.0
0.0
0.0
0.0
0.0
0.0
0.0
0.0
0.0
0.0
0.0
0.0
0.0
0.0
0.0
0.0
0.0
0.0
0.0
0.0
0.0
0.0
0.0
0.0
0.0
0.0
0.0
0.0
0.0
0.0
0.0
0.0
0.0
0.0
0.0
0.0
0.0
0.0
0.0
0.0
0.0
0.0
0.0
0.0
0.0
0.0
0.0
0.0
0.0
0.0
0.0
0.0
0.0
0.0
0.0
0.0
0.0
0.0
0.0
0.0
0.0
