19931.0
19664.8
19121.0
19657.0
20280.2
21102.4
19550.2
20422.8
20041.2
20811.0
19926.6
20333.8
20431.2
19825.4
19870.0
19827.6
19765.2
20985.0
19906.0
19949.6
20289.0
19755.6
21684.6
20544.0
19867.6
20119.8
21102.6
19867.6
20133.8
20329.6
20866.6
21083.6
19927.6
20471.8
20627.4
19736.6
21560.8
20871.6
20783.2
21887.8
21157.4
19685.0
19733.8
22192.6
19161.6
20316.6
19604.2
19746.8
21004.0
18663.0
20316.2
21594.8
20011.4
18809.0
19740.0
20653.2
21082.4
19872.0
19258.6
20721.8
20593.4
20601.4
19553.2
21035.0
20407.6
20094.0
20657.0
21002.0
20983.8
20113.4
19106.0
20769.4
20387.0
20376.8
20187.0
20255.2
19675.6
20858.4
20330.4
20361.0
21090.2
20403.6
20245.8
20817.6
20407.8
20190.4
20858.8
20384.6
20852.2
20474.2
20576.0
20459.8
19292.8
20226.8
20614.8
20134.0
19891.2
20657.0
20086.8
14461.4
21765.0
18229.4
15751.8
15003.4
13428.0
12778.8
12067.0
11954.0
11286.4
12116.0
10647.0
11595.6
14044.6
14017.6
12111.0
13719.0
13719.4
11698.0
11600.2
10970.8
11583.2
11106.8
11501.4
9402.8
12839.4
35406.0
26451.6
9532.2
10896.2
9947.2
10119.0
16539.2
11515.6
10226.6
9710.2
9070.4
9709.8
9849.8
19406.0
19570.2
9631.6
20060.8
39517.6
9027.6
9351.6
9057.0
13474.4
9239.0
7325.2
55356.8
8906.6
50077.6
9620.8
12133.8
13053.0
8439.2
9601.2
15534.0
9593.6
9304.2
9444.0
8797.6
9079.4
9339.0
47561.2
13388.8
9067.6
8907.4
9143.8
12099.4
9239.0
14502.4
9556.4
9634.6
9669.0
9719.4
9330.0
10082.4
9722.0
9411.2
25309.0
9722.8
10285.2
9613.4
10572.0
9959.0
10232.2
10293.6
10051.6
10331.8
10511.4
10254.4
10426.4
10149.8
11001.2
10572.0
10608.4
10512.6
4363.8
4654.8
7270.8
5304.0
9373.2
10250.0
8024.6
6726.0
5618.2
5332.8
6182.6
5075.2
6695.8
4950.2
5609.4
7054.6
5255.6
4270.8
4060.8
17066.8
5028.6
3837.4
3579.6
4029.6
4006.0
4015.4
3975.6
3986.8
4021.4
3920.6
3399.8
3793.8
3912.8
3470.2
3897.8
3652.8
3670.2
3415.2
3769.2
3382.2
2859.6
3106.6
2978.0
2806.6
3147.2
2912.8
2868.0
3436.0
2740.8
4234.6
2527.2
3375.6
3611.6
3138.8
2437.0
3010.8
2491.6
2896.6
3310.0
2741.8
2875.0
3565.8
3772.6
2417.2
3293.6
2796.2
3006.8
2453.4
1669.2
2281.6
1832.4
2357.2
1528.6
2204.2
1851.6
1959.2
1275.6
1246.2
2549.8
2921.2
1950.2
1591.8
1998.0
1353.6
2097.6
1424.2
1886.2
1317.8
1676.4
1185.4
874.2
1295.8
1075.4
964.8
908.2
884.0
843.6
789.2
973.4
1080.0
842.4
959.0
1375.0
803.6
789.4
757.6
947.2
759.4
730.2
821.8
1039.0
1301.2
1034.6
766.2
947.4
622.8
737.2
614.4
1125.2
667.4
567.4
881.6
823.8
467.6
374.6
518.4
828.4
766.6
504.0
1011.0
586.6
722.4
369.0
655.6
333.6
425.0
280.6
599.6
406.2
405.4
468.2
426.8
370.0
116.8
572.8
162.2
578.6
313.4
434.6
217.4
291.2
329.2
370.2
392.4
558.6
90.4
306.8
516.2
174.6
115.2
359.8
243.6
350.0
285.0
395.2
549.6
292.0
678.6
320.8
365.0
237.4
99.0
321.0
328.6
190.8
194.2
354.4
215.0
281.4
122.6
200.6
265.4
239.0
235.6
69.8
144.8
66.0
200.2
361.4
55.0
101.2
29.4
54.6
101.6
340.8
275.8
175.6
42.0
143.4
90.4
160.2
108.4
150.0
9.6
67.4
210.4
77.8
16.8
49.2
83.8
247.6
53.8
9.4
8.0
126.2
59.8
2.6
1.0
41.0
40.8
72.2
10.2
3.2
12.4
74.4
74.6
70.6
1.4
0.8
42.0
90.6
86.4
46.2
6.4
2.6
1.4
5.8
230.8
121.4
3.8
78.6
31.6
3.2
78.4
74.6
0.2
8.2
6.8
73.8
184.8
20.4
0.2
34.2
69.6
30.6
27.6
6.6
4.8
0.0
0.0
0.0
0.0
0.0
0.0
0.0
0.0
0.0
0.0
0.0
0.0
0.0
0.0
0.0
0.0
0.0
0.0
0.0
0.0
0.0
0.0
0.0
0.0
0.0
0.0
0.0
0.0
0.0
0.0
0.0
0.0
0.0
0.0
0.0
0.0
0.0
0.0
0.0
0.0
0.0
0.0
0.0
0.0
0.0
0.0
0.0
0.0
0.0
0.0
0.0
0.0
0.0
0.0
0.0
0.0
0.0
0.0
0.0
0.0
0.0
0.0
0.0
0.0
0.0
0.0
0.0
0.0
0.0
0.0
0.0
0.0
0.0
0.0
0.0
0.0
0.0
0.0
0.0
0.0
0.0
0.0
0.0
0.0
0.0
0.0
0.0
0.0
0.0
0.0
0.0
0.0
0.0
0.0
0.0
0.0
0.0
0.0
0.0
0.0
0.0
0.0
0.0
0.0
0.0
0.0
0.0
0.0
0.0
0.0
0.0
0.0
0.0
0.0
0.0
0.0
0.0
0.0
0.0
0.0
0.0
0.0
0.0
0.0
0.0
0.0
0.0
0.0
0.0
0.0
0.0
0.0
0.0
0.0
0.0
0.0
0.0
0.0
0.0
0.0
0.0
0.0
0.0
0.0
0.0
0.0
0.0
0.0
0.0
0.0
0.0
0.0
0.0
0.0
0.0
0.0
0.0
0.0
0.0
0.0
0.0
0.0
0.0
0.0
0.0
0.0
0.0
0.0
0.0
0.0
0.0
0.0
0.0
0.0
0.0
0.0
0.0
0.0
0.0
0.0
0.0
0.0
0.0
0.0
0.0
0.0
0.0
0.0
0.0
0.0
0.0
0.0
0.0
0.0
0.0
0.0
0.0
0.0
0.0
0.0
0.0
0.0
0.0
0.0
0.0
0.0
0.0
0.0
0.0
0.0
0.0
0.0
0.0
0.0
0.0
0.0
0.0
0.0
0.0
0.0
0.0
0.0
0.0
0.0
0.0
0.0
0.0
0.0
0.0
0.0
0.0
0.0
0.0
0.0
0.0
0.0
0.0
0.0
0.0
0.0
0.0
0.0
0.0
0.0
0.0
0.0
0.0
0.0
0.0
0.0
0.0
0.0
0.0
0.0
0.0
0.0
0.0
0.0
0.0
0.0
0.0
0.0
0.0
0.0
0.0
0.0
0.0
0.0
0.0
0.0
0.0
0.0
0.0
0.0
0.0
0.0
0.0
0.0
0.0
0.0
0.0
0.0
0.0
0.0
0.0
0.0
0.0
0.0
0.0
0.0
0.0
0.0
0.0
0.0
0.0
0.0
0.0
0.0
0.0
0.0
0.0
0.0
0.0
0.0
0.0
0.0
0.0
0.0
0.0
0.0
0.0
0.0
0.0
0.0
0.0
0.0
0.0
0.0
0.0
0.0
0.0
0.0
0.0
0.0
0.0
0.0
0.0
0.0
0.0
0.0
0.0
0.0
0.0
0.0
0.0
0.0
0.0
0.0
0.0
0.0
0.0
0.0
0.0
0.0
0.0
0.0
0.0
0.0
0.0
0.0
0.0
0.0
0.0
0.0
0.0
0.0
0.0
0.0
0.0
0.0
0.0
0.0
0.0
0.0
0.0
0.0
0.0
0.0
0.0
0.0
0.0
0.0
0.0
0.0
0.0
0.0
0.0
0.0
0.0
0.0
0.0
0.0
0.0
0.0
0.0
0.0
0.0
0.0
0.0
0.0
0.0
0.0
0.0
0.0
0.0
0.0
0.0
0.0
0.0
0.0
0.0
0.0
0.0
0.0
0.0
0.0
0.0
0.0
0.0
0.0
0.0
0.0
0.0
0.0
0.0
0.0
0.0
0.0
0.0
0.0
0.0
0.0
0.0
0.0
0.0
0.0
0.0
0.0
0.0
0.0
0.0
0.0
0.0
0.0
0.0
0.0
0.0
0.0
0.0
0.0
0.0
0.0
0.0
0.0
0.0
0.0
0.0
0.0
0.0
0.0
0.0
0.0
0.0
0.0
0.0
0.0
0.0
0.0
0.0
0.0
0.0
0.0
0.0
0.0
0.0
0.0
0.0
0.0
0.0
0.0
0.0
0.0
0.0
0.0
0.0
0.0
0.0
0.0
0.0
0.0
0.0
0.0
0.0
0.0
0.0
0.0
0.0
0.0
0.0
0.0
0.0
0.0
0.0
0.0
0.0
0.0
0.0
0.0
0.0
0.0
0.0
0.0
0.0
0.0
0.0
0.0
0.0
0.0
0.0
0.0
0.0
0.0
0.0
0.0
0.0
0.0
0.0
0.0
0.0
0.0
0.0
0.0
0.0
0.0
0.0
0.0
0.0
0.0
0.0
0.0
0.0
0.0
0.0
0.0
0.0
0.0
0.0
0.0
0.0
0.0
0.0
0.0
0.0
0.0
