546.6600000000001
557.6
562.2099999999999
548.54
547.62
547.76
542.76
546.98
919.72
928.21
926.27
926.9
922.4000000000001
927.91
926.2800000000001
926.4900000000001
923.88
926.8699999999999
929.99
927.8800000000001
928.9000000000001
942.4699999999999
924.48
926.92
927.3100000000002
926.3900000000001
928.28
929.98
929.0100000000001
931.7900000000001
929.63
925.68
927.37
930.37
928.18
925.23
928.3899999999999
926.01
926.6600000000001
930.6799999999998
929.0400000000001
928.7599999999999
926.31
922.0999999999999
934.87
925.74
928.2499999999999
935.5699999999999
931.6700000000001
931.62
930.0699999999999
930.01
928.28
928.55
926.92
929.6099999999999
929.71
964.17
930.76
927.67
927.94
929.26
929.8799999999999
928.11
924.03
928.35
928.6499999999999
927.3999999999999
927.16
927.76
927.98
928.4499999999998
930.23
929.81
929.8100000000001
929.4699999999999
928.77
931.0500000000001
545.92
536.99
554.75
536.5
526.76
526.2
539.12
545.3100000000001
536.4399999999999
535.14
532.45
545.61
549.26
532.56
531.5
538.16
554.53
545.38
753.9799999999999
540.91
536.27
547.48
552.46
533.15
537.1800000000001
551.79
541.61
531.45
533.53
529.53
538.2
537.14
531.9
543.9300000000001
552.31
535.41
541.97
549.77
543.69
535.35
529.28
542.46
536.78
542.1899999999999
556.89
533.03
524.97
526.51
540.54
526.26
558.11
556.36
532.66
544.14
541.5600000000001
539.52
540.6
622.79
566.33
536.1999999999999
544.4100000000001
538.85
545.4200000000001
536.58
592.97
545.38
553.73
537.89
534.6700000000001
549.8299999999999
540.87
537.9
531.64
538.94
530.8900000000001
528.1
546.54
540.7900000000001
543.13
538.57
540.9200000000001
536.26
532.39
534.15
547.2099999999999
541.2
549.5300000000001
532.88
537.69
536.26
549.31
538.8299999999999
545.65
539.54
546.12
538.47
554.67
547.0600000000001
546.66
545.3499999999999
548.91
537.27
544.85
557.8299999999999
544.1
548.51
566.14
529.8399999999999
543.53
521.49
525.4799999999999
536.29
531.9200000000001
531.26
518.2
548.1899999999999
527.38
525.79
549.95
537.1500000000001
519.41
525.1
531.29
520.3
532.4
503.2300000000001
510.62
538.22
493.19999999999993
528.64
519.0
537.75
507.68
544.36
531.52
527.1899999999999
522.9100000000001
516.45
528.7
529.54
524.25
509.93000000000006
530.01
541.34
504.17
0.0
0.0
0.0
0.0
0.0
0.0
0.0
0.0
0.0
0.0
0.0
0.0
0.0
0.0
0.0
0.0
0.0
0.0
0.0
0.0
0.0
0.0
0.0
0.0
0.0
0.0
0.0
0.0
0.0
0.0
0.0
0.0
0.0
0.0
0.0
0.0
0.0
0.0
0.0
0.0
0.0
0.0
0.0
0.0
0.0
0.0
0.0
0.0
0.0
0.0
0.0
0.0
0.0
0.0
0.0
0.0
0.0
0.0
0.0
0.0
0.0
0.0
0.0
0.0
0.0
0.0
0.0
0.0
0.0
0.0
0.0
0.0
0.0
0.0
0.0
0.0
0.0
0.0
0.0
0.0
0.0
0.0
0.0
0.0
0.0
0.0
0.0
0.0
0.0
0.0
0.0
0.0
0.0
0.0
0.0
0.0
0.0
0.0
0.0
0.0
0.0
0.0
0.0
0.0
0.0
0.0
0.0
0.0
0.0
0.0
0.0
0.0
0.0
0.0
0.0
0.0
0.0
0.0
0.0
0.0
0.0
0.0
0.0
0.0
0.0
0.0
0.0
0.0
0.0
0.0
0.0
0.0
0.0
0.0
0.0
0.0
0.0
0.0
0.0
0.0
0.0
0.0
0.0
0.0
0.0
0.0
0.0
0.0
0.0
0.0
0.0
0.0
0.0
0.0
0.0
0.0
0.0
0.0
0.0
0.0
0.0
0.0
0.0
0.0
0.0
0.0
0.0
0.0
0.0
0.0
0.0
0.0
0.0
0.0
0.0
0.0
0.0
0.0
0.0
0.0
0.0
0.0
0.0
0.0
0.0
0.0
0.0
0.0
0.0
0.0
0.0
0.0
0.0
0.0
0.0
0.0
0.0
0.0
0.0
0.0
0.0
0.0
0.0
0.0
0.0
0.0
0.0
0.0
0.0
0.0
0.0
0.0
0.0
0.0
0.0
0.0
0.0
0.0
0.0
0.0
0.0
0.0
0.0
0.0
0.0
0.0
0.0
0.0
0.0
0.0
0.0
0.0
0.0
0.0
0.0
0.0
0.0
0.0
0.0
0.0
0.0
0.0
0.0
0.0
0.0
0.0
0.0
0.0
0.0
0.0
0.0
0.0
0.0
0.0
0.0
0.0
0.0
0.0
0.0
0.0
0.0
0.0
0.0
0.0
0.0
0.0
0.0
0.0
0.0
0.0
0.0
0.0
0.0
0.0
0.0
0.0
0.0
0.0
0.0
0.0
0.0
0.0
0.0
0.0
0.0
0.0
0.0
0.0
0.0
0.0
0.0
0.0
0.0
0.0
0.0
0.0
0.0
0.0
0.0
0.0
0.0
0.0
0.0
0.0
0.0
0.0
0.0
0.0
0.0
0.0
0.0
0.0
0.0
0.0
0.0
0.0
0.0
0.0
0.0
0.0
0.0
0.0
0.0
0.0
0.0
0.0
0.0
0.0
0.0
0.0
0.0
0.0
0.0
0.0
0.0
0.0
0.0
0.0
0.0
0.0
0.0
0.0
0.0
0.0
0.0
0.0
0.0
0.0
0.0
0.0
0.0
0.0
0.0
0.0
0.0
0.0
0.0
0.0
0.0
0.0
0.0
0.0
0.0
0.0
0.0
0.0
0.0
0.0
0.0
0.0
0.0
0.0
0.0
0.0
0.0
0.0
0.0
0.0
0.0
0.0
0.0
0.0
0.0
0.0
0.0
0.0
0.0
0.0
0.0
0.0
0.0
0.0
0.0
0.0
0.0
0.0
0.0
0.0
0.0
0.0
0.0
0.0
0.0
0.0
0.0
0.0
0.0
0.0
0.0
0.0
0.0
0.0
0.0
0.0
0.0
0.0
0.0
0.0
0.0
0.0
0.0
0.0
0.0
0.0
0.0
0.0
0.0
0.0
0.0
0.0
0.0
0.0
0.0
0.0
0.0
0.0
0.0
0.0
0.0
0.0
0.0
0.0
0.0
0.0
0.0
0.0
0.0
0.0
0.0
0.0
0.0
0.0
0.0
0.0
0.0
0.0
0.0
0.0
0.0
0.0
0.0
0.0
0.0
0.0
0.0
0.0
0.0
0.0
0.0
0.0
0.0
0.0
0.0
0.0
0.0
0.0
0.0
