525.4499999999999
544.52
526.54
541.09
540.6600000000001
527.88
527.26
540.88
868.2699999999999
877.4399999999999
864.66
871.64
870.01
870.97
876.26
873.71
875.6300000000001
870.3900000000001
877.14
876.1100000000001
874.72
871.74
875.8000000000001
873.26
872.49
874.7800000000001
872.26
870.9200000000001
871.54
868.29
873.78
871.73
864.59
873.88
898.81
871.9399999999999
868.9100000000001
871.2000000000002
872.8899999999999
874.5600000000001
875.2
876.03
869.7500000000001
871.5
872.0699999999999
868.22
872.77
871.74
872.26
869.77
872.3900000000001
867.5500000000001
883.47
869.8599999999999
869.0600000000001
862.98
875.2299999999999
873.49
877.21
867.7500000000001
879.25
881.4300000000001
873.1999999999999
873.9499999999999
867.47
872.1099999999999
874.15
868.54
868.4500000000002
873.1200000000001
869.51
872.4100000000001
870.76
867.8499999999999
882.5699999999999
870.09
875.5600000000001
871.3599999999999
565.24
533.89
535.76
548.6899999999999
539.25
525.95
541.6
534.73
550.28
536.47
531.71
521.07
552.03
535.27
533.27
536.32
530.67
528.21
526.9
547.16
544.5
542.79
555.8199999999999
537.09
562.1600000000001
538.68
561.8399999999999
541.21
531.19
542.74
537.3000000000001
542.02
546.71
522.6300000000001
547.9
536.37
556.05
526.77
540.1800000000001
538.13
541.31
544.54
527.02
553.45
529.28
542.37
526.1800000000001
537.15
553.3299999999999
550.26
554.8100000000001
538.11
552.07
546.53
546.8199999999999
549.55
553.26
542.61
531.0
546.14
604.95
568.52
562.22
531.73
552.92
537.12
521.17
525.3199999999999
547.26
555.98
533.53
533.11
518.35
540.64
545.55
531.84
539.6700000000001
526.8600000000001
536.59
533.03
539.83
548.42
536.46
542.4
538.28
545.25
534.64
537.0
566.12
539.25
558.4
534.2
545.4
548.51
524.85
536.33
543.02
550.3
542.77
780.36
537.8100000000001
531.54
541.21
534.96
532.97
546.11
552.6200000000001
541.3400000000001
529.5799999999999
492.12
549.52
557.22
552.32
532.22
542.48
506.18
523.59
541.1600000000001
540.42
537.58
541.12
532.6700000000001
547.72
538.8599999999999
570.6999999999999
533.06
533.33
525.41
529.34
540.12
531.31
541.52
0.0
0.0
0.0
0.0
0.0
0.0
0.0
0.0
0.0
0.0
0.0
0.0
0.0
0.0
0.0
0.0
0.0
0.0
0.0
0.0
0.0
0.0
0.0
0.0
0.0
0.0
0.0
0.0
0.0
0.0
0.0
0.0
0.0
0.0
0.0
0.0
0.0
0.0
0.0
0.0
0.0
0.0
0.0
0.0
0.0
0.0
0.0
0.0
0.0
0.0
0.0
0.0
0.0
0.0
0.0
0.0
0.0
0.0
0.0
0.0
0.0
0.0
0.0
0.0
0.0
0.0
0.0
0.0
0.0
0.0
0.0
0.0
0.0
0.0
0.0
0.0
0.0
0.0
0.0
0.0
0.0
0.0
0.0
0.0
0.0
0.0
0.0
0.0
0.0
0.0
0.0
0.0
0.0
0.0
0.0
0.0
0.0
0.0
0.0
0.0
0.0
0.0
0.0
0.0
0.0
0.0
0.0
0.0
0.0
0.0
0.0
0.0
0.0
0.0
0.0
0.0
0.0
0.0
0.0
0.0
0.0
0.0
0.0
0.0
0.0
0.0
0.0
0.0
0.0
0.0
0.0
0.0
0.0
0.0
0.0
0.0
0.0
0.0
0.0
0.0
0.0
0.0
0.0
0.0
0.0
0.0
0.0
0.0
0.0
0.0
0.0
0.0
0.0
0.0
0.0
0.0
0.0
0.0
0.0
0.0
0.0
0.0
0.0
0.0
0.0
0.0
0.0
0.0
0.0
0.0
0.0
0.0
0.0
0.0
0.0
0.0
0.0
0.0
0.0
0.0
0.0
0.0
0.0
0.0
0.0
0.0
0.0
0.0
0.0
0.0
0.0
0.0
0.0
0.0
0.0
0.0
0.0
0.0
0.0
0.0
0.0
0.0
0.0
0.0
0.0
0.0
0.0
0.0
0.0
0.0
0.0
0.0
0.0
0.0
0.0
0.0
0.0
0.0
0.0
0.0
0.0
0.0
0.0
0.0
0.0
0.0
0.0
0.0
0.0
0.0
0.0
0.0
0.0
0.0
0.0
0.0
0.0
0.0
0.0
0.0
0.0
0.0
0.0
0.0
0.0
0.0
0.0
0.0
0.0
0.0
0.0
0.0
0.0
0.0
0.0
0.0
0.0
0.0
0.0
0.0
0.0
0.0
0.0
0.0
0.0
0.0
0.0
0.0
0.0
0.0
0.0
0.0
0.0
0.0
0.0
0.0
0.0
0.0
0.0
0.0
0.0
0.0
0.0
0.0
0.0
0.0
0.0
0.0
0.0
0.0
0.0
0.0
0.0
0.0
0.0
0.0
0.0
0.0
0.0
0.0
0.0
0.0
0.0
0.0
0.0
0.0
0.0
0.0
0.0
0.0
0.0
0.0
0.0
0.0
0.0
0.0
0.0
0.0
0.0
0.0
0.0
0.0
0.0
0.0
0.0
0.0
0.0
0.0
0.0
0.0
0.0
0.0
0.0
0.0
0.0
0.0
0.0
0.0
0.0
0.0
0.0
0.0
0.0
0.0
0.0
0.0
0.0
0.0
0.0
0.0
0.0
0.0
0.0
0.0
0.0
0.0
0.0
0.0
0.0
0.0
0.0
0.0
0.0
0.0
0.0
0.0
0.0
0.0
0.0
0.0
0.0
0.0
0.0
0.0
0.0
0.0
0.0
0.0
0.0
0.0
0.0
0.0
0.0
0.0
0.0
0.0
0.0
0.0
0.0
0.0
0.0
0.0
0.0
0.0
0.0
0.0
0.0
0.0
0.0
0.0
0.0
0.0
0.0
0.0
0.0
0.0
0.0
0.0
0.0
0.0
0.0
0.0
0.0
0.0
0.0
0.0
0.0
0.0
0.0
0.0
0.0
0.0
0.0
0.0
0.0
0.0
0.0
0.0
0.0
0.0
0.0
0.0
0.0
0.0
0.0
0.0
0.0
0.0
0.0
0.0
0.0
0.0
0.0
0.0
0.0
0.0
0.0
0.0
0.0
0.0
0.0
0.0
0.0
0.0
0.0
0.0
0.0
0.0
0.0
0.0
0.0
0.0
0.0
0.0
0.0
0.0
0.0
0.0
0.0
0.0
0.0
0.0
0.0
0.0
0.0
0.0
0.0
0.0
0.0
0.0
0.0
0.0
0.0
0.0
0.0
0.0
0.0
0.0
0.0
0.0
