565.38
560.8499999999999
568.6700000000001
546.53
554.22
542.46
541.05
545.46
880.1500000000001
878.51
878.9899999999999
882.1299999999999
887.79
883.9499999999999
885.3600000000001
881.44
881.6300000000001
886.75
883.8
885.96
885.9399999999999
880.88
882.4100000000001
881.5600000000002
883.8
880.17
884.99
887.32
907.64
885.9699999999999
879.66
882.52
880.7199999999999
877.75
883.94
880.5899999999999
881.61
880.5
883.63
883.52
885.5600000000001
888.83
883.79
884.44
879.73
880.3299999999999
883.53
876.55
888.95
880.9100000000001
881.6400000000001
881.29
882.95
880.83
882.62
877.98
882.75
880.76
878.85
877.1600000000001
883.56
880.51
881.22
879.73
883.0600000000001
877.07
880.6700000000001
877.84
882.25
879.06
881.0300000000001
880.0899999999999
881.4899999999999
882.1600000000001
879.4699999999999
884.73
880.1600000000001
879.9299999999998
879.6600000000001
542.88
525.51
524.76
543.96
534.19
539.9
537.32
550.04
540.33
551.83
536.74
548.87
529.3100000000001
552.8100000000001
544.74
540.54
536.35
550.4499999999999
542.85
542.73
544.61
537.15
530.94
535.6800000000001
536.25
536.62
534.21
537.69
552.57
540.13
538.0600000000001
550.62
538.05
574.5899999999999
553.6999999999999
552.89
540.0
542.39
526.74
532.28
538.8299999999999
548.9
517.5
534.35
526.62
547.16
520.5
533.75
531.51
544.94
538.4300000000001
534.8399999999999
545.41
531.83
546.93
536.77
529.59
533.0
538.1
572.26
545.74
531.58
535.46
537.54
537.51
543.17
531.3199999999999
542.49
548.9300000000001
550.23
552.48
543.84
549.0600000000001
541.0
551.56
544.6700000000001
551.4300000000001
534.22
526.29
519.86
548.54
536.26
548.01
541.88
551.95
541.63
546.3
548.77
539.44
550.25
541.41
529.97
534.68
532.24
534.8699999999999
532.3499999999999
541.67
537.1800000000001
536.78
541.6800000000001
519.72
531.77
529.5500000000001
541.02
532.09
530.02
528.41
542.09
530.45
531.4100000000001
532.64
537.7
527.5
531.55
508.34
533.9100000000001
532.36
540.39
518.64
542.41
524.62
515.19
504.25
0.0
0.0
0.0
0.0
0.0
0.0
0.0
0.0
0.0
0.0
0.0
0.0
0.0
0.0
0.0
0.0
0.0
0.0
0.0
0.0
0.0
0.0
0.0
0.0
0.0
0.0
0.0
0.0
0.0
0.0
0.0
0.0
0.0
0.0
0.0
0.0
0.0
0.0
0.0
0.0
0.0
0.0
0.0
0.0
0.0
0.0
0.0
0.0
0.0
0.0
0.0
0.0
0.0
0.0
0.0
0.0
0.0
0.0
0.0
0.0
0.0
0.0
0.0
0.0
0.0
0.0
0.0
0.0
0.0
0.0
0.0
0.0
0.0
0.0
0.0
0.0
0.0
0.0
0.0
0.0
0.0
0.0
0.0
0.0
0.0
0.0
0.0
0.0
0.0
0.0
0.0
0.0
0.0
0.0
0.0
0.0
0.0
0.0
0.0
0.0
0.0
0.0
0.0
0.0
0.0
0.0
0.0
0.0
0.0
0.0
0.0
0.0
0.0
0.0
0.0
0.0
0.0
0.0
0.0
0.0
0.0
0.0
0.0
0.0
0.0
0.0
0.0
0.0
0.0
0.0
0.0
0.0
0.0
0.0
0.0
0.0
0.0
0.0
0.0
0.0
0.0
0.0
0.0
0.0
0.0
0.0
0.0
0.0
0.0
0.0
0.0
0.0
0.0
0.0
0.0
0.0
0.0
0.0
0.0
0.0
0.0
0.0
0.0
0.0
0.0
0.0
0.0
0.0
0.0
0.0
0.0
0.0
0.0
0.0
0.0
0.0
0.0
0.0
0.0
0.0
0.0
0.0
0.0
0.0
0.0
0.0
0.0
0.0
0.0
0.0
0.0
0.0
0.0
0.0
0.0
0.0
0.0
0.0
0.0
0.0
0.0
0.0
0.0
0.0
0.0
0.0
0.0
0.0
0.0
0.0
0.0
0.0
0.0
0.0
0.0
0.0
0.0
0.0
0.0
0.0
0.0
0.0
0.0
0.0
0.0
0.0
0.0
0.0
0.0
0.0
0.0
0.0
0.0
0.0
0.0
0.0
0.0
0.0
0.0
0.0
0.0
0.0
0.0
0.0
0.0
0.0
0.0
0.0
0.0
0.0
0.0
0.0
0.0
0.0
0.0
0.0
0.0
0.0
0.0
0.0
0.0
0.0
0.0
0.0
0.0
0.0
0.0
0.0
0.0
0.0
0.0
0.0
0.0
0.0
0.0
0.0
0.0
0.0
0.0
0.0
0.0
0.0
0.0
0.0
0.0
0.0
0.0
0.0
0.0
0.0
0.0
0.0
0.0
0.0
0.0
0.0
0.0
0.0
0.0
0.0
0.0
0.0
0.0
0.0
0.0
0.0
0.0
0.0
0.0
0.0
0.0
0.0
0.0
0.0
0.0
0.0
0.0
0.0
0.0
0.0
0.0
0.0
0.0
0.0
0.0
0.0
0.0
0.0
0.0
0.0
0.0
0.0
0.0
0.0
0.0
0.0
0.0
0.0
0.0
0.0
0.0
0.0
0.0
0.0
0.0
0.0
0.0
0.0
0.0
0.0
0.0
0.0
0.0
0.0
0.0
0.0
0.0
0.0
0.0
0.0
0.0
0.0
0.0
0.0
0.0
0.0
0.0
0.0
0.0
0.0
0.0
0.0
0.0
0.0
0.0
0.0
0.0
0.0
0.0
0.0
0.0
0.0
0.0
0.0
0.0
0.0
0.0
0.0
0.0
0.0
0.0
0.0
0.0
0.0
0.0
0.0
0.0
0.0
0.0
0.0
0.0
0.0
0.0
0.0
0.0
0.0
0.0
0.0
0.0
0.0
0.0
0.0
0.0
0.0
0.0
0.0
0.0
0.0
0.0
0.0
0.0
0.0
0.0
0.0
0.0
0.0
0.0
0.0
0.0
0.0
0.0
0.0
0.0
0.0
0.0
0.0
0.0
0.0
0.0
0.0
0.0
0.0
0.0
0.0
0.0
0.0
0.0
0.0
0.0
0.0
0.0
0.0
0.0
0.0
0.0
0.0
0.0
0.0
0.0
0.0
0.0
0.0
0.0
0.0
0.0
0.0
0.0
0.0
0.0
0.0
0.0
0.0
0.0
0.0
0.0
0.0
0.0
0.0
0.0
0.0
0.0
0.0
0.0
0.0
0.0
0.0
0.0
0.0
0.0
0.0
0.0
0.0
0.0
0.0
0.0
0.0
0.0
0.0
