165.85
167.49
167.25
1796.36
1775.75
1774.75
1776.72
1776.44
1772.83
1772.77
1769.19
1760.52
1761.07
1768.92
1753.35
1756.2
1772.5
1759.68
1759.3
1761.28
1752.43
1745.28
1749.94
1755.89
1745.69
1746.93
1739.89
1750.68
1742.5
1746.52
1746.68
1741.78
1745.88
1750.2
1746.31
1743.73
1744.34
1752.74
1744.46
1746.66
1752.52
1743.2
1747.47
1738.06
1749.58
1738.4
1734.66
1737.65
1738.6
1741.13
1738.19
1737.71
1738.41
1737.95
1733.21
1736.73
1738.7
1736.64
1733.56
1744.91
1738.83
1730.71
1735.32
1735.97
1740.27
1737.47
1733.4
1728.18
1736.66
1729.2
1736.91
1733.52
1739.81
1732.09
1734.23
1734.21
1632.29
1628.88
1633.7
1628.69
1634.05
1629.02
1630.04
1626.48
1629.61
1623.49
1634.17
1625.12
1623.93
1624.32
1628.31
1622.76
1626.75
1623.87
1630.4
1625.21
1628.06
1628.14
1625.1
1628.47
1625.02
1625.13
1626.86
1624.65
1624.03
1624.65
1620.28
1624.83
1621.66
1619.63
1626.16
1622.38
1625.62
1623.28
1629.48
1621.23
1628.99
1622.17
1620.98
1618.85
1622.05
1623.86
1625.02
1620.45
1628.26
1623.08
1622.8
1617.68
1624.63
1629.1
1625.75
1626.11
1626.69
1624.57
1618.47
1622.8
1619.94
1626.1
1623.19
1619.69
1618.03
1624.02
1624.29
1628.46
1621.94
1618.96
1623.54
1622.18
1620.59
1616.98
1623.62
1620.89
1614.97
1635.03
1620.21
1622.91
1620.97
1623.01
1622.59
1620.49
1620.46
1617.7
1621.32
1619.81
1622.56
1614.95
1615.71
1623.41
1627.05
1621.3
1631.61
1646.95
103.78
103.84
103.88
103.7
103.78
103.65
103.79
103.61
103.68
103.73
103.69
103.58
103.86
103.76
103.74
103.44
103.58
103.69
103.71
103.63
103.7
103.57
103.72
103.81
103.7
103.81
103.83
103.68
103.77
103.35
103.76
103.14
103.44
103.53
0.0
0.0
0.0
0.0
0.0
0.0
0.0
0.0
0.0
0.0
0.0
0.0
0.0
0.0
0.0
0.0
0.0
0.0
0.0
0.0
0.0
0.0
0.0
0.0
0.0
0.0
0.0
0.0
0.0
0.0
0.0
0.0
0.0
0.0
0.0
0.0
0.0
0.0
0.0
0.0
0.0
0.0
0.0
0.0
0.0
0.0
0.0
0.0
0.0
0.0
0.0
0.0
0.0
0.0
0.0
0.0
0.0
0.0
0.0
0.0
0.0
0.0
0.0
0.0
0.0
0.0
0.0
0.0
0.0
0.0
0.0
0.0
0.0
0.0
0.0
0.0
0.0
0.0
0.0
0.0
0.0
0.0
0.0
0.0
0.0
0.0
0.0
0.0
0.0
0.0
0.0
0.0
0.0
0.0
0.0
0.0
0.0
0.0
0.0
0.0
0.0
0.0
0.0
0.0
0.0
0.0
0.0
0.0
0.0
0.0
0.0
0.0
0.0
0.0
0.0
0.0
0.0
0.0
0.0
0.0
0.0
0.0
0.0
0.0
0.0
0.0
0.0
0.0
0.0
0.0
0.0
0.0
0.0
0.0
0.0
0.0
0.0
0.0
0.0
0.0
0.0
0.0
0.0
0.0
0.0
0.0
0.0
0.0
0.0
0.0
0.0
0.0
0.0
0.0
0.0
0.0
0.0
0.0
0.0
0.0
0.0
0.0
0.0
0.0
0.0
0.0
0.0
0.0
0.0
0.0
0.0
0.0
0.0
0.0
0.0
0.0
0.0
0.0
0.0
0.0
0.0
0.0
0.0
0.0
0.0
0.0
0.0
0.0
0.0
0.0
0.0
0.0
0.0
0.0
0.0
0.0
0.0
0.0
0.0
0.0
0.0
0.0
0.0
0.0
0.0
0.0
0.0
0.0
0.0
0.0
0.0
0.0
0.0
0.0
0.0
0.0
0.0
0.0
0.0
0.0
0.0
0.0
0.0
0.0
0.0
0.0
0.0
0.0
0.0
0.0
0.0
0.0
0.0
0.0
0.0
0.0
0.0
0.0
0.0
0.0
0.0
0.0
0.0
0.0
0.0
0.0
0.0
0.0
0.0
0.0
0.0
0.0
0.0
0.0
0.0
0.0
0.0
0.0
0.0
0.0
0.0
0.0
0.0
0.0
0.0
0.0
0.0
0.0
0.0
0.0
0.0
0.0
0.0
0.0
0.0
0.0
0.0
0.0
0.0
0.0
0.0
0.0
0.0
0.0
0.0
0.0
0.0
0.0
0.0
0.0
0.0
0.0
0.0
0.0
0.0
0.0
0.0
0.0
0.0
0.0
0.0
0.0
0.0
0.0
0.0
0.0
0.0
0.0
0.0
0.0
0.0
0.0
0.0
0.0
0.0
0.0
0.0
0.0
0.0
0.0
0.0
0.0
0.0
0.0
0.0
0.0
0.0
0.0
0.0
0.0
0.0
0.0
0.0
0.0
0.0
0.0
0.0
0.0
0.0
0.0
0.0
0.0
0.0
0.0
0.0
0.0
0.0
0.0
0.0
0.0
0.0
0.0
0.0
0.0
0.0
0.0
0.0
0.0
0.0
0.0
0.0
0.0
0.0
0.0
0.0
0.0
0.0
0.0
0.0
0.0
0.0
0.0
0.0
0.0
0.0
0.0
0.0
0.0
0.0
0.0
0.0
0.0
0.0
0.0
0.0
0.0
0.0
0.0
0.0
0.0
0.0
0.0
0.0
0.0
0.0
0.0
0.0
0.0
0.0
0.0
0.0
0.0
0.0
0.0
0.0
0.0
0.0
0.0
0.0
0.0
0.0
0.0
0.0
0.0
0.0
0.0
0.0
0.0
0.0
0.0
0.0
0.0
0.0
0.0
0.0
0.0
0.0
0.0
0.0
0.0
0.0
0.0
0.0
0.0
0.0
0.0
0.0
0.0
0.0
0.0
0.0
0.0
0.0
0.0
0.0
0.0
0.0
0.0
0.0
0.0
0.0
0.0
0.0
0.0
0.0
0.0
0.0
0.0
0.0
0.0
0.0
0.0
0.0
0.0
0.0
0.0
0.0
0.0
0.0
0.0
0.0
0.0
0.0
0.0
0.0
0.0
0.0
0.0
0.0
0.0
0.0
0.0
0.0
0.0
0.0
0.0
0.0
0.0
0.0
0.0
0.0
0.0
0.0
0.0
