536.6
529.35
543.6500000000001
526.48
534.57
530.6800000000001
529.45
535.19
889.12
891.0400000000001
891.71
888.62
890.9
890.8000000000001
889.4200000000001
889.4899999999999
890.2700000000001
890.02
891.84
893.6600000000001
891.4
894.5199999999999
893.27
890.94
900.48
915.1600000000001
889.4100000000001
890.47
890.1299999999999
894.5899999999999
890.7900000000001
890.42
890.06
891.41
890.95
892.51
894.3000000000001
888.3600000000001
889.5600000000001
889.0
999.7500000000001
1006.97
1005.97
1001.4899999999999
1002.49
994.4200000000001
999.55
975.5699999999999
961.3499999999999
929.23
916.3400000000001
923.25
913.3
921.62
946.44
904.0500000000001
898.33
899.74
889.9100000000001
893.85
886.94
898.1599999999999
923.3100000000001
914.44
892.48
904.0999999999999
890.5999999999999
902.82
889.83
903.4100000000001
896.9399999999999
899.49
967.7700000000001
1000.96
998.26
981.47
995.16
966.33
945.02
890.95
884.1100000000001
880.5
713.25
524.51
524.73
522.87
523.71
523.9499999999999
522.81
524.68
523.91
524.3000000000001
523.41
524.1500000000001
523.7099999999999
522.72
523.76
524.45
524.9599999999999
523.42
525.28
548.97
545.88
522.13
538.31
532.02
544.12
522.3499999999999
525.88
533.52
535.31
555.66
546.63
598.69
561.28
534.62
555.78
549.26
617.03
563.22
541.14
532.64
557.26
527.5
532.1700000000001
534.79
525.49
523.8100000000001
522.0
522.99
536.84
536.6
530.74
530.03
532.7
520.78
522.77
524.1600000000001
528.87
522.54
524.1999999999999
522.23
526.0799999999999
533.2399999999999
543.2800000000001
525.26
544.49
528.96
552.16
531.9399999999999
541.78
522.1
575.27
536.56
544.4200000000001
520.77
524.4100000000001
528.99
549.59
522.19
520.9499999999999
524.89
529.0300000000001
513.26
527.5600000000001
510.59000000000003
504.86
526.9
500.66999999999996
519.54
512.0799999999999
515.52
538.67
522.51
522.57
522.19
529.23
521.91
521.75
541.19
519.98
521.45
522.04
527.33
553.9300000000001
550.5
520.43
529.8299999999999
527.9200000000001
531.97
541.76
638.12
539.65
521.54
537.53
543.41
531.13
556.37
541.0
523.57
520.03
526.48
537.23
519.0
519.31
516.63
517.81
518.68
519.29
519.15
515.98
514.96
518.05
520.59
517.89
518.27
518.36
0.0
0.0
0.0
0.0
0.0
0.0
0.0
0.0
0.0
0.0
0.0
0.0
0.0
0.0
0.0
0.0
0.0
0.0
0.0
0.0
0.0
0.0
0.0
0.0
0.0
0.0
0.0
0.0
0.0
0.0
0.0
0.0
0.0
0.0
0.0
0.0
0.0
0.0
0.0
0.0
0.0
0.0
0.0
0.0
0.0
0.0
0.0
0.0
0.0
0.0
0.0
0.0
0.0
0.0
0.0
0.0
0.0
0.0
0.0
0.0
0.0
0.0
0.0
0.0
0.0
0.0
0.0
0.0
0.0
0.0
0.0
0.0
0.0
0.0
0.0
0.0
0.0
0.0
0.0
0.0
0.0
0.0
0.0
0.0
0.0
0.0
0.0
0.0
0.0
0.0
0.0
0.0
0.0
0.0
0.0
0.0
0.0
0.0
0.0
0.0
0.0
0.0
0.0
0.0
0.0
0.0
0.0
0.0
0.0
0.0
0.0
0.0
0.0
0.0
0.0
0.0
0.0
0.0
0.0
0.0
0.0
0.0
0.0
0.0
0.0
0.0
0.0
0.0
0.0
0.0
0.0
0.0
0.0
0.0
0.0
0.0
0.0
0.0
0.0
0.0
0.0
0.0
0.0
0.0
0.0
0.0
0.0
0.0
0.0
0.0
0.0
0.0
0.0
0.0
0.0
0.0
0.0
0.0
0.0
0.0
0.0
0.0
0.0
0.0
0.0
0.0
0.0
0.0
0.0
0.0
0.0
0.0
0.0
0.0
0.0
0.0
0.0
0.0
0.0
0.0
0.0
0.0
0.0
0.0
0.0
0.0
0.0
0.0
0.0
0.0
0.0
0.0
0.0
0.0
0.0
0.0
0.0
0.0
0.0
0.0
0.0
0.0
0.0
0.0
0.0
0.0
0.0
0.0
0.0
0.0
0.0
0.0
0.0
0.0
0.0
0.0
0.0
0.0
0.0
0.0
0.0
0.0
0.0
0.0
0.0
0.0
0.0
0.0
0.0
0.0
0.0
0.0
0.0
0.0
0.0
0.0
0.0
0.0
0.0
0.0
0.0
0.0
0.0
0.0
0.0
0.0
0.0
0.0
0.0
0.0
0.0
0.0
0.0
0.0
0.0
0.0
0.0
0.0
0.0
0.0
0.0
0.0
0.0
0.0
0.0
0.0
0.0
0.0
0.0
0.0
0.0
0.0
0.0
0.0
0.0
0.0
0.0
0.0
0.0
0.0
0.0
0.0
0.0
0.0
0.0
0.0
0.0
0.0
0.0
0.0
0.0
0.0
0.0
0.0
0.0
0.0
0.0
0.0
0.0
0.0
0.0
0.0
0.0
0.0
0.0
0.0
0.0
0.0
0.0
0.0
0.0
0.0
0.0
0.0
0.0
0.0
0.0
0.0
0.0
0.0
0.0
0.0
0.0
0.0
0.0
0.0
0.0
0.0
0.0
0.0
0.0
0.0
0.0
0.0
0.0
0.0
0.0
0.0
0.0
0.0
0.0
0.0
0.0
0.0
0.0
0.0
0.0
0.0
0.0
0.0
0.0
0.0
0.0
0.0
0.0
0.0
0.0
0.0
0.0
0.0
0.0
0.0
0.0
0.0
0.0
0.0
0.0
0.0
0.0
0.0
0.0
0.0
0.0
0.0
0.0
0.0
0.0
0.0
0.0
0.0
0.0
0.0
0.0
0.0
0.0
0.0
0.0
0.0
0.0
0.0
0.0
0.0
0.0
0.0
0.0
0.0
0.0
0.0
0.0
0.0
0.0
0.0
0.0
0.0
0.0
0.0
0.0
0.0
0.0
0.0
0.0
0.0
0.0
0.0
0.0
0.0
0.0
0.0
0.0
0.0
0.0
0.0
0.0
0.0
0.0
0.0
0.0
0.0
0.0
0.0
0.0
0.0
0.0
0.0
0.0
0.0
0.0
0.0
0.0
0.0
0.0
0.0
0.0
0.0
0.0
0.0
0.0
0.0
0.0
0.0
0.0
0.0
0.0
0.0
0.0
0.0
0.0
0.0
0.0
0.0
0.0
0.0
0.0
0.0
0.0
0.0
0.0
0.0
0.0
0.0
0.0
0.0
0.0
0.0
0.0
0.0
0.0
0.0
0.0
0.0
0.0
0.0
0.0
