525.5300000000001
551.75
531.91
543.4100000000001
546.22
529.0
538.19
658.58
846.92
849.69
854.65
852.8699999999999
851.0799999999999
869.6700000000001
849.75
852.0899999999999
851.34
859.9300000000001
854.69
859.75
858.45
852.0500000000001
852.5
854.8199999999999
853.9599999999999
854.9699999999999
855.9399999999999
865.66
857.44
856.8900000000001
852.52
858.9200000000001
856.92
856.7400000000001
851.4
859.1399999999999
855.25
852.86
852.9599999999999
863.86
857.4200000000001
898.9300000000001
856.6700000000001
854.79
856.1200000000001
853.1800000000001
855.9300000000001
878.77
855.14
861.3700000000001
862.08
858.0999999999999
856.01
862.3699999999999
859.63
856.25
859.4200000000001
854.8499999999999
860.77
855.35
853.57
857.0199999999999
855.9300000000001
860.1600000000001
866.6300000000001
859.48
857.24
858.49
851.25
854.37
858.25
859.54
851.78
856.33
859.5500000000001
855.13
857.6600000000001
858.5999999999999
553.26
542.16
543.1
534.6800000000001
536.0
539.54
537.52
546.32
531.6700000000001
534.7
524.02
540.23
537.1800000000001
534.49
535.53
531.13
540.74
537.97
532.1700000000001
532.3199999999999
525.8299999999999
529.85
536.0999999999999
544.52
523.98
540.77
528.32
529.5799999999999
551.81
537.91
525.9200000000001
531.74
560.8199999999999
549.89
542.47
534.33
543.85
537.4300000000001
522.06
550.11
544.12
529.3000000000001
541.0600000000001
545.2199999999999
531.9399999999999
523.57
532.35
532.6999999999999
547.92
520.23
537.23
530.38
551.36
544.2
532.7
538.83
535.8599999999999
543.7
527.22
531.04
526.74
541.37
536.4300000000001
548.91
552.11
522.64
526.47
539.01
553.19
534.2099999999999
566.95
570.8199999999999
567.96
538.74
544.36
542.67
552.65
530.72
527.46
540.72
524.88
535.89
538.25
545.03
549.27
536.56
540.86
538.59
535.94
545.07
537.0600000000001
536.9
544.9499999999999
537.01
543.1
531.48
532.7199999999999
535.26
533.2
540.28
524.17
522.54
533.04
534.52
540.8199999999999
533.98
535.25
537.28
538.38
547.83
585.65
532.5600000000001
511.33000000000004
528.09
531.97
518.62
530.97
517.84
540.7900000000001
530.41
515.6999999999999
512.17
545.0500000000001
532.61
528.6
0.0
0.0
0.0
0.0
0.0
0.0
0.0
0.0
0.0
0.0
0.0
0.0
0.0
0.0
0.0
0.0
0.0
0.0
0.0
0.0
0.0
0.0
0.0
0.0
0.0
0.0
0.0
0.0
0.0
0.0
0.0
0.0
0.0
0.0
0.0
0.0
0.0
0.0
0.0
0.0
0.0
0.0
0.0
0.0
0.0
0.0
0.0
0.0
0.0
0.0
0.0
0.0
0.0
0.0
0.0
0.0
0.0
0.0
0.0
0.0
0.0
0.0
0.0
0.0
0.0
0.0
0.0
0.0
0.0
0.0
0.0
0.0
0.0
0.0
0.0
0.0
0.0
0.0
0.0
0.0
0.0
0.0
0.0
0.0
0.0
0.0
0.0
0.0
0.0
0.0
0.0
0.0
0.0
0.0
0.0
0.0
0.0
0.0
0.0
0.0
0.0
0.0
0.0
0.0
0.0
0.0
0.0
0.0
0.0
0.0
0.0
0.0
0.0
0.0
0.0
0.0
0.0
0.0
0.0
0.0
0.0
0.0
0.0
0.0
0.0
0.0
0.0
0.0
0.0
0.0
0.0
0.0
0.0
0.0
0.0
0.0
0.0
0.0
0.0
0.0
0.0
0.0
0.0
0.0
0.0
0.0
0.0
0.0
0.0
0.0
0.0
0.0
0.0
0.0
0.0
0.0
0.0
0.0
0.0
0.0
0.0
0.0
0.0
0.0
0.0
0.0
0.0
0.0
0.0
0.0
0.0
0.0
0.0
0.0
0.0
0.0
0.0
0.0
0.0
0.0
0.0
0.0
0.0
0.0
0.0
0.0
0.0
0.0
0.0
0.0
0.0
0.0
0.0
0.0
0.0
0.0
0.0
0.0
0.0
0.0
0.0
0.0
0.0
0.0
0.0
0.0
0.0
0.0
0.0
0.0
0.0
0.0
0.0
0.0
0.0
0.0
0.0
0.0
0.0
0.0
0.0
0.0
0.0
0.0
0.0
0.0
0.0
0.0
0.0
0.0
0.0
0.0
0.0
0.0
0.0
0.0
0.0
0.0
0.0
0.0
0.0
0.0
0.0
0.0
0.0
0.0
0.0
0.0
0.0
0.0
0.0
0.0
0.0
0.0
0.0
0.0
0.0
0.0
0.0
0.0
0.0
0.0
0.0
0.0
0.0
0.0
0.0
0.0
0.0
0.0
0.0
0.0
0.0
0.0
0.0
0.0
0.0
0.0
0.0
0.0
0.0
0.0
0.0
0.0
0.0
0.0
0.0
0.0
0.0
0.0
0.0
0.0
0.0
0.0
0.0
0.0
0.0
0.0
0.0
0.0
0.0
0.0
0.0
0.0
0.0
0.0
0.0
0.0
0.0
0.0
0.0
0.0
0.0
0.0
0.0
0.0
0.0
0.0
0.0
0.0
0.0
0.0
0.0
0.0
0.0
0.0
0.0
0.0
0.0
0.0
0.0
0.0
0.0
0.0
0.0
0.0
0.0
0.0
0.0
0.0
0.0
0.0
0.0
0.0
0.0
0.0
0.0
0.0
0.0
0.0
0.0
0.0
0.0
0.0
0.0
0.0
0.0
0.0
0.0
0.0
0.0
0.0
0.0
0.0
0.0
0.0
0.0
0.0
0.0
0.0
0.0
0.0
0.0
0.0
0.0
0.0
0.0
0.0
0.0
0.0
0.0
0.0
0.0
0.0
0.0
0.0
0.0
0.0
0.0
0.0
0.0
0.0
0.0
0.0
0.0
0.0
0.0
0.0
0.0
0.0
0.0
0.0
0.0
0.0
0.0
0.0
0.0
0.0
0.0
0.0
0.0
0.0
0.0
0.0
0.0
0.0
0.0
0.0
0.0
0.0
0.0
0.0
0.0
0.0
0.0
0.0
0.0
0.0
0.0
0.0
0.0
0.0
0.0
0.0
0.0
0.0
0.0
0.0
0.0
0.0
0.0
0.0
0.0
0.0
0.0
0.0
0.0
0.0
0.0
0.0
0.0
0.0
0.0
0.0
0.0
0.0
0.0
0.0
0.0
0.0
0.0
0.0
0.0
0.0
0.0
0.0
0.0
0.0
0.0
0.0
0.0
0.0
0.0
0.0
0.0
0.0
0.0
0.0
0.0
0.0
0.0
0.0
0.0
0.0
0.0
0.0
0.0
0.0
0.0
0.0
0.0
0.0
0.0
0.0
0.0
0.0
0.0
