539.35
535.62
533.9499999999999
553.61
551.02
545.45
524.1599999999999
573.4100000000001
669.2
719.1299999999999
771.87
785.37
779.76
787.4300000000001
797.53
778.06
781.1800000000001
772.1299999999999
801.5400000000001
770.82
792.95
792.7900000000001
779.03
785.1800000000001
773.8800000000001
755.09
787.26
770.23
791.95
782.09
791.76
763.3
786.0600000000001
765.0899999999999
795.1
790.44
797.53
765.4100000000001
801.42
768.04
792.5999999999999
769.8199999999999
797.92
791.2
789.22
771.9900000000001
783.76
765.1300000000001
768.5799999999999
752.4
784.26
774.65
784.63
754.5999999999999
795.1499999999999
787.19
795.8399999999999
778.8399999999999
807.8499999999999
790.52
780.0899999999999
786.1500000000001
795.4
775.6100000000001
780.66
795.2
790.64
780.66
795.4100000000001
787.54
801.5899999999999
733.5699999999999
741.6500000000001
622.81
623.86
622.85
618.6400000000001
620.6899999999999
78.58999999999999
61.34
68.71000000000001
73.1
70.68
71.64
71.31
73.39
71.41999999999999
79.67
75.65
149.94
71.72
69.01
73.09
189.24
75.66000000000001
74.57000000000001
69.14
206.08999999999997
75.08
73.41999999999999
75.78
72.86
174.54999999999998
72.21
77.62
70.16
156.14
71.33000000000001
81.87
66.7
71.86999999999999
72.6
69.41000000000001
71.31
78.1
68.5
72.52
71.27000000000001
74.18
69.9
72.78999999999999
66.53999999999999
76.26
75.71
75.49000000000001
71.5
71.84
72.85000000000001
213.42000000000002
71.28
77.0
74.52
80.52
74.48
71.21
70.62
199.93
67.31
73.24
72.0
75.69
189.97999999999996
72.53
76.66
75.78999999999999
315.71000000000004
80.02000000000001
73.33
75.56
73.03999999999999
71.89
67.22
76.55000000000001
75.78
72.25
70.89000000000001
80.81
68.64000000000001
72.60999999999999
66.24
70.47
70.07
68.16
74.39
74.91999999999999
68.02
74.65
72.19
80.02
68.83
71.75999999999999
68.3
77.56
74.14
78.84
165.21
68.91
67.08
68.75999999999999
73.98
74.64
84.88
74.32
66.4
389.53
69.91
70.21000000000001
71.22
76.28
66.38
72.76
66.53
77.98
65.14
64.44
71.7
69.86000000000001
66.43
77.00999999999999
75.95
65.68
66.07
71.33
65.31
58.18999999999999
66.88
73.03
67.95
59.300000000000004
0.0
0.0
0.0
0.0
0.0
0.0
0.0
0.0
0.0
0.0
0.0
0.0
0.0
0.0
0.0
0.0
0.0
0.0
0.0
0.0
0.0
0.0
0.0
0.0
0.0
0.0
0.0
0.0
0.0
0.0
0.0
0.0
0.0
0.0
0.0
0.0
0.0
0.0
0.0
0.0
0.0
0.0
0.0
0.0
0.0
0.0
0.0
0.0
0.0
0.0
0.0
0.0
0.0
0.0
0.0
0.0
0.0
0.0
0.0
0.0
0.0
0.0
0.0
0.0
0.0
0.0
0.0
0.0
0.0
0.0
0.0
0.0
0.0
0.0
0.0
0.0
0.0
0.0
0.0
0.0
0.0
0.0
0.0
0.0
0.0
0.0
0.0
0.0
0.0
0.0
0.0
0.0
0.0
0.0
0.0
0.0
0.0
0.0
0.0
0.0
0.0
0.0
0.0
0.0
0.0
0.0
0.0
0.0
0.0
0.0
0.0
0.0
0.0
0.0
0.0
0.0
0.0
0.0
0.0
0.0
0.0
0.0
0.0
0.0
0.0
0.0
0.0
0.0
0.0
0.0
0.0
0.0
0.0
0.0
0.0
0.0
0.0
0.0
0.0
0.0
0.0
0.0
0.0
0.0
0.0
0.0
0.0
0.0
0.0
0.0
0.0
0.0
0.0
0.0
0.0
0.0
0.0
0.0
0.0
0.0
0.0
0.0
0.0
0.0
0.0
0.0
0.0
0.0
0.0
0.0
0.0
0.0
0.0
0.0
0.0
0.0
0.0
0.0
0.0
0.0
0.0
0.0
0.0
0.0
0.0
0.0
0.0
0.0
0.0
0.0
0.0
0.0
0.0
0.0
0.0
0.0
0.0
0.0
0.0
0.0
0.0
0.0
0.0
0.0
0.0
0.0
0.0
0.0
0.0
0.0
0.0
0.0
0.0
0.0
0.0
0.0
0.0
0.0
0.0
0.0
0.0
0.0
0.0
0.0
0.0
0.0
0.0
0.0
0.0
0.0
0.0
0.0
0.0
0.0
0.0
0.0
0.0
0.0
0.0
0.0
0.0
0.0
0.0
0.0
0.0
0.0
0.0
0.0
0.0
0.0
0.0
0.0
0.0
0.0
0.0
0.0
0.0
0.0
0.0
0.0
0.0
0.0
0.0
0.0
0.0
0.0
0.0
0.0
0.0
0.0
0.0
0.0
0.0
0.0
0.0
0.0
0.0
0.0
0.0
0.0
0.0
0.0
0.0
0.0
0.0
0.0
0.0
0.0
0.0
0.0
0.0
0.0
0.0
0.0
0.0
0.0
0.0
0.0
0.0
0.0
0.0
0.0
0.0
0.0
0.0
0.0
0.0
0.0
0.0
0.0
0.0
0.0
0.0
0.0
0.0
0.0
0.0
0.0
0.0
0.0
0.0
0.0
0.0
0.0
0.0
0.0
0.0
0.0
0.0
0.0
0.0
0.0
0.0
0.0
0.0
0.0
0.0
0.0
0.0
0.0
0.0
0.0
0.0
0.0
0.0
0.0
0.0
0.0
0.0
0.0
0.0
0.0
0.0
0.0
0.0
0.0
0.0
0.0
0.0
0.0
0.0
0.0
0.0
0.0
0.0
0.0
0.0
0.0
0.0
0.0
0.0
0.0
0.0
0.0
0.0
0.0
0.0
0.0
0.0
0.0
0.0
0.0
0.0
0.0
0.0
0.0
0.0
0.0
0.0
0.0
0.0
0.0
0.0
0.0
0.0
0.0
0.0
0.0
0.0
0.0
0.0
0.0
0.0
0.0
0.0
0.0
0.0
0.0
0.0
0.0
0.0
0.0
0.0
0.0
0.0
0.0
0.0
0.0
0.0
0.0
0.0
0.0
0.0
0.0
0.0
0.0
0.0
0.0
0.0
0.0
0.0
0.0
0.0
0.0
0.0
0.0
0.0
0.0
0.0
0.0
0.0
0.0
0.0
0.0
0.0
0.0
0.0
0.0
0.0
0.0
0.0
0.0
0.0
0.0
0.0
0.0
0.0
0.0
0.0
0.0
0.0
0.0
0.0
0.0
0.0
0.0
0.0
0.0
0.0
0.0
0.0
0.0
0.0
0.0
0.0
0.0
0.0
0.0
0.0
0.0
0.0
0.0
0.0
0.0
0.0
0.0
0.0
0.0
0.0
0.0
0.0
