548.8199999999999
535.86
534.21
533.7
551.29
533.6800000000001
523.22
542.5
561.22
884.27
884.03
884.32
886.58
887.1999999999999
891.74
888.7299999999999
887.8799999999999
887.22
885.1000000000001
888.18
885.2199999999999
889.3199999999999
888.0799999999999
887.13
885.8599999999999
885.91
886.8299999999999
885.77
881.5699999999999
885.44
887.29
885.41
881.23
882.6899999999999
889.35
885.3499999999999
883.4499999999999
886.74
890.8499999999999
886.2
884.51
887.21
886.03
883.56
888.71
893.3499999999999
884.97
886.43
885.5699999999999
886.65
885.82
887.87
888.32
888.6999999999999
881.7500000000001
879.51
881.2
890.8
881.9599999999999
888.37
882.62
885.71
885.2400000000001
889.55
884.7099999999999
883.3499999999999
883.83
888.66
888.5
886.3499999999999
886.1
886.51
885.8000000000001
883.7399999999999
883.18
883.6400000000001
884.0699999999999
884.6999999999999
884.3199999999999
551.84
553.57
548.9300000000001
530.91
536.6800000000001
533.2
542.9000000000001
542.77
532.6800000000001
537.96
537.12
544.32
532.62
531.37
531.5
543.66
536.54
530.08
515.95
530.22
535.41
545.86
537.6
617.42
527.18
540.9599999999999
531.37
560.22
534.69
543.4
541.6
525.81
538.1999999999999
547.22
536.6999999999999
527.74
533.68
545.0699999999999
531.5600000000001
544.66
547.92
542.8000000000001
533.48
538.3100000000001
534.76
535.4300000000001
534.19
547.63
531.6800000000001
536.6
549.87
533.15
530.0899999999999
549.9200000000001
538.06
538.25
532.59
547.9399999999999
532.93
545.04
540.0799999999999
538.12
560.68
571.22
539.4599999999999
539.38
648.89
536.23
536.49
527.38
531.62
554.48
538.73
554.1600000000001
535.75
527.8
540.21
541.75
544.28
533.6
550.4
531.65
544.39
550.1
532.6600000000001
531.81
542.9499999999999
541.87
531.3
528.6700000000001
528.29
533.21
537.12
534.65
545.63
563.49
537.09
552.82
550.05
554.6800000000001
536.03
564.82
522.58
546.1899999999999
540.71
569.6899999999999
542.12
515.46
543.51
520.74
533.67
543.4
542.36
525.98
512.5699999999999
508.88
522.9200000000001
0.0
0.0
0.0
0.0
0.0
0.0
0.0
0.0
0.0
0.0
0.0
0.0
0.0
0.0
0.0
0.0
0.0
0.0
0.0
0.0
0.0
0.0
0.0
0.0
0.0
0.0
0.0
0.0
0.0
0.0
0.0
0.0
0.0
0.0
0.0
0.0
0.0
0.0
0.0
0.0
0.0
0.0
0.0
0.0
0.0
0.0
0.0
0.0
0.0
0.0
0.0
0.0
0.0
0.0
0.0
0.0
0.0
0.0
0.0
0.0
0.0
0.0
0.0
0.0
0.0
0.0
0.0
0.0
0.0
0.0
0.0
0.0
0.0
0.0
0.0
0.0
0.0
0.0
0.0
0.0
0.0
0.0
0.0
0.0
0.0
0.0
0.0
0.0
0.0
0.0
0.0
0.0
0.0
0.0
0.0
0.0
0.0
0.0
0.0
0.0
0.0
0.0
0.0
0.0
0.0
0.0
0.0
0.0
0.0
0.0
0.0
0.0
0.0
0.0
0.0
0.0
0.0
0.0
0.0
0.0
0.0
0.0
0.0
0.0
0.0
0.0
0.0
0.0
0.0
0.0
0.0
0.0
0.0
0.0
0.0
0.0
0.0
0.0
0.0
0.0
0.0
0.0
0.0
0.0
0.0
0.0
0.0
0.0
0.0
0.0
0.0
0.0
0.0
0.0
0.0
0.0
0.0
0.0
0.0
0.0
0.0
0.0
0.0
0.0
0.0
0.0
0.0
0.0
0.0
0.0
0.0
0.0
0.0
0.0
0.0
0.0
0.0
0.0
0.0
0.0
0.0
0.0
0.0
0.0
0.0
0.0
0.0
0.0
0.0
0.0
0.0
0.0
0.0
0.0
0.0
0.0
0.0
0.0
0.0
0.0
0.0
0.0
0.0
0.0
0.0
0.0
0.0
0.0
0.0
0.0
0.0
0.0
0.0
0.0
0.0
0.0
0.0
0.0
0.0
0.0
0.0
0.0
0.0
0.0
0.0
0.0
0.0
0.0
0.0
0.0
0.0
0.0
0.0
0.0
0.0
0.0
0.0
0.0
0.0
0.0
0.0
0.0
0.0
0.0
0.0
0.0
0.0
0.0
0.0
0.0
0.0
0.0
0.0
0.0
0.0
0.0
0.0
0.0
0.0
0.0
0.0
0.0
0.0
0.0
0.0
0.0
0.0
0.0
0.0
0.0
0.0
0.0
0.0
0.0
0.0
0.0
0.0
0.0
0.0
0.0
0.0
0.0
0.0
0.0
0.0
0.0
0.0
0.0
0.0
0.0
0.0
0.0
0.0
0.0
0.0
0.0
0.0
0.0
0.0
0.0
0.0
0.0
0.0
0.0
0.0
0.0
0.0
0.0
0.0
0.0
0.0
0.0
0.0
0.0
0.0
0.0
0.0
0.0
0.0
0.0
0.0
0.0
0.0
0.0
0.0
0.0
0.0
0.0
0.0
0.0
0.0
0.0
0.0
0.0
0.0
0.0
0.0
0.0
0.0
0.0
0.0
0.0
0.0
0.0
0.0
0.0
0.0
0.0
0.0
0.0
0.0
0.0
0.0
0.0
0.0
0.0
0.0
0.0
0.0
0.0
0.0
0.0
0.0
0.0
0.0
0.0
0.0
0.0
0.0
0.0
0.0
0.0
0.0
0.0
0.0
0.0
0.0
0.0
0.0
0.0
0.0
0.0
0.0
0.0
0.0
0.0
0.0
0.0
0.0
0.0
0.0
0.0
0.0
0.0
0.0
0.0
0.0
0.0
0.0
0.0
0.0
0.0
0.0
0.0
0.0
0.0
0.0
0.0
0.0
0.0
0.0
0.0
0.0
0.0
0.0
0.0
0.0
0.0
0.0
0.0
0.0
0.0
0.0
0.0
0.0
0.0
0.0
0.0
0.0
0.0
0.0
0.0
0.0
0.0
0.0
0.0
0.0
0.0
0.0
0.0
0.0
0.0
0.0
0.0
0.0
0.0
0.0
0.0
0.0
0.0
0.0
0.0
0.0
0.0
0.0
0.0
0.0
0.0
0.0
0.0
0.0
0.0
0.0
0.0
0.0
0.0
0.0
0.0
0.0
0.0
0.0
0.0
0.0
0.0
0.0
0.0
0.0
0.0
0.0
0.0
0.0
0.0
0.0
0.0
0.0
0.0
0.0
0.0
0.0
0.0
0.0
0.0
0.0
0.0
0.0
0.0
0.0
0.0
0.0
0.0
0.0
0.0
0.0
0.0
