544.98
546.8499999999999
574.75
545.4
551.21
574.38
528.1
532.34
837.97
886.06
887.1500000000001
888.15
890.06
891.6899999999999
889.67
888.78
888.7399999999999
893.0199999999999
916.5400000000001
895.6
891.5899999999999
890.79
891.8299999999999
886.29
886.5800000000002
886.41
890.31
888.1099999999999
888.5899999999999
919.95
906.29
889.94
889.6499999999999
887.7199999999999
887.54
888.6999999999999
889.4200000000001
888.6500000000001
890.01
888.4499999999999
898.81
890.03
920.42
893.08
886.82
890.61
908.11
933.46
891.4699999999999
892.19
890.9100000000001
905.0400000000001
888.8199999999999
901.5500000000001
888.94
887.8199999999999
887.28
906.69
888.6500000000001
889.78
887.52
886.6
887.5300000000001
926.8800000000001
920.9499999999999
892.63
892.51
894.08
913.6400000000001
895.5699999999999
900.38
887.9099999999999
886.33
880.75
882.9799999999999
975.9900000000001
1002.55
1002.1099999999999
998.53
614.76
524.66
544.4
545.0600000000001
538.49
540.33
533.54
549.9300000000001
554.32
533.86
537.48
543.79
540.9
531.29
530.69
538.63
524.09
527.71
546.8199999999999
544.54
530.9699999999999
544.54
542.1700000000001
534.8199999999999
537.16
529.48
535.6600000000001
543.24
526.94
538.89
529.46
548.66
532.72
540.8399999999999
531.9200000000001
532.88
533.54
612.6099999999999
558.92
544.91
526.02
537.87
558.27
551.61
542.52
541.16
532.47
543.16
529.9000000000001
543.65
532.2
532.37
538.53
521.89
534.51
536.27
540.98
553.49
547.56
531.4200000000001
535.44
523.97
533.18
531.84
539.8900000000001
537.18
537.21
544.4200000000001
546.5500000000001
551.8100000000001
558.0
537.36
534.75
535.9300000000001
528.51
549.03
587.25
544.3299999999999
545.16
517.7900000000001
547.21
542.82
531.69
538.77
537.3299999999999
549.53
545.0
556.91
544.69
534.77
538.15
542.6
540.3299999999999
543.13
543.36
542.77
537.19
553.6
529.8499999999999
554.37
535.34
542.08
531.23
547.06
535.76
542.9200000000001
544.53
541.35
547.2099999999999
549.51
542.41
537.87
534.75
537.73
542.76
559.33
543.39
543.02
533.71
544.54
537.48
526.21
532.89
534.81
527.95
551.1800000000001
536.52
555.22
522.81
542.19
531.34
538.65
531.31
537.28
534.98
517.1
537.74
528.2900000000001
528.33
536.0699999999999
545.53
521.6
0.0
0.0
0.0
0.0
0.0
0.0
0.0
0.0
0.0
0.0
0.0
0.0
0.0
0.0
0.0
0.0
0.0
0.0
0.0
0.0
0.0
0.0
0.0
0.0
0.0
0.0
0.0
0.0
0.0
0.0
0.0
0.0
0.0
0.0
0.0
0.0
0.0
0.0
0.0
0.0
0.0
0.0
0.0
0.0
0.0
0.0
0.0
0.0
0.0
0.0
0.0
0.0
0.0
0.0
0.0
0.0
0.0
0.0
0.0
0.0
0.0
0.0
0.0
0.0
0.0
0.0
0.0
0.0
0.0
0.0
0.0
0.0
0.0
0.0
0.0
0.0
0.0
0.0
0.0
0.0
0.0
0.0
0.0
0.0
0.0
0.0
0.0
0.0
0.0
0.0
0.0
0.0
0.0
0.0
0.0
0.0
0.0
0.0
0.0
0.0
0.0
0.0
0.0
0.0
0.0
0.0
0.0
0.0
0.0
0.0
0.0
0.0
0.0
0.0
0.0
0.0
0.0
0.0
0.0
0.0
0.0
0.0
0.0
0.0
0.0
0.0
0.0
0.0
0.0
0.0
0.0
0.0
0.0
0.0
0.0
0.0
0.0
0.0
0.0
0.0
0.0
0.0
0.0
0.0
0.0
0.0
0.0
0.0
0.0
0.0
0.0
0.0
0.0
0.0
0.0
0.0
0.0
0.0
0.0
0.0
0.0
0.0
0.0
0.0
0.0
0.0
0.0
0.0
0.0
0.0
0.0
0.0
0.0
0.0
0.0
0.0
0.0
0.0
0.0
0.0
0.0
0.0
0.0
0.0
0.0
0.0
0.0
0.0
0.0
0.0
0.0
0.0
0.0
0.0
0.0
0.0
0.0
0.0
0.0
0.0
0.0
0.0
0.0
0.0
0.0
0.0
0.0
0.0
0.0
0.0
0.0
0.0
0.0
0.0
0.0
0.0
0.0
0.0
0.0
0.0
0.0
0.0
0.0
0.0
0.0
0.0
0.0
0.0
0.0
0.0
0.0
0.0
0.0
0.0
0.0
0.0
0.0
0.0
0.0
0.0
0.0
0.0
0.0
0.0
0.0
0.0
0.0
0.0
0.0
0.0
0.0
0.0
0.0
0.0
0.0
0.0
0.0
0.0
0.0
0.0
0.0
0.0
0.0
0.0
0.0
0.0
0.0
0.0
0.0
0.0
0.0
0.0
0.0
0.0
0.0
0.0
0.0
0.0
0.0
0.0
0.0
0.0
0.0
0.0
0.0
0.0
0.0
0.0
0.0
0.0
0.0
0.0
0.0
0.0
0.0
0.0
0.0
0.0
0.0
0.0
0.0
0.0
0.0
0.0
0.0
0.0
0.0
0.0
0.0
0.0
0.0
0.0
0.0
0.0
0.0
0.0
0.0
0.0
0.0
0.0
0.0
0.0
0.0
0.0
0.0
0.0
0.0
0.0
0.0
0.0
0.0
0.0
0.0
0.0
0.0
0.0
0.0
0.0
0.0
0.0
0.0
0.0
0.0
0.0
0.0
0.0
0.0
0.0
0.0
0.0
0.0
0.0
0.0
0.0
0.0
0.0
0.0
0.0
0.0
0.0
0.0
0.0
0.0
0.0
0.0
0.0
0.0
0.0
0.0
0.0
0.0
0.0
0.0
0.0
0.0
0.0
0.0
0.0
0.0
0.0
0.0
0.0
0.0
0.0
0.0
0.0
0.0
0.0
0.0
0.0
0.0
0.0
0.0
0.0
0.0
0.0
0.0
0.0
0.0
0.0
0.0
0.0
0.0
0.0
0.0
0.0
0.0
0.0
0.0
0.0
0.0
0.0
0.0
0.0
0.0
0.0
0.0
0.0
0.0
0.0
0.0
0.0
0.0
0.0
0.0
0.0
0.0
0.0
0.0
0.0
0.0
0.0
0.0
0.0
0.0
0.0
0.0
0.0
0.0
0.0
0.0
0.0
0.0
0.0
0.0
0.0
0.0
0.0
0.0
0.0
0.0
0.0
0.0
0.0
0.0
0.0
0.0
0.0
0.0
0.0
0.0
0.0
0.0
0.0
0.0
0.0
0.0
0.0
0.0
0.0
0.0
0.0
0.0
0.0
0.0
0.0
0.0
0.0
0.0
