1164.8
806.4
819.2
883.2
761.6
793.6
704.0
748.8
876.7999999999998
838.4000000000001
787.2
755.2
800.0
876.7999999999998
819.2
806.4
736.0
748.8
851.2
921.6000000000001
1312.0
1337.6
1318.4
1388.8
1408.0
1363.2
1324.8
1408.0
1440.0
1408.0
1388.8
1344.0
1395.2
1440.0
1344.0
1356.8
793.6
819.2
876.7999999999998
748.8
742.4
851.2
857.6
812.8
825.6
761.6
864.0
832.0
793.6
819.2
876.7999999999998
748.8
742.4
851.2
857.6
812.8
825.6
761.6
864.0
832.0
870.4000000000001
844.8000000000001
838.4000000000001
793.6
761.6
883.2
819.2
748.8
857.6
780.8
736.0
755.2
748.8
883.2
793.6
755.2
736.0
793.6
806.4
761.6
800.0
761.6
704.0
787.2
768.0
742.4
755.2
768.0
825.6
755.2
800.0
729.6
761.6
889.6000000000001
812.8
927.9999999999999
780.8
774.4
876.7999999999998
825.6
876.7999999999998
838.4000000000001
806.4
889.6000000000001
979.1999999999999
844.8000000000001
832.0
832.0
870.4000000000001
876.7999999999998
832.0
800.0
844.8000000000001
908.8
883.2
902.3999999999999
857.6
864.0
921.6000000000001
774.4
927.9999999999999
800.0
857.6
857.6
857.6
902.3999999999999
825.6
915.2
940.8
870.4000000000001
883.2
780.8
812.8
902.3999999999999
883.2
902.3999999999999
838.4000000000001
825.6
921.6000000000001
876.7999999999998
870.4000000000001
832.0
825.6
921.6000000000001
864.0
864.0
883.2
844.8000000000001
953.5999999999999
851.2
927.9999999999999
774.4
780.8
915.2
838.4000000000001
876.7999999999998
806.4
768.0
947.2000000000002
819.2
870.4000000000001
787.2
755.2
876.7999999999998
857.6
864.0
921.6000000000001
742.4
915.2
857.6
844.8000000000001
876.7999999999998
729.6
902.3999999999999
800.0
793.6
857.6
729.6
883.2
819.2
800.0
787.2
736.0
921.6000000000001
825.6
825.6
953.5999999999999
748.8
985.6
806.4
838.4000000000001
883.2
780.8
889.6000000000001
851.2
812.8
851.2
1004.8
915.2
857.6
947.2000000000002
819.2
966.4
883.2
780.8
806.4
787.2
736.0
844.8000000000001
793.6
825.6
755.2
768.0
857.6
793.6
787.2
800.0
691.2
832.0
832.0
889.6000000000001
800.0
768.0
838.4000000000001
812.8
838.4000000000001
793.6
768.0
793.6
832.0
883.2
800.0
748.8
851.2
883.2
876.7999999999998
768.0
780.8
787.2
819.2
883.2
774.4
819.2
748.8
819.2
876.7999999999998
832.0
864.0
748.8
787.2
915.2
819.2
825.6
736.0
768.0
915.2
812.8
979.1999999999999
742.4
787.2
927.9999999999999
761.6
966.4
742.4
742.4
921.6000000000001
736.0
838.4000000000001
768.0
857.6
934.4
729.6
844.8000000000001
748.8
723.2
838.4000000000001
800.0
921.6000000000001
716.8
742.4
857.6
812.8
940.8
736.0
780.8
800.0
774.4
915.2
742.4
883.2
812.8
768.0
800.0
793.6
915.2
736.0
748.8
761.6
761.6
851.2
755.2
812.8
800.0
755.2
908.8
742.4
755.2
742.4
716.8
896.0000000000001
736.0
748.8
806.4
755.2
908.8
780.8
761.6
742.4
774.4
825.6
755.2
768.0
768.0
780.8
793.6
742.4
819.2
787.2
774.4
864.0
768.0
768.0
819.2
736.0
774.4
819.2
870.4000000000001
844.8000000000001
812.8
755.2
838.4000000000001
864.0
825.6
838.4000000000001
825.6
819.2
934.4
851.2
832.0
876.7999999999998
774.4
902.3999999999999
800.0
774.4
774.4
966.4
851.2
793.6
742.4
883.2
844.8000000000001
870.4000000000001
768.0
851.2
793.6
793.6
793.6
742.4
755.2
838.4000000000001
793.6
864.0
812.8
1056.0
793.6
742.4
716.8
806.4
902.3999999999999
838.4000000000001
736.0
812.8
793.6
832.0
793.6
742.4
742.4
825.6
864.0
787.2
755.2
787.2
870.4000000000001
902.3999999999999
819.2
819.2
723.2
857.6
787.2
748.8
902.3999999999999
774.4
787.2
876.7999999999998
819.2
864.0
761.6
806.4
825.6
857.6
883.2
851.2
780.8
857.6
825.6
979.1999999999999
832.0
774.4
896.0000000000001
934.4
902.3999999999999
896.0000000000001
812.8
768.0
857.6
851.2
883.2
908.8
832.0
787.2
787.2
800.0
921.6000000000001
793.6
806.4
857.6
857.6
768.0
742.4
755.2
844.8000000000001
832.0
793.6
768.0
768.0
812.8
832.0
825.6
806.4
755.2
736.0
748.8
876.7999999999998
768.0
729.6
710.4
716.8
742.4
908.8
742.4
748.8
825.6
806.4
755.2
736.0
748.8
876.7999999999998
768.0
729.6
710.4
716.8
742.4
908.8
742.4
748.8
825.6
806.4
755.2
736.0
748.8
876.7999999999998
768.0
729.6
710.4
716.8
742.4
908.8
742.4
748.8
825.6
806.4
755.2
736.0
748.8
876.7999999999998
768.0
729.6
710.4
716.8
742.4
908.8
742.4
748.8
0.0
0.0
0.0
0.0
0.0
0.0
0.0
0.0
0.0
0.0
0.0
0.0
0.0
0.0
0.0
0.0
0.0
0.0
0.0
0.0
0.0
0.0
0.0
0.0
0.0
0.0
0.0
0.0
0.0
0.0
0.0
0.0
0.0
0.0
0.0
0.0
0.0
0.0
0.0
0.0
0.0
0.0
0.0
0.0
0.0
0.0
0.0
0.0
0.0
0.0
0.0
0.0
0.0
0.0
0.0
0.0
0.0
0.0
0.0
0.0
0.0
0.0
0.0
0.0
0.0
0.0
0.0
0.0
0.0
0.0
0.0
0.0
0.0
0.0
0.0
0.0
0.0
0.0
0.0
0.0
0.0
0.0
0.0
0.0
0.0
0.0
0.0
0.0
0.0
0.0
0.0
0.0
0.0
0.0
0.0
0.0
0.0
0.0
0.0
0.0
0.0
0.0
0.0
0.0
0.0
0.0
0.0
0.0
0.0
0.0
0.0
0.0
0.0
0.0
0.0
0.0
0.0
0.0
0.0
0.0
0.0
0.0
0.0
0.0
0.0
0.0
0.0
0.0
0.0
0.0
0.0
0.0
0.0
0.0
0.0
0.0
0.0
0.0
0.0
0.0
0.0
0.0
0.0
0.0
0.0
0.0
0.0
0.0
0.0
0.0
0.0
0.0
0.0
0.0
0.0
0.0
0.0
0.0
0.0
0.0
0.0
0.0
0.0
0.0
0.0
0.0
0.0
0.0
0.0
0.0
0.0
0.0
0.0
0.0
0.0
0.0
0.0
0.0
0.0
0.0
0.0
0.0
0.0
0.0
0.0
0.0
0.0
0.0
0.0
0.0
0.0
0.0
0.0
0.0
0.0
0.0
0.0
0.0
0.0
0.0
0.0
0.0
0.0
0.0
0.0
0.0
0.0
0.0
0.0
0.0
0.0
0.0
0.0
0.0
0.0
0.0
0.0
0.0
0.0
0.0
0.0
0.0
0.0
0.0
0.0
0.0
0.0
0.0
0.0
0.0
0.0
0.0
0.0
0.0
0.0
0.0
0.0
0.0
0.0
0.0
