883.2
652.8
582.4
627.2
537.6
435.20000000000005
723.2
665.6
793.6
544.0
396.8
505.6
742.4
550.4
416.0
652.8
499.2
422.40000000000003
691.2
2764.8
2745.6
2880.0
2809.6
2803.2
2790.4
2828.8
2835.2
2777.6
2752.0
2777.6
2841.6
2905.6
2764.8
2803.2
2944.0
2790.4
2758.4
2732.8
2732.8
2809.6
2777.6
2771.2
2752.0
2726.4
2963.2
2771.2
2752.0
2905.6
2796.8
2796.8
2752.0
2771.2
2841.6
2752.0
2752.0
2745.6
2777.6
2892.8
2764.8
2777.6
2905.6
2745.6
2745.6
2732.8
2752.0
2860.8
2739.2
2745.6
2752.0
2848.0
2816.0
2720.0
2739.2
2771.2
2752.0
2784.0
2752.0
2739.2
2860.8
2720.0
2739.2
2713.6
2745.6
2867.2
2745.6
2752.0
2796.8
2745.6
2937.6
2713.6
2720.0
2950.4
2732.8
2816.0
2726.4
2739.2
2873.6
2796.8
2726.4
2745.6
2732.8
2835.2
2758.4
2713.6
2809.6
2739.2
2764.8
2771.2
2732.8
2905.6
2771.2
2745.6
2707.2
2809.6
2963.2
2732.8
2752.0
2758.4
2752.0
2764.8
2732.8
2745.6
2905.6
2732.8
2758.4
2700.8
2745.6
2912.0
2700.8
2771.2
2790.4
2745.6
2752.0
2720.0
2707.2
2982.4
2720.0
2720.0
2713.6
2713.6
2809.6
2784.0
2771.2
2713.6
2745.6
2790.4
2739.2
2745.6
2880.0
2707.2
2803.2
2732.8
2771.2
2880.0
2694.4
2745.6
2777.6
2784.0
2924.8
2720.0
2752.0
2924.8
2752.0
2764.8
2720.0
2732.8
2803.2
2739.2
2739.2
2700.8
2745.6
2828.8
2681.6
2700.8
2982.4
2681.6
2963.2
2707.2
2739.2
2931.2
2739.2
2745.6
2739.2
2713.6
2841.6
2758.4
2739.2
2758.4
2752.0
2918.4
2732.8
2758.4
2873.6
2796.8
2732.8
2764.8
2752.0
2720.0
2624.0
2617.6
2694.4
2604.8
2809.6
2572.8
2560.0
2732.8
2579.2
2662.4
2572.8
2598.4
2636.8
2592.0
2611.2
2566.4
2572.8
2649.6
2579.2
2579.2
2726.4
2604.8
2771.2
2566.4
2553.6
2809.6
2598.4
2598.4
2585.6
2611.2
2694.4
2572.8
2624.0
2611.2
2585.6
2752.0
2592.0
2604.8
2713.6
2604.8
2604.8
2617.6
2624.0
2720.0
2624.0
2598.4
2617.6
2630.4
2656.0
2592.0
2579.2
2707.2
2585.6
2764.8
2572.8
2611.2
2803.2
2566.4
2604.8
2566.4
2604.8
2636.8
2572.8
2617.6
2585.6
2611.2
2630.4
2566.4
2579.2
2611.2
2572.8
2713.6
2585.6
2592.0
2796.8
2579.2
2656.0
2540.8
2566.4
2854.4
2636.8
2579.2
2579.2
2617.6
2656.0
2572.8
2585.6
2560.0
2566.4
2592.0
2681.6
2592.0
2662.4
2585.6
2796.8
2566.4
2604.8
2752.0
2604.8
2624.0
2585.6
2617.6
2643.2
2598.4
2566.4
2579.2
2662.4
2617.6
2585.6
2585.6
2643.2
2617.6
2803.2
2572.8
2598.4
2771.2
2592.0
2720.0
2585.6
2598.4
2726.4
2604.8
2592.0
2611.2
2598.4
2579.2
2592.0
2579.2
2604.8
2592.0
2745.6
2579.2
2585.6
2656.0
2592.0
2809.6
2592.0
2592.0
2675.2
2566.4
2630.4
2540.8
2611.2
2656.0
2636.8
2592.0
2585.6
2604.8
2624.0
2611.2
2585.6
2604.8
2611.2
2726.4
2547.2
2598.4
2694.4
2604.8
2604.8
2579.2
2585.6
2624.0
2598.4
2611.2
2598.4
2643.2
2598.4
2572.8
2572.8
2630.4
2688.0
2668.8
2553.6
2572.8
2732.8
2630.4
2720.0
2598.4
2592.0
2624.0
2566.4
2585.6
2560.0
2598.4
2649.6
2560.0
2566.4
2566.4
2592.0
2604.8
2547.2
2540.8
2675.2
2579.2
2560.0
2540.8
2598.4
2867.2
2585.6
2579.2
2566.4
2604.8
2681.6
2592.0
2560.0
2540.8
2560.0
2611.2
2585.6
2560.0
2598.4
2585.6
2604.8
2585.6
2585.6
2668.8
2662.4
2617.6
2553.6
2598.4
2668.8
2572.8
2560.0
2579.2
2649.6
2675.2
2566.4
2572.8
2585.6
2688.0
2604.8
2585.6
2598.4
2630.4
2656.0
2617.6
2547.2
2521.6
524.8
358.4
710.4
352.0
416.0
550.4
352.0
352.0
339.2
339.2
467.2
358.4
345.6
352.0
377.6
390.4
345.6
345.6
428.8
358.4
358.4
345.6
339.2
544.0
352.0
345.6
364.8
345.6
364.8
371.2
352.0
358.4
345.6
364.8
345.6
345.6
364.8
339.2
358.4
345.6
339.2
537.6
332.8
396.8
345.6
377.6
390.4
345.6
371.2
339.2
352.0
339.2
326.4
326.4
339.2
345.6
339.2
339.2
0.0
0.0
0.0
0.0
0.0
0.0
0.0
0.0
0.0
0.0
0.0
0.0
0.0
0.0
0.0
0.0
0.0
0.0
0.0
0.0
0.0
0.0
0.0
0.0
0.0
0.0
0.0
0.0
0.0
0.0
0.0
0.0
0.0
0.0
0.0
0.0
0.0
0.0
0.0
0.0
0.0
0.0
0.0
0.0
0.0
0.0
0.0
0.0
0.0
0.0
0.0
0.0
0.0
0.0
0.0
0.0
0.0
0.0
0.0
0.0
0.0
0.0
0.0
0.0
0.0
0.0
0.0
0.0
0.0
0.0
0.0
0.0
0.0
0.0
0.0
0.0
0.0
0.0
0.0
0.0
0.0
0.0
0.0
0.0
0.0
0.0
0.0
0.0
0.0
0.0
0.0
0.0
0.0
0.0
0.0
0.0
0.0
0.0
0.0
0.0
0.0
0.0
0.0
0.0
0.0
0.0
0.0
0.0
0.0
0.0
0.0
0.0
0.0
0.0
0.0
0.0
0.0
0.0
0.0
0.0
0.0
0.0
0.0
0.0
0.0
0.0
0.0
0.0
0.0
0.0
0.0
0.0
0.0
0.0
0.0
0.0
0.0
0.0
0.0
0.0
0.0
0.0
0.0
0.0
0.0
0.0
0.0
0.0
0.0
0.0
0.0
0.0
0.0
0.0
0.0
0.0
0.0
0.0
0.0
0.0
0.0
0.0
0.0
0.0
0.0
0.0
0.0
0.0
0.0
0.0
0.0
0.0
0.0
0.0
0.0
0.0
0.0
0.0
0.0
0.0
0.0
0.0
0.0
0.0
0.0
0.0
0.0
0.0
0.0
0.0
0.0
0.0
0.0
0.0
0.0
0.0
0.0
0.0
0.0
0.0
0.0
0.0
0.0
0.0
0.0
0.0
