1241.6
966.4
960.0
1011.2
992.0
1011.2
966.4
870.4000000000001
940.8
896.0000000000001
1094.4
972.8
1024.0
1036.8
979.1999999999999
960.0
902.3999999999999
985.6
1036.8
1491.2
1305.6
1222.4
1523.2
1388.8
1408.0
1580.8
1273.6
1395.2
1395.2
1491.2
1273.6
1305.6
1427.2
1350.4
1440.0
1299.2
1286.4
1632.0
1388.8
1312.0
1280.0
1254.4
1561.6
1331.2
1363.2
1292.8
1318.4
1363.2
1369.6
1299.2
1305.6
1363.2
1273.6
1305.6
1312.0
1331.2
1228.8
1356.8
1299.2
1292.8
1337.6
1216.0
1312.0
1363.2
1241.6
1312.0
1216.0
1318.4
1286.4
1292.8
1452.8
1254.4
1260.8
1273.6
1254.4
1619.2
1260.8
1292.8
1248.0
1254.4
1548.8
1222.4
1273.6
1299.2
1305.6
1561.6
1568.0
1497.6
1440.0
1452.8
1593.6
1395.2
1356.8
1318.4
1440.0
1363.2
1337.6
1459.2
1497.6
1440.0
1478.4
1299.2
1318.4
1478.4
1292.8
1408.0
1305.6
1299.2
1331.2
1241.6
1395.2
1280.0
1292.8
1580.8
1318.4
1324.8
1344.0
1318.4
1452.8
1228.8
1248.0
1299.2
1305.6
1376.0
1254.4
1292.8
1292.8
1235.2
1292.8
1286.4
1209.6
1254.4
1299.2
1337.6
1216.0
1235.2
1324.8
1273.6
1241.6
1177.6
1235.2
1267.2
1292.8
1260.8
1273.6
1273.6
1318.4
1408.0
1280.0
1254.4
1363.2
1318.4
1260.8
1356.8
1254.4
1382.4
1369.6
1382.4
1356.8
1305.6
1305.6
1344.0
1324.8
1420.8
1318.4
1299.2
1260.8
1299.2
1331.2
1273.6
1318.4
1305.6
1395.2
1331.2
1222.4
1382.4
1344.0
1401.6
1324.8
1465.6
1446.4
1382.4
1395.2
1414.4
1420.8
1388.8
1568.0
1427.2
1164.8
1184.0
1235.2
1164.8
1107.2
1152.0
1113.6
927.9999999999999
947.2000000000002
953.5999999999999
908.8
915.2
896.0000000000001
793.6
870.4000000000001
838.4000000000001
806.4
864.0
793.6
800.0
864.0
825.6
876.7999999999998
819.2
780.8
844.8000000000001
838.4000000000001
870.4000000000001
825.6
812.8
844.8000000000001
838.4000000000001
844.8000000000001
819.2
812.8
857.6
800.0
908.8
870.4000000000001
819.2
825.6
832.0
992.0
800.0
934.4
838.4000000000001
838.4000000000001
992.0
774.4
953.5999999999999
793.6
806.4
1094.4
870.4000000000001
998.4
793.6
851.2
1043.2
832.0
947.2000000000002
787.2
844.8000000000001
1030.4
832.0
979.1999999999999
793.6
927.9999999999999
1312.0
832.0
876.7999999999998
832.0
825.6
1094.4
800.0
921.6000000000001
812.8
889.6000000000001
1011.2
825.6
915.2
825.6
864.0
1004.8
800.0
851.2
832.0
857.6
1113.6
934.4
889.6000000000001
883.2
972.8
902.3999999999999
838.4000000000001
870.4000000000001
812.8
857.6
908.8
819.2
864.0
851.2
927.9999999999999
870.4000000000001
800.0
883.2
876.7999999999998
883.2
870.4000000000001
787.2
883.2
812.8
921.6000000000001
774.4
819.2
915.2
793.6
825.6
838.4000000000001
787.2
921.6000000000001
838.4000000000001
844.8000000000001
851.2
761.6
1043.2
851.2
851.2
812.8
793.6
915.2
812.8
864.0
800.0
825.6
921.6000000000001
800.0
838.4000000000001
819.2
780.8
972.8
940.8
908.8
998.4
851.2
992.0
985.6
1017.6
979.1999999999999
857.6
985.6
787.2
800.0
806.4
787.2
902.3999999999999
851.2
812.8
819.2
857.6
1017.6
851.2
806.4
992.0
985.6
1017.6
979.1999999999999
857.6
985.6
787.2
800.0
806.4
787.2
902.3999999999999
851.2
812.8
819.2
857.6
1017.6
851.2
806.4
844.8000000000001
851.2
1145.6
864.0
940.8
908.8
819.2
953.5999999999999
876.7999999999998
793.6
838.4000000000001
793.6
908.8
908.8
787.2
844.8000000000001
780.8
927.9999999999999
896.0000000000001
806.4
864.0
864.0
985.6
902.3999999999999
819.2
844.8000000000001
915.2
889.6000000000001
889.6000000000001
812.8
864.0
832.0
1107.2
972.8
876.7999999999998
889.6000000000001
838.4000000000001
800.0
972.8
889.6000000000001
921.6000000000001
915.2
812.8
927.9999999999999
921.6000000000001
921.6000000000001
985.6
819.2
953.5999999999999
947.2000000000002
1241.6
1158.4
1126.4
972.8
940.8
896.0000000000001
1004.8
915.2
1158.4
1286.4
1094.4
1235.2
1004.8
966.4
960.0
876.7999999999998
1068.8
908.8
1184.0
1158.4
934.4
806.4
800.0
934.4
896.0000000000001
979.1999999999999
864.0
812.8
864.0
979.1999999999999
870.4000000000001
902.3999999999999
800.0
870.4000000000001
896.0000000000001
864.0
921.6000000000001
812.8
902.3999999999999
889.6000000000001
832.0
915.2
876.7999999999998
896.0000000000001
876.7999999999998
825.6
960.0
1190.4
1292.8
934.4
883.2
819.2
812.8
966.4
896.0000000000001
1248.0
1248.0
902.3999999999999
889.6000000000001
857.6
896.0000000000001
902.3999999999999
812.8
876.7999999999998
864.0
806.4
940.8
768.0
761.6
780.8
832.0
1254.4
960.0
870.4000000000001
838.4000000000001
704.0
934.4
812.8
716.8
723.2
716.8
883.2
755.2
748.8
774.4
812.8
972.8
748.8
768.0
684.8
736.0
908.8
716.8
800.0
748.8
0.0
0.0
0.0
0.0
0.0
0.0
0.0
0.0
0.0
0.0
0.0
0.0
0.0
0.0
0.0
0.0
0.0
0.0
0.0
0.0
0.0
0.0
0.0
0.0
0.0
0.0
0.0
0.0
0.0
0.0
0.0
0.0
0.0
0.0
0.0
0.0
0.0
0.0
0.0
0.0
0.0
0.0
0.0
0.0
0.0
0.0
0.0
0.0
0.0
0.0
0.0
0.0
0.0
0.0
0.0
0.0
0.0
0.0
0.0
0.0
0.0
0.0
0.0
0.0
0.0
0.0
0.0
0.0
0.0
0.0
0.0
0.0
0.0
0.0
0.0
0.0
0.0
0.0
0.0
0.0
0.0
0.0
0.0
0.0
0.0
0.0
0.0
0.0
0.0
0.0
0.0
0.0
0.0
0.0
0.0
0.0
0.0
0.0
0.0
0.0
0.0
0.0
0.0
0.0
0.0
0.0
0.0
0.0
0.0
0.0
0.0
0.0
0.0
0.0
0.0
0.0
0.0
0.0
0.0
0.0
0.0
0.0
0.0
0.0
0.0
0.0
0.0
0.0
0.0
0.0
0.0
0.0
0.0
0.0
0.0
0.0
0.0
0.0
0.0
0.0
0.0
0.0
0.0
0.0
0.0
0.0
0.0
0.0
0.0
0.0
0.0
0.0
0.0
0.0
0.0
0.0
0.0
0.0
0.0
0.0
0.0
0.0
0.0
0.0
0.0
0.0
0.0
0.0
0.0
0.0
0.0
0.0
0.0
0.0
0.0
0.0
0.0
0.0
0.0
0.0
0.0
0.0
0.0
0.0
0.0
0.0
0.0
0.0
0.0
0.0
0.0
0.0
0.0
0.0
0.0
0.0
0.0
0.0
0.0
0.0
0.0
0.0
0.0
0.0
0.0
