793.6
652.8
640.0
934.4
601.6
454.4
857.6
646.4
633.6
480.0
422.40000000000003
480.0
422.40000000000003
518.4
684.8
390.4
441.6
2041.6000000000001
2035.2
2208.0
2028.8
2009.6
2009.6
2048.0
2080.0
1990.4
1984.0
2176.0
2028.8
2041.6000000000001
2003.2
2054.4
2227.2
1984.0
1990.4
1996.8
2099.2
2227.2
1996.8
2003.2
2073.6
2073.6
2009.6
2016.0
2022.4
2227.2
2022.4
2022.4
1971.2
2041.6000000000001
2188.8
1990.4
2022.4
2016.0
1964.8
2201.6
2048.0
1977.6
2227.2
1977.6
2035.2
1996.8
2003.2
2265.6
1971.2
1990.4
1952.0
2016.0
2201.6
2016.0
1977.6
2028.8
2035.2
2092.8
2022.4
1990.4
2176.0
1964.8
1990.4
1990.4
2041.6000000000001
2176.0
2080.0
1971.2
1977.6
2144.0
2201.6
1977.6
2022.4
2086.4
1996.8
2041.6000000000001
1984.0
1996.8
2201.6
1977.6
2054.4
1984.0
1984.0
2131.2
2028.8
2028.8
2124.8
1964.8
2099.2
2022.4
2022.4
2291.2
2016.0
2028.8
2022.4
1977.6
2144.0
1990.4
1996.8
1964.8
1958.3999999999999
2080.0
2003.2
1958.3999999999999
2124.8
2003.2
2054.4
1990.4
1971.2
2163.2
1996.8
2009.6
1984.0
2041.6000000000001
2035.2
1984.0
1990.4
2009.6
2118.4
2086.4
2035.2
2099.2
2137.6
1977.6
1984.0
2016.0
1977.6
2240.0
1977.6
2003.2
2009.6
1977.6
1990.4
1964.8
1996.8
1971.2
1926.3999999999999
2060.8
1952.0
2003.2
2246.4
2003.2
1996.8
2009.6
1977.6
2214.4
1977.6
2054.4
2003.2
1945.6
2003.2
2028.8
1984.0
1971.2
1990.4
2060.8
1977.6
2054.4
2105.6
1996.8
2048.0
1964.8
1984.0
2060.8
1996.8
2041.6000000000001
1964.8
2099.2
1932.8
1964.8
1984.0
2118.4
2003.2
2060.8
1996.8
2035.2
2208.0
1977.6
1990.4
1888.0
1913.6
1881.6
1862.4000000000003
1907.1999999999998
1888.0
1875.1999999999998
1952.0
1881.6
1894.4000000000003
2169.6
1855.9999999999998
1926.3999999999999
1868.8
1888.0
2092.8
1849.6
1881.6
1939.2
1881.6
2041.6000000000001
1875.1999999999998
1881.6
1881.6
1900.8
1894.4000000000003
1849.6
1881.6
2060.8
1862.4000000000003
1920.0
1894.4000000000003
1894.4000000000003
1964.8
1843.2000000000003
1868.8
1888.0
2009.6
1875.1999999999998
1868.8
1894.4000000000003
1945.6
1875.1999999999998
1868.8
1849.6
1855.9999999999998
2092.8
1875.1999999999998
1868.8
1881.6
1920.0
2060.8
1875.1999999999998
1868.8
1888.0
1855.9999999999998
1862.4000000000003
1920.0
1888.0
1977.6
1894.4000000000003
1913.6
1843.2000000000003
1913.6
2188.8
1855.9999999999998
1984.0
1849.6
1926.3999999999999
2188.8
1849.6
1881.6
1920.0
1881.6
1952.0
1849.6
1907.1999999999998
1849.6
1817.6
1868.8
1862.4000000000003
1894.4000000000003
1894.4000000000003
1849.6
1888.0
1830.4
1855.9999999999998
2016.0
1855.9999999999998
1996.8
1881.6
1881.6
2080.0
1823.9999999999998
1939.2
1868.8
1907.1999999999998
1971.2
1843.2000000000003
2003.2
1907.1999999999998
1945.6
1894.4000000000003
1900.8
1811.2000000000003
1888.0
1945.6
1900.8
1881.6
1939.2
2073.6
1868.8
1932.8
1849.6
1875.1999999999998
2092.8
1862.4000000000003
1888.0
1939.2
1862.4000000000003
1964.8
1836.8
1945.6
1888.0
1894.4000000000003
1881.6
1894.4000000000003
1913.6
1875.1999999999998
1836.8
1920.0
1888.0
1875.1999999999998
2124.8
1862.4000000000003
1971.2
1894.4000000000003
1868.8
2278.4
1913.6
1926.3999999999999
1888.0
1836.8
2329.6
2240.0
2144.0
2176.0
2176.0
2214.4
2240.0
2182.4
2252.8
2144.0
2156.8
2208.0
2144.0
2368.0
2137.6
2080.0
2124.8
2227.2
2182.4
2092.8
2054.4
2092.8
2246.4
2176.0
2099.2
2163.2
2323.2
2188.8
2208.0
2099.2
1849.6
2003.2
1913.6
1907.1999999999998
1907.1999999999998
1875.1999999999998
1900.8
1907.1999999999998
1888.0
1881.6
1881.6
1888.0
1920.0
1964.8
2112.0
1888.0
1862.4000000000003
1875.1999999999998
1945.6
2240.0
1855.9999999999998
1894.4000000000003
1888.0
1855.9999999999998
2022.4
1913.6
1977.6
1926.3999999999999
1855.9999999999998
1881.6
1868.8
1894.4000000000003
1888.0
1900.8
1900.8
1849.6
1875.1999999999998
2009.6
1849.6
1926.3999999999999
1862.4000000000003
1952.0
2067.2
1900.8
1843.2000000000003
1849.6
1894.4000000000003
1913.6
1868.8
2048.0
1830.4
1945.6
1868.8
1868.8
1977.6
1843.2000000000003
1977.6
1843.2000000000003
1849.6
1952.0
2060.8
1862.4000000000003
1875.1999999999998
1823.9999999999998
678.4
588.8
358.4
364.8
358.4
352.0
416.0
409.6
473.6000000000001
358.4
384.0
345.6
403.2
352.0
512.0
345.6
371.2
345.6
428.8
659.2
358.4
371.2
345.6
358.4
537.6
358.4
435.20000000000005
352.0
358.4
377.6
345.6
345.6
403.2
364.8
352.0
345.6
345.6
620.8
358.4
403.2
339.2
377.6
563.2
339.2
332.8
345.6
448.00000000000006
339.2
358.4
390.4
454.4
409.6
332.8
345.6
345.6
563.2
345.6
358.4
339.2
332.8
505.6
339.2
339.2
326.4
339.2
377.6
371.2
364.8
377.6
332.8
358.4
320.0
345.6
633.6
345.6
339.2
352.0
352.0
684.8
339.2
377.6
352.0
345.6
467.2
358.4
339.2
332.8
345.6
332.8
339.2
345.6
492.8
377.6
384.0
339.2
332.8
633.6
326.4
345.6
345.6
403.2
0.0
0.0
0.0
0.0
0.0
0.0
0.0
0.0
0.0
0.0
0.0
0.0
0.0
0.0
0.0
0.0
0.0
0.0
0.0
0.0
0.0
0.0
0.0
0.0
0.0
0.0
0.0
0.0
0.0
0.0
0.0
0.0
0.0
0.0
0.0
0.0
0.0
0.0
0.0
0.0
0.0
0.0
0.0
0.0
0.0
0.0
0.0
0.0
0.0
0.0
0.0
0.0
0.0
0.0
0.0
0.0
0.0
0.0
0.0
0.0
0.0
0.0
0.0
0.0
0.0
0.0
0.0
0.0
0.0
0.0
0.0
0.0
0.0
0.0
0.0
0.0
0.0
0.0
0.0
0.0
0.0
0.0
0.0
0.0
0.0
0.0
0.0
0.0
0.0
0.0
0.0
0.0
0.0
0.0
0.0
0.0
0.0
0.0
0.0
0.0
0.0
0.0
0.0
0.0
0.0
0.0
0.0
0.0
0.0
0.0
0.0
0.0
0.0
0.0
0.0
0.0
0.0
0.0
0.0
0.0
0.0
0.0
0.0
0.0
0.0
0.0
0.0
0.0
0.0
0.0
0.0
0.0
0.0
0.0
0.0
0.0
0.0
0.0
0.0
0.0
0.0
0.0
0.0
0.0
0.0
0.0
0.0
0.0
0.0
0.0
0.0
0.0
0.0
0.0
0.0
0.0
0.0
0.0
0.0
0.0
0.0
0.0
0.0
0.0
0.0
0.0
0.0
