1120.0
710.4
748.8
819.2
793.6
755.2
736.0
755.2
908.8
755.2
755.2
755.2
736.0
857.6
800.0
774.4
716.8
729.6
832.0
793.6
864.0
1158.4
1164.8
1267.2
1292.8
1248.0
1177.6
1158.4
1305.6
1305.6
1248.0
1203.2
1190.4
1241.6
1209.6
1190.4
1196.8
1209.6
1235.2
1177.6
1222.4
1158.4
1299.2
1248.0
1184.0
1190.4
1171.2
1260.8
1286.4
1203.2
1216.0
1139.2
1292.8
1292.8
1184.0
1222.4
1184.0
1369.6
1228.8
1184.0
1177.6
1171.2
1401.6
1260.8
1235.2
1184.0
1158.4
1363.2
1196.8
1248.0
1222.4
1171.2
1331.2
1267.2
1209.6
1222.4
1152.0
1427.2
1260.8
1177.6
1203.2
1177.6
1363.2
1280.0
1184.0
1209.6
1158.4
1337.6
1273.6
1216.0
1209.6
1152.0
1331.2
1254.4
1177.6
1158.4
1177.6
1350.4
1190.4
1203.2
1177.6
1286.4
1350.4
1318.4
1344.0
1312.0
1344.0
1337.6
1318.4
1299.2
1318.4
1331.2
1369.6
1344.0
1344.0
1324.8
1267.2
1337.6
1331.2
1305.6
1324.8
1292.8
1337.6
1267.2
1299.2
1241.6
1254.4
1452.8
1267.2
1267.2
1158.4
1235.2
1299.2
1305.6
1376.0
1248.0
1292.8
1312.0
1292.8
1299.2
1190.4
1196.8
1356.8
1222.4
1504.0
1241.6
1235.2
1286.4
1184.0
1120.0
1184.0
1132.8
1248.0
1203.2
1273.6
1209.6
1203.2
1305.6
1216.0
1305.6
1248.0
1203.2
1280.0
1312.0
1376.0
1292.8
1190.4
1286.4
1260.8
1318.4
1241.6
1216.0
1350.4
1216.0
1216.0
1241.6
1235.2
1305.6
1286.4
1433.6
1433.6
1286.4
1529.6
1331.2
1459.2
1388.8
1312.0
1350.4
1344.0
1363.2
1331.2
1299.2
1395.2
1344.0
1312.0
1280.0
1228.8
1292.8
1254.4
1248.0
1235.2
1254.4
1286.4
1222.4
1254.4
1299.2
1107.2
1075.2
864.0
1011.2
812.8
793.6
825.6
819.2
812.8
876.7999999999998
806.4
832.0
819.2
812.8
857.6
793.6
844.8000000000001
844.8000000000001
800.0
864.0
787.2
832.0
819.2
825.6
857.6
825.6
844.8000000000001
844.8000000000001
800.0
819.2
825.6
819.2
832.0
774.4
780.8
793.6
806.4
832.0
774.4
838.4000000000001
864.0
819.2
819.2
838.4000000000001
793.6
889.6000000000001
838.4000000000001
844.8000000000001
819.2
780.8
947.2000000000002
793.6
819.2
832.0
774.4
979.1999999999999
870.4000000000001
896.0000000000001
793.6
800.0
1088.0
896.0000000000001
838.4000000000001
832.0
780.8
921.6000000000001
915.2
800.0
825.6
787.2
927.9999999999999
947.2000000000002
825.6
940.8
800.0
844.8000000000001
864.0
838.4000000000001
832.0
787.2
825.6
927.9999999999999
800.0
793.6
793.6
902.3999999999999
870.4000000000001
851.2
819.2
774.4
908.8
960.0
960.0
902.3999999999999
806.4
755.2
927.9999999999999
838.4000000000001
844.8000000000001
806.4
774.4
934.4
825.6
883.2
806.4
768.0
787.2
819.2
819.2
774.4
806.4
780.8
934.4
793.6
812.8
800.0
832.0
857.6
768.0
787.2
832.0
800.0
838.4000000000001
755.2
793.6
780.8
748.8
774.4
800.0
761.6
793.6
806.4
800.0
812.8
742.4
806.4
768.0
748.8
748.8
755.2
812.8
742.4
761.6
742.4
793.6
800.0
768.0
755.2
768.0
819.2
812.8
748.8
755.2
774.4
851.2
844.8000000000001
812.8
768.0
761.6
787.2
979.1999999999999
787.2
793.6
761.6
793.6
787.2
780.8
793.6
736.0
780.8
960.0
870.4000000000001
915.2
761.6
761.6
800.0
896.0000000000001
864.0
819.2
780.8
748.8
780.8
896.0000000000001
748.8
761.6
774.4
761.6
864.0
787.2
761.6
787.2
768.0
864.0
742.4
723.2
761.6
774.4
921.6000000000001
755.2
704.0
736.0
742.4
832.0
768.0
672.0
697.6
684.8
774.4
710.4
742.4
716.8
684.8
697.6
646.4
787.2
704.0
755.2
966.4
774.4
940.8
774.4
710.4
947.2000000000002
755.2
825.6
768.0
710.4
736.0
780.8
883.2
819.2
768.0
819.2
819.2
889.6000000000001
768.0
768.0
774.4
787.2
985.6
768.0
806.4
960.0
979.1999999999999
793.6
780.8
800.0
755.2
883.2
876.7999999999998
780.8
748.8
768.0
806.4
857.6
787.2
800.0
819.2
800.0
915.2
748.8
780.8
806.4
800.0
748.8
755.2
742.4
748.8
780.8
755.2
787.2
755.2
851.2
832.0
998.4
768.0
819.2
768.0
857.6
800.0
716.8
832.0
723.2
755.2
851.2
768.0
800.0
748.8
742.4
832.0
736.0
908.8
697.6
774.4
800.0
729.6
774.4
755.2
723.2
704.0
704.0
1113.6
851.2
640.0
748.8
729.6
870.4000000000001
780.8
704.0
742.4
729.6
780.8
710.4
736.0
729.6
723.2
768.0
748.8
748.8
723.2
704.0
755.2
774.4
742.4
684.8
659.2
768.0
716.8
729.6
755.2
723.2
755.2
755.2
710.4
710.4
742.4
883.2
0.0
0.0
0.0
0.0
0.0
0.0
0.0
0.0
0.0
0.0
0.0
0.0
0.0
0.0
0.0
0.0
0.0
0.0
0.0
0.0
0.0
0.0
0.0
0.0
0.0
0.0
0.0
0.0
0.0
0.0
0.0
0.0
0.0
0.0
0.0
0.0
0.0
0.0
0.0
0.0
0.0
0.0
0.0
0.0
0.0
0.0
0.0
0.0
0.0
0.0
0.0
0.0
0.0
0.0
0.0
0.0
0.0
0.0
0.0
0.0
0.0
0.0
0.0
0.0
0.0
0.0
0.0
0.0
0.0
0.0
0.0
0.0
0.0
0.0
0.0
0.0
0.0
0.0
0.0
0.0
0.0
0.0
0.0
0.0
0.0
0.0
0.0
0.0
0.0
0.0
0.0
0.0
0.0
0.0
0.0
0.0
0.0
0.0
0.0
0.0
0.0
0.0
0.0
0.0
0.0
0.0
0.0
0.0
0.0
0.0
0.0
0.0
0.0
0.0
0.0
0.0
0.0
0.0
0.0
0.0
0.0
0.0
0.0
0.0
0.0
0.0
0.0
0.0
0.0
0.0
0.0
0.0
0.0
0.0
0.0
0.0
0.0
0.0
0.0
0.0
0.0
0.0
0.0
0.0
0.0
0.0
0.0
0.0
0.0
0.0
0.0
0.0
0.0
0.0
0.0
0.0
0.0
