1120.0
748.8
800.0
857.6
851.2
793.6
729.6
729.6
844.8000000000001
755.2
800.0
780.8
787.2
953.5999999999999
1088.0
985.6
761.6
966.4
1107.2
1075.2
1139.2
1094.4
1120.0
1209.6
1113.6
1126.4
1120.0
1190.4
1203.2
1126.4
1152.0
1120.0
1331.2
1164.8
1145.6
1177.6
1113.6
1286.4
1158.4
1120.0
1132.8
1107.2
1286.4
1152.0
1139.2
1139.2
1100.8
1254.4
1152.0
1139.2
1132.8
1107.2
1312.0
1158.4
1132.8
1094.4
1094.4
1318.4
1158.4
1132.8
1152.0
1094.4
1331.2
1120.0
1139.2
1126.4
1113.6
1331.2
1164.8
1139.2
1132.8
1094.4
1324.8
1139.2
1126.4
1100.8
1107.2
1318.4
1139.2
1126.4
1184.0
1088.0
1292.8
1120.0
1164.8
1145.6
1113.6
1280.0
1126.4
1139.2
1145.6
1100.8
1292.8
1120.0
1120.0
1164.8
1100.8
1248.0
1139.2
1113.6
1267.2
1132.8
1344.0
1171.2
1139.2
1158.4
1120.0
1395.2
1100.8
1145.6
1139.2
1107.2
1324.8
1171.2
1132.8
1158.4
1126.4
1292.8
1158.4
1113.6
1132.8
1126.4
1273.6
1145.6
1158.4
1132.8
1126.4
1235.2
1113.6
1132.8
1139.2
1100.8
1267.2
1171.2
1145.6
1177.6
1126.4
1312.0
1158.4
1132.8
1177.6
1126.4
1331.2
1158.4
1164.8
1203.2
1126.4
1209.6
1190.4
1139.2
1152.0
1088.0
1280.0
1120.0
1113.6
1139.2
1139.2
1292.8
1158.4
1145.6
1100.8
1120.0
1267.2
1184.0
1209.6
1126.4
1120.0
1286.4
1139.2
1132.8
1132.8
1081.6
1318.4
1158.4
1152.0
1126.4
1100.8
1318.4
1100.8
1152.0
1171.2
1158.4
1318.4
1100.8
1145.6
1120.0
1126.4
1280.0
1126.4
1177.6
1113.6
1132.8
1331.2
1132.8
1126.4
812.8
755.2
972.8
742.4
1497.6
774.4
736.0
889.6000000000001
793.6
761.6
748.8
774.4
947.2000000000002
832.0
736.0
780.8
710.4
889.6000000000001
793.6
761.6
774.4
742.4
825.6
793.6
748.8
787.2
742.4
774.4
857.6
774.4
742.4
761.6
806.4
780.8
761.6
806.4
748.8
755.2
832.0
729.6
832.0
723.2
755.2
921.6000000000001
755.2
729.6
723.2
729.6
896.0000000000001
787.2
800.0
748.8
723.2
819.2
927.9999999999999
761.6
755.2
736.0
793.6
832.0
748.8
729.6
710.4
851.2
1004.8
774.4
742.4
748.8
787.2
908.8
761.6
774.4
755.2
774.4
960.0
755.2
755.2
761.6
742.4
966.4
825.6
787.2
857.6
876.7999999999998
1017.6
780.8
780.8
940.8
748.8
934.4
780.8
761.6
768.0
736.0
870.4000000000001
729.6
736.0
761.6
761.6
825.6
710.4
780.8
742.4
755.2
832.0
755.2
729.6
812.8
723.2
787.2
748.8
742.4
761.6
755.2
787.2
755.2
774.4
780.8
736.0
742.4
793.6
761.6
864.0
748.8
704.0
761.6
844.8000000000001
800.0
755.2
691.2
736.0
883.2
787.2
748.8
748.8
755.2
972.8
793.6
780.8
768.0
755.2
979.1999999999999
761.6
755.2
723.2
748.8
966.4
800.0
716.8
716.8
742.4
1004.8
755.2
800.0
755.2
889.6000000000001
1043.2
742.4
761.6
742.4
729.6
1056.0
748.8
768.0
748.8
729.6
947.2000000000002
710.4
787.2
736.0
774.4
992.0
704.0
787.2
755.2
748.8
927.9999999999999
742.4
870.4000000000001
992.0
934.4
934.4
768.0
812.8
806.4
742.4
1017.6
736.0
812.8
768.0
716.8
748.8
729.6
844.8000000000001
748.8
723.2
806.4
729.6
755.2
755.2
729.6
838.4000000000001
710.4
780.8
742.4
729.6
774.4
755.2
800.0
780.8
761.6
787.2
768.0
844.8000000000001
774.4
716.8
761.6
723.2
889.6000000000001
723.2
780.8
755.2
729.6
908.8
761.6
761.6
736.0
812.8
896.0000000000001
793.6
729.6
755.2
851.2
812.8
761.6
800.0
774.4
780.8
787.2
787.2
723.2
774.4
793.6
876.7999999999998
774.4
748.8
742.4
748.8
870.4000000000001
800.0
780.8
742.4
780.8
870.4000000000001
742.4
729.6
742.4
723.2
870.4000000000001
761.6
742.4
793.6
748.8
889.6000000000001
768.0
780.8
819.2
768.0
864.0
768.0
736.0
748.8
716.8
787.2
793.6
787.2
953.5999999999999
774.4
748.8
787.2
704.0
806.4
716.8
774.4
742.4
704.0
768.0
704.0
742.4
787.2
755.2
851.2
748.8
704.0
800.0
755.2
761.6
704.0
710.4
800.0
710.4
825.6
704.0
691.2
742.4
736.0
825.6
755.2
761.6
780.8
768.0
723.2
0.0
0.0
0.0
0.0
0.0
0.0
0.0
0.0
0.0
0.0
0.0
0.0
0.0
0.0
0.0
0.0
0.0
0.0
0.0
0.0
0.0
0.0
0.0
0.0
0.0
0.0
0.0
0.0
0.0
0.0
0.0
0.0
0.0
0.0
0.0
0.0
0.0
0.0
0.0
0.0
0.0
0.0
0.0
0.0
0.0
0.0
0.0
0.0
0.0
0.0
0.0
0.0
0.0
0.0
0.0
0.0
0.0
0.0
0.0
0.0
0.0
0.0
0.0
0.0
0.0
0.0
0.0
0.0
0.0
0.0
0.0
0.0
0.0
0.0
0.0
0.0
0.0
0.0
0.0
0.0
0.0
0.0
0.0
0.0
0.0
0.0
0.0
0.0
0.0
0.0
0.0
0.0
0.0
0.0
0.0
0.0
0.0
0.0
0.0
0.0
0.0
0.0
0.0
0.0
0.0
0.0
0.0
0.0
0.0
0.0
0.0
0.0
0.0
0.0
0.0
0.0
0.0
0.0
0.0
0.0
0.0
0.0
0.0
0.0
0.0
0.0
0.0
0.0
0.0
0.0
0.0
0.0
0.0
0.0
0.0
0.0
0.0
0.0
0.0
0.0
0.0
0.0
0.0
0.0
0.0
0.0
0.0
0.0
0.0
0.0
0.0
0.0
0.0
0.0
0.0
0.0
0.0
0.0
0.0
0.0
0.0
0.0
0.0
0.0
0.0
0.0
0.0
0.0
0.0
0.0
0.0
0.0
0.0
0.0
0.0
0.0
0.0
0.0
0.0
0.0
0.0
0.0
0.0
0.0
0.0
0.0
0.0
0.0
0.0
0.0
0.0
0.0
0.0
