1113.6
819.2
710.4
544.0
556.8
416.0
537.6
723.2
614.4
409.6
409.6
531.2
480.0
422.40000000000003
409.6
441.6
2086.4
2316.8
2041.6000000000001
2022.4
2092.8
2028.8
2182.4
2016.0
2092.8
2003.2
2022.4
1990.4
1990.4
2208.0
2156.8
2016.0
1971.2
1977.6
2054.4
2195.2
1990.4
2016.0
2009.6
2035.2
2028.8
2009.6
2272.0
2048.0
2028.8
2003.2
2003.2
2067.2
2220.8
1977.6
1990.4
1990.4
1996.8
2086.4
1984.0
2067.2
2009.6
2054.4
2009.6
2003.2
2112.0
2201.6
2016.0
2016.0
2054.4
2035.2
2214.4
1977.6
2009.6
2009.6
2022.4
1984.0
1990.4
2182.4
1996.8
2003.2
2003.2
2003.2
2073.6
2208.0
1977.6
1984.0
1996.8
2009.6
2182.4
1984.0
2201.6
1945.6
2086.4
2022.4
1977.6
2252.8
2099.2
2048.0
1984.0
1958.3999999999999
1990.4
2246.4
1971.2
2028.8
2016.0
1964.8
2022.4
2003.2
2022.4
2028.8
1996.8
2009.6
1996.8
2073.6
2259.2
2009.6
2035.2
1984.0
1952.0
2131.2
1977.6
2048.0
2016.0
1996.8
1984.0
2003.2
2144.0
2054.4
1977.6
1996.8
1977.6
2009.6
2220.8
1952.0
1984.0
1984.0
2092.8
2016.0
1964.8
2016.0
1996.8
2016.0
1977.6
1990.4
2112.0
2118.4
1984.0
1958.3999999999999
1996.8
2291.2
2195.2
1958.3999999999999
2195.2
2041.6000000000001
2112.0
2048.0
2054.4
2080.0
2272.0
2073.6
2016.0
2092.8
2080.0
2214.4
1977.6
2118.4
2009.6
2163.2
2150.4
2003.2
2182.4
2009.6
2048.0
2003.2
1971.2
2022.4
2073.6
1984.0
1945.6
1964.8
2048.0
2054.4
1945.6
1984.0
1952.0
2118.4
1971.2
1971.2
2022.4
2092.8
1996.8
1990.4
1971.2
1945.6
2054.4
1932.8
1984.0
1977.6
1945.6
1900.8
1900.8
1868.8
1888.0
1952.0
1868.8
1881.6
1849.6
2041.6000000000001
1894.4000000000003
1868.8
1868.8
1849.6
1952.0
1855.9999999999998
1900.8
1855.9999999999998
1907.1999999999998
1894.4000000000003
1894.4000000000003
1875.1999999999998
1881.6
1875.1999999999998
1888.0
1881.6
1875.1999999999998
1996.8
1849.6
1875.1999999999998
1881.6
1945.6
2041.6000000000001
1843.2000000000003
1868.8
1868.8
1977.6
1920.0
1868.8
1875.1999999999998
1907.1999999999998
1907.1999999999998
1855.9999999999998
1868.8
1888.0
2105.6
1855.9999999999998
1868.8
1855.9999999999998
1913.6
2003.2
1843.2000000000003
1894.4000000000003
1855.9999999999998
1855.9999999999998
1907.1999999999998
1900.8
1875.1999999999998
1977.6
1932.8
1862.4000000000003
1920.0
1855.9999999999998
2131.2
1849.6
1881.6
1843.2000000000003
1868.8
1990.4
1862.4000000000003
1855.9999999999998
1855.9999999999998
1907.1999999999998
1913.6
1907.1999999999998
1849.6
1894.4000000000003
1868.8
1920.0
1888.0
1868.8
1913.6
1881.6
1875.1999999999998
1862.4000000000003
1868.8
2003.2
1862.4000000000003
1894.4000000000003
1855.9999999999998
1952.0
2009.6
1843.2000000000003
1843.2000000000003
1862.4000000000003
1913.6
1855.9999999999998
1862.4000000000003
1855.9999999999998
1900.8
1958.3999999999999
1888.0
1849.6
1900.8
1920.0
1894.4000000000003
1868.8
1894.4000000000003
1888.0
1984.0
1862.4000000000003
1849.6
1855.9999999999998
1913.6
1996.8
1868.8
1888.0
1862.4000000000003
1868.8
1964.8
1830.4
1900.8
1875.1999999999998
1849.6
1868.8
1843.2000000000003
1868.8
2080.0
1900.8
1920.0
1868.8
2003.2
2060.8
1881.6
1862.4000000000003
1849.6
1894.4000000000003
2080.0
1926.3999999999999
1836.8
1881.6
1855.9999999999998
1888.0
1881.6
1920.0
1958.3999999999999
1881.6
1907.1999999999998
1849.6
1875.1999999999998
1977.6
1868.8
1875.1999999999998
1868.8
1996.8
2112.0
1875.1999999999998
1849.6
1907.1999999999998
1939.2
2060.8
1849.6
1907.1999999999998
1862.4000000000003
1958.3999999999999
1862.4000000000003
1843.2000000000003
1888.0
1868.8
1881.6
1881.6
1849.6
1907.1999999999998
1945.6
1881.6
1849.6
1862.4000000000003
2009.6
2086.4
1862.4000000000003
1875.1999999999998
1855.9999999999998
1913.6
1945.6
1843.2000000000003
1862.4000000000003
1907.1999999999998
1920.0
1881.6
1855.9999999999998
1849.6
1868.8
1875.1999999999998
1862.4000000000003
1849.6
1977.6
2009.6
1868.8
1862.4000000000003
1881.6
1945.6
1932.8
1894.4000000000003
1862.4000000000003
1977.6
1868.8
1913.6
1843.2000000000003
1907.1999999999998
1932.8
1843.2000000000003
1843.2000000000003
1836.8
2028.8
2086.4
1849.6
1836.8
1843.2000000000003
1990.4
2035.2
1862.4000000000003
1875.1999999999998
1900.8
1984.0
1888.0
1849.6
1843.2000000000003
1868.8
1913.6
1881.6
1862.4000000000003
1888.0
1888.0
1952.0
1862.4000000000003
1875.1999999999998
1862.4000000000003
441.6
352.0
358.4
358.4
518.4
556.8
352.0
377.6
377.6
499.2
473.6000000000001
345.6
364.8
396.8
364.8
358.4
352.0
377.6
473.6000000000001
384.0
358.4
352.0
441.6
544.0
371.2
358.4
352.0
492.8
524.8
352.0
358.4
403.2
384.0
371.2
358.4
358.4
428.8
339.2
345.6
345.6
409.6
441.6
364.8
358.4
339.2
518.4
486.4
358.4
358.4
352.0
448.00000000000006
409.6
352.0
352.0
345.6
454.4
352.0
358.4
352.0
441.6
358.4
345.6
358.4
377.6
384.0
358.4
358.4
332.8
428.8
409.6
358.4
358.4
358.4
428.8
358.4
371.2
345.6
358.4
352.0
332.8
345.6
345.6
601.6
339.2
332.8
320.0
345.6
512.0
345.6
339.2
326.4
320.0
403.2
345.6
352.0
345.6
403.2
332.8
358.4
352.0
358.4
326.4
352.0
345.6
339.2
441.6
332.8
339.2
339.2
358.4
384.0
332.8
326.4
345.6
384.0
345.6
332.8
326.4
352.0
435.20000000000005
339.2
339.2
339.2
364.8
403.2
345.6
345.6
332.8
435.20000000000005
345.6
345.6
339.2
352.0
0.0
0.0
0.0
0.0
0.0
0.0
0.0
0.0
0.0
0.0
0.0
0.0
0.0
0.0
0.0
0.0
0.0
0.0
0.0
0.0
0.0
0.0
0.0
0.0
0.0
0.0
0.0
0.0
0.0
0.0
0.0
0.0
0.0
0.0
0.0
0.0
0.0
0.0
0.0
0.0
0.0
0.0
0.0
0.0
0.0
0.0
0.0
0.0
0.0
0.0
0.0
0.0
0.0
0.0
0.0
0.0
0.0
0.0
0.0
0.0
0.0
0.0
0.0
0.0
0.0
0.0
0.0
0.0
0.0
0.0
0.0
0.0
0.0
0.0
0.0
0.0
0.0
0.0
0.0
0.0
0.0
0.0
0.0
0.0
0.0
0.0
0.0
0.0
0.0
0.0
0.0
0.0
0.0
0.0
0.0
0.0
0.0
0.0
0.0
0.0
0.0
0.0
0.0
0.0
0.0
0.0
0.0
0.0
0.0
0.0
0.0
0.0
0.0
0.0
0.0
0.0
0.0
0.0
0.0
0.0
0.0
0.0
0.0
0.0
0.0
0.0
0.0
0.0
0.0
0.0
0.0
0.0
0.0
0.0
0.0
0.0
