716.8
601.6
409.6
576.0
595.2
505.6
659.2
652.8
665.6
556.8
422.40000000000003
678.4
832.0
588.8
409.6
460.80000000000007
2624.0
2566.4
2598.4
2668.8
2604.8
2604.8
2656.0
2579.2
2739.2
2643.2
2662.4
2585.6
2675.2
2604.8
2611.2
2630.4
2649.6
2592.0
2611.2
2604.8
2585.6
2668.8
2643.2
2860.8
2598.4
2630.4
2598.4
2617.6
2592.0
2624.0
2604.8
2662.4
2598.4
2617.6
2822.4
2585.6
2816.0
2604.8
2790.4
2624.0
2649.6
2611.2
2688.0
2617.6
2624.0
2656.0
2611.2
2764.8
2598.4
2796.8
2585.6
2675.2
2630.4
2624.0
2572.8
2624.0
2630.4
2649.6
2560.0
2630.4
2732.8
2572.8
2803.2
2566.4
2598.4
2598.4
2566.4
2630.4
2624.0
2553.6
2579.2
2598.4
2592.0
2694.4
2598.4
2643.2
2572.8
2604.8
2572.8
2598.4
2617.6
2630.4
2649.6
2585.6
2592.0
2662.4
2713.6
2579.2
2604.8
2604.8
2675.2
2656.0
2585.6
2579.2
2579.2
2656.0
2700.8
2611.2
2630.4
2752.0
2604.8
2617.6
2598.4
2739.2
2649.6
2579.2
2598.4
2572.8
2592.0
2579.2
2553.6
2598.4
2764.8
2566.4
2572.8
2547.2
2764.8
2624.0
2598.4
2566.4
2668.8
2592.0
2560.0
2585.6
2579.2
2688.0
2572.8
2611.2
2566.4
2585.6
2592.0
2572.8
2598.4
2566.4
2694.4
2598.4
2572.8
2572.8
2668.8
2560.0
2611.2
2585.6
2585.6
2675.2
2611.2
2598.4
2585.6
2617.6
2617.6
2624.0
2598.4
2604.8
2598.4
2572.8
2579.2
2662.4
2630.4
2617.6
2579.2
2560.0
2745.6
2726.4
2617.6
2572.8
2681.6
2668.8
2521.6
2483.2
2553.6
2598.4
2656.0
2540.8
2534.4
2720.0
2585.6
2483.2
2515.2
2496.0
2662.4
2521.6
2374.4
2419.2
2739.2
2515.2
2412.8
2380.8
2604.8
2560.0
2438.4
2387.2
2368.0
2361.6
2380.8
2425.6
2387.2
2483.2
2393.6
2393.6
2406.4
2393.6
2560.0
2368.0
2432.0
2348.8
2406.4
2528.0
2387.2
2438.4
2457.6
2400.0
2406.4
2412.8
2380.8
2444.8
2374.4
2355.2
2425.6
2387.2
2451.2
2387.2
2387.2
2387.2
2380.8
2489.6
2406.4
2432.0
2419.2
2393.6
2540.8
2387.2
2374.4
2457.6
2400.0
2374.4
2393.6
2476.8
2457.6
2374.4
2380.8
2419.2
2368.0
2547.2
2393.6
2393.6
2387.2
2374.4
2387.2
2438.4
2419.2
2508.8
2393.6
2310.4
2368.0
2361.6
2412.8
2329.6
2419.2
2425.6
2368.0
2483.2
2355.2
2406.4
2438.4
2361.6
2425.6
2387.2
2393.6
2393.6
2374.4
2406.4
2342.4
2438.4
2412.8
2412.8
2368.0
2374.4
2374.4
2374.4
2419.2
2393.6
2400.0
2380.8
2464.0
2400.0
2406.4
2470.4
2368.0
2380.8
2380.8
2412.8
2483.2
2368.0
2387.2
2368.0
2400.0
2444.8
2393.6
2374.4
2406.4
2348.8
2393.6
2336.0
2393.6
2406.4
2348.8
2387.2
2380.8
2476.8
2412.8
2393.6
2406.4
2400.0
2374.4
2406.4
2380.8
2457.6
2451.2
2387.2
2400.0
2355.2
2380.8
2444.8
2419.2
2393.6
2374.4
2496.0
2432.0
2361.6
2419.2
2393.6
2451.2
2451.2
2368.0
2406.4
2387.2
2387.2
2400.0
2406.4
2451.2
2444.8
2380.8
2406.4
2393.6
2438.4
2400.0
2393.6
2419.2
2400.0
2540.8
2425.6
2444.8
2355.2
2387.2
2393.6
2348.8
2329.6
2521.6
2400.0
2387.2
2400.0
2380.8
2489.6
2566.4
2368.0
2412.8
2348.8
2342.4
2419.2
2380.8
2425.6
2400.0
2368.0
2387.2
2387.2
2534.4
2387.2
2336.0
2380.8
2329.6
2508.8
2585.6
2368.0
2355.2
2432.0
2393.6
2496.0
2412.8
2432.0
2374.4
2419.2
2400.0
2374.4
2406.4
2374.4
2438.4
2425.6
2368.0
2502.4
2432.0
2387.2
2393.6
2412.8
2412.8
2579.2
2380.8
2380.8
2348.8
2380.8
2380.8
2368.0
2387.2
2393.6
2457.6
2419.2
2393.6
595.2
518.4
371.2
390.4
358.4
499.2
550.4
358.4
358.4
358.4
364.8
345.6
345.6
403.2
358.4
358.4
364.8
352.0
384.0
364.8
345.6
358.4
358.4
435.20000000000005
345.6
339.2
364.8
371.2
352.0
339.2
339.2
441.6
339.2
371.2
345.6
364.8
416.0
358.4
352.0
339.2
345.6
499.2
352.0
352.0
352.0
345.6
614.4
358.4
352.0
352.0
364.8
416.0
371.2
364.8
339.2
371.2
345.6
352.0
364.8
358.4
384.0
358.4
352.0
358.4
339.2
352.0
339.2
364.8
384.0
345.6
352.0
345.6
352.0
352.0
358.4
345.6
345.6
364.8
339.2
352.0
345.6
339.2
352.0
332.8
352.0
358.4
352.0
358.4
364.8
358.4
339.2
339.2
345.6
326.4
339.2
313.6
332.8
0.0
0.0
0.0
0.0
0.0
0.0
0.0
0.0
0.0
0.0
0.0
0.0
0.0
0.0
0.0
0.0
0.0
0.0
0.0
0.0
0.0
0.0
0.0
0.0
0.0
0.0
0.0
0.0
0.0
0.0
0.0
0.0
0.0
0.0
0.0
0.0
0.0
0.0
0.0
0.0
0.0
0.0
0.0
0.0
0.0
0.0
0.0
0.0
0.0
0.0
0.0
0.0
0.0
0.0
0.0
0.0
0.0
0.0
0.0
0.0
0.0
0.0
0.0
0.0
0.0
0.0
0.0
0.0
0.0
0.0
0.0
0.0
0.0
0.0
0.0
0.0
0.0
0.0
0.0
0.0
0.0
0.0
0.0
0.0
0.0
0.0
0.0
0.0
0.0
0.0
0.0
0.0
0.0
0.0
0.0
0.0
0.0
0.0
0.0
0.0
0.0
0.0
0.0
0.0
0.0
0.0
0.0
0.0
0.0
0.0
0.0
0.0
0.0
0.0
0.0
0.0
0.0
0.0
0.0
0.0
0.0
0.0
0.0
0.0
0.0
0.0
0.0
0.0
0.0
0.0
0.0
0.0
0.0
0.0
0.0
0.0
0.0
0.0
0.0
0.0
0.0
0.0
0.0
0.0
0.0
0.0
0.0
0.0
0.0
0.0
0.0
0.0
0.0
0.0
0.0
0.0
0.0
0.0
0.0
0.0
0.0
0.0
0.0
0.0
0.0
0.0
0.0
0.0
0.0
0.0
0.0
0.0
