1145.6
742.4
761.6
838.4000000000001
819.2
819.2
787.2
755.2
908.8
844.8000000000001
812.8
768.0
755.2
864.0
876.7999999999998
774.4
748.8
806.4
896.0000000000001
812.8
780.8
902.3999999999999
1164.8
1273.6
1273.6
1209.6
1164.8
1177.6
1254.4
1222.4
1209.6
1184.0
1209.6
1299.2
1209.6
1196.8
1152.0
1228.8
1248.0
1222.4
1203.2
1184.0
1254.4
1241.6
1203.2
1203.2
1184.0
1350.4
1228.8
1254.4
1184.0
1158.4
1369.6
1216.0
1216.0
1196.8
1190.4
1420.8
1203.2
1241.6
1177.6
1164.8
1408.0
1286.4
1235.2
1171.2
1184.0
1350.4
1184.0
1177.6
1190.4
1164.8
1401.6
1203.2
1222.4
1184.0
1171.2
1446.4
1196.8
1184.0
1190.4
1158.4
1395.2
1164.8
1209.6
1216.0
1203.2
1382.4
1260.8
1228.8
1209.6
1171.2
1446.4
1158.4
1228.8
1196.8
1190.4
1382.4
1222.4
1190.4
1184.0
1216.0
1408.0
1203.2
1235.2
1190.4
1171.2
1388.8
1177.6
1324.8
1382.4
1184.0
1408.0
1235.2
1318.4
1344.0
1222.4
1401.6
1196.8
1286.4
1241.6
1241.6
1433.6
1171.2
1286.4
1190.4
1184.0
1382.4
1228.8
1369.6
1286.4
1203.2
1465.6
1203.2
1369.6
1222.4
1177.6
1337.6
1171.2
1248.0
1216.0
1216.0
1299.2
1228.8
1209.6
1254.4
1216.0
1228.8
1241.6
1184.0
1260.8
1184.0
1203.2
1228.8
1177.6
1254.4
1190.4
1171.2
1267.2
1177.6
1222.4
1203.2
1241.6
1241.6
1222.4
1241.6
1184.0
1222.4
1254.4
1254.4
1260.8
1260.8
1356.8
1280.0
1286.4
1222.4
1292.8
1344.0
1280.0
1273.6
1139.2
1152.0
1203.2
1196.8
1190.4
1177.6
1209.6
1139.2
1388.8
1593.6
1318.4
1331.2
1484.8
1497.6
1312.0
1305.6
1337.6
1312.0
1235.2
1152.0
1171.2
1100.8
851.2
908.8
1024.0
908.8
876.7999999999998
896.0000000000001
844.8000000000001
825.6
870.4000000000001
787.2
934.4
793.6
787.2
768.0
780.8
915.2
761.6
787.2
748.8
755.2
812.8
793.6
787.2
787.2
761.6
787.2
844.8000000000001
761.6
793.6
768.0
787.2
902.3999999999999
761.6
780.8
723.2
793.6
774.4
838.4000000000001
1036.8
723.2
979.1999999999999
806.4
921.6000000000001
787.2
793.6
800.0
819.2
940.8
812.8
844.8000000000001
806.4
780.8
985.6
787.2
812.8
768.0
787.2
896.0000000000001
768.0
800.0
755.2
768.0
908.8
774.4
838.4000000000001
780.8
793.6
825.6
761.6
825.6
793.6
736.0
927.9999999999999
742.4
780.8
908.8
844.8000000000001
883.2
761.6
793.6
806.4
793.6
825.6
736.0
780.8
800.0
806.4
844.8000000000001
774.4
1120.0
838.4000000000001
812.8
876.7999999999998
780.8
787.2
870.4000000000001
787.2
793.6
774.4
768.0
800.0
902.3999999999999
825.6
864.0
1113.6
787.2
793.6
755.2
742.4
896.0000000000001
748.8
851.2
806.4
780.8
927.9999999999999
736.0
780.8
857.6
787.2
947.2000000000002
774.4
793.6
902.3999999999999
787.2
1030.4
729.6
825.6
953.5999999999999
838.4000000000001
1049.6
806.4
838.4000000000001
896.0000000000001
806.4
1043.2
748.8
793.6
806.4
748.8
960.0
774.4
780.8
793.6
755.2
953.5999999999999
742.4
729.6
716.8
780.8
780.8
723.2
768.0
755.2
761.6
832.0
723.2
793.6
736.0
742.4
806.4
729.6
819.2
742.4
742.4
780.8
755.2
883.2
761.6
755.2
819.2
1049.6
787.2
780.8
864.0
787.2
768.0
793.6
742.4
742.4
953.5999999999999
1056.0
755.2
774.4
806.4
832.0
723.2
812.8
1094.4
844.8000000000001
787.2
972.8
723.2
774.4
748.8
755.2
787.2
723.2
736.0
748.8
742.4
812.8
864.0
729.6
844.8000000000001
729.6
742.4
761.6
729.6
902.3999999999999
704.0
729.6
768.0
787.2
825.6
748.8
748.8
787.2
768.0
800.0
774.4
736.0
793.6
736.0
704.0
723.2
723.2
710.4
838.4000000000001
736.0
742.4
768.0
768.0
806.4
774.4
774.4
755.2
780.8
838.4000000000001
780.8
787.2
800.0
742.4
825.6
774.4
761.6
800.0
755.2
780.8
812.8
716.8
825.6
742.4
800.0
819.2
787.2
998.4
742.4
806.4
876.7999999999998
793.6
1036.8
755.2
761.6
921.6000000000001
748.8
940.8
774.4
774.4
940.8
768.0
870.4000000000001
755.2
761.6
857.6
902.3999999999999
883.2
755.2
729.6
800.0
768.0
806.4
819.2
736.0
793.6
889.6000000000001
1100.8
761.6
761.6
768.0
761.6
774.4
755.2
761.6
768.0
736.0
780.8
755.2
787.2
748.8
768.0
947.2000000000002
697.6
851.2
697.6
729.6
761.6
780.8
812.8
742.4
755.2
800.0
748.8
915.2
736.0
755.2
838.4000000000001
806.4
800.0
742.4
761.6
844.8000000000001
780.8
761.6
768.0
755.2
838.4000000000001
774.4
774.4
774.4
736.0
774.4
768.0
665.6
761.6
716.8
716.8
723.2
710.4
806.4
729.6
742.4
806.4
691.2
780.8
742.4
672.0
768.0
723.2
665.6
729.6
729.6
710.4
716.8
0.0
0.0
0.0
0.0
0.0
0.0
0.0
0.0
0.0
0.0
0.0
0.0
0.0
0.0
0.0
0.0
0.0
0.0
0.0
0.0
0.0
0.0
0.0
0.0
0.0
0.0
0.0
0.0
0.0
0.0
0.0
0.0
0.0
0.0
0.0
0.0
0.0
0.0
0.0
0.0
0.0
0.0
0.0
0.0
0.0
0.0
0.0
0.0
0.0
0.0
0.0
0.0
0.0
0.0
0.0
0.0
0.0
0.0
0.0
0.0
0.0
0.0
0.0
0.0
0.0
0.0
0.0
0.0
0.0
0.0
0.0
0.0
0.0
0.0
0.0
0.0
0.0
0.0
0.0
0.0
0.0
0.0
0.0
0.0
0.0
0.0
0.0
0.0
0.0
0.0
0.0
0.0
0.0
0.0
0.0
0.0
0.0
0.0
0.0
0.0
0.0
0.0
0.0
0.0
0.0
0.0
0.0
0.0
0.0
0.0
0.0
0.0
0.0
0.0
0.0
0.0
0.0
0.0
0.0
0.0
0.0
0.0
0.0
0.0
0.0
0.0
0.0
0.0
0.0
0.0
0.0
0.0
0.0
0.0
0.0
0.0
0.0
0.0
0.0
0.0
0.0
0.0
0.0
0.0
0.0
