1036.8
742.4
697.6
857.6
780.8
768.0
774.4
723.2
896.0000000000001
787.2
825.6
838.4000000000001
729.6
870.4000000000001
812.8
812.8
755.2
704.0
800.0
787.2
780.8
812.8
1004.8
1248.0
1190.4
1196.8
1158.4
1152.0
1254.4
1158.4
1196.8
1152.0
1171.2
1267.2
1241.6
1209.6
1139.2
1203.2
1273.6
1177.6
1177.6
1184.0
1228.8
1260.8
1171.2
1184.0
1164.8
1235.2
1228.8
1228.8
1190.4
1171.2
1260.8
1209.6
1241.6
1203.2
1164.8
1331.2
1216.0
1196.8
1164.8
1171.2
1344.0
1254.4
1184.0
1190.4
1152.0
1376.0
1222.4
1177.6
1184.0
1152.0
1363.2
1216.0
1158.4
1158.4
1132.8
1363.2
1203.2
1152.0
1177.6
1139.2
1382.4
1158.4
1184.0
1177.6
1139.2
1382.4
1171.2
1196.8
1158.4
1184.0
1356.8
1177.6
1216.0
1171.2
1152.0
1382.4
1190.4
1196.8
1382.4
1158.4
1356.8
1177.6
1216.0
1158.4
1177.6
1388.8
1145.6
1177.6
1158.4
1145.6
1414.4
1184.0
1196.8
1184.0
1145.6
1382.4
1164.8
1184.0
1139.2
1152.0
1350.4
1190.4
1203.2
1177.6
1145.6
1465.6
1203.2
1184.0
1484.8
1177.6
1408.0
1190.4
1158.4
1171.2
1126.4
1318.4
1177.6
1177.6
1164.8
1132.8
1350.4
1152.0
1209.6
1120.0
1145.6
1305.6
1139.2
1177.6
1152.0
1152.0
1260.8
1177.6
1196.8
1158.4
1132.8
1312.0
1228.8
1177.6
1177.6
1164.8
1318.4
1177.6
1158.4
1196.8
1177.6
1382.4
1235.2
1209.6
1216.0
1171.2
1414.4
1177.6
1184.0
1190.4
1177.6
1331.2
1209.6
1254.4
1184.0
1132.8
1408.0
1171.2
1190.4
1139.2
1164.8
1408.0
1184.0
1209.6
1184.0
1145.6
1395.2
1177.6
1184.0
1139.2
1164.8
1267.2
812.8
1036.8
748.8
761.6
851.2
787.2
761.6
729.6
723.2
806.4
787.2
755.2
774.4
748.8
812.8
825.6
748.8
761.6
716.8
742.4
838.4000000000001
780.8
780.8
755.2
755.2
832.0
876.7999999999998
729.6
851.2
736.0
819.2
889.6000000000001
774.4
857.6
691.2
742.4
921.6000000000001
755.2
864.0
761.6
729.6
947.2000000000002
755.2
953.5999999999999
710.4
761.6
953.5999999999999
729.6
934.4
768.0
748.8
825.6
716.8
787.2
761.6
710.4
806.4
691.2
755.2
780.8
755.2
742.4
780.8
716.8
800.0
774.4
723.2
723.2
896.0000000000001
870.4000000000001
812.8
710.4
716.8
883.2
716.8
742.4
780.8
710.4
940.8
729.6
774.4
742.4
742.4
1094.4
736.0
800.0
787.2
729.6
1056.0
704.0
774.4
787.2
723.2
960.0
723.2
736.0
793.6
768.0
851.2
736.0
736.0
787.2
832.0
748.8
716.8
800.0
787.2
787.2
723.2
736.0
870.4000000000001
742.4
806.4
723.2
742.4
960.0
729.6
800.0
729.6
729.6
947.2000000000002
716.8
774.4
748.8
742.4
1004.8
736.0
774.4
716.8
736.0
940.8
774.4
780.8
755.2
748.8
927.9999999999999
780.8
755.2
768.0
768.0
793.6
793.6
774.4
768.0
1036.8
761.6
825.6
774.4
819.2
768.0
729.6
819.2
806.4
729.6
736.0
761.6
838.4000000000001
819.2
755.2
825.6
716.8
755.2
915.2
806.4
768.0
710.4
736.0
1100.8
800.0
793.6
780.8
748.8
927.9999999999999
787.2
851.2
742.4
774.4
896.0000000000001
742.4
729.6
761.6
774.4
857.6
729.6
761.6
755.2
793.6
787.2
768.0
697.6
755.2
748.8
748.8
723.2
806.4
793.6
748.8
761.6
729.6
921.6000000000001
806.4
768.0
768.0
736.0
934.4
768.0
736.0
729.6
774.4
1017.6
761.6
742.4
787.2
761.6
1004.8
742.4
787.2
723.2
761.6
1062.4
716.8
761.6
729.6
761.6
953.5999999999999
761.6
768.0
748.8
768.0
896.0000000000001
736.0
742.4
768.0
755.2
800.0
736.0
768.0
800.0
729.6
755.2
729.6
819.2
812.8
761.6
755.2
787.2
883.2
748.8
774.4
736.0
787.2
896.0000000000001
793.6
755.2
684.8
876.7999999999998
953.5999999999999
729.6
704.0
710.4
742.4
889.6000000000001
704.0
761.6
716.8
947.2000000000002
806.4
780.8
742.4
780.8
748.8
774.4
896.0000000000001
723.2
729.6
672.0
710.4
800.0
774.4
755.2
736.0
742.4
832.0
774.4
691.2
774.4
723.2
742.4
864.0
710.4
704.0
723.2
768.0
0.0
0.0
0.0
0.0
0.0
0.0
0.0
0.0
0.0
0.0
0.0
0.0
0.0
0.0
0.0
0.0
0.0
0.0
0.0
0.0
0.0
0.0
0.0
0.0
0.0
0.0
0.0
0.0
0.0
0.0
0.0
0.0
0.0
0.0
0.0
0.0
0.0
0.0
0.0
0.0
0.0
0.0
0.0
0.0
0.0
0.0
0.0
0.0
0.0
0.0
0.0
0.0
0.0
0.0
0.0
0.0
0.0
0.0
0.0
0.0
0.0
0.0
0.0
0.0
0.0
0.0
0.0
0.0
0.0
0.0
0.0
0.0
0.0
0.0
0.0
0.0
0.0
0.0
0.0
0.0
0.0
0.0
0.0
0.0
0.0
0.0
0.0
0.0
0.0
0.0
0.0
0.0
0.0
0.0
0.0
0.0
0.0
0.0
0.0
0.0
0.0
0.0
0.0
0.0
0.0
0.0
0.0
0.0
0.0
0.0
0.0
0.0
0.0
0.0
0.0
0.0
0.0
0.0
0.0
0.0
0.0
0.0
0.0
0.0
0.0
0.0
0.0
0.0
0.0
0.0
0.0
0.0
0.0
0.0
0.0
0.0
0.0
0.0
0.0
0.0
0.0
0.0
0.0
0.0
0.0
0.0
0.0
0.0
0.0
0.0
0.0
0.0
0.0
0.0
0.0
0.0
0.0
0.0
0.0
0.0
0.0
0.0
0.0
0.0
0.0
0.0
0.0
0.0
0.0
0.0
0.0
0.0
0.0
0.0
0.0
0.0
0.0
0.0
0.0
0.0
0.0
0.0
0.0
0.0
0.0
0.0
0.0
0.0
0.0
0.0
0.0
0.0
0.0
0.0
0.0
0.0
0.0
0.0
0.0
0.0
0.0
0.0
0.0
0.0
0.0
0.0
0.0
0.0
0.0
