1088.0
800.0
832.0
902.3999999999999
793.6
806.4
787.2
793.6
870.4000000000001
787.2
787.2
755.2
844.8000000000001
825.6
812.8
793.6
787.2
864.0
1088.0
927.9999999999999
1248.0
1241.6
1388.8
1299.2
1216.0
1280.0
1203.2
1356.8
1273.6
1228.8
1222.4
1164.8
1414.4
1280.0
1222.4
1216.0
1190.4
1433.6
1292.8
1260.8
1216.0
1190.4
1433.6
1222.4
1254.4
1209.6
1177.6
1414.4
1248.0
1235.2
1203.2
1209.6
1395.2
1299.2
1254.4
1235.2
1222.4
1427.2
1235.2
1203.2
1216.0
1209.6
1401.6
1203.2
1267.2
1222.4
1196.8
1408.0
1228.8
1222.4
1305.6
1248.0
1350.4
1248.0
1254.4
1420.8
1171.2
1337.6
1235.2
1267.2
1452.8
1190.4
1324.8
1203.2
1228.8
1408.0
1222.4
1235.2
1241.6
1228.8
1388.8
1196.8
1241.6
1209.6
1216.0
1427.2
1228.8
1222.4
1241.6
1196.8
1324.8
1222.4
1216.0
1248.0
1196.8
1331.2
1216.0
1248.0
1254.4
1222.4
1280.0
1254.4
1286.4
1228.8
1222.4
1273.6
1216.0
1286.4
1273.6
1235.2
1228.8
1216.0
1267.2
1267.2
1196.8
1203.2
1209.6
1286.4
1318.4
1222.4
1254.4
1235.2
1222.4
1337.6
1241.6
1216.0
1209.6
1305.6
1312.0
1267.2
1203.2
1241.6
1254.4
1363.2
1209.6
1228.8
1228.8
1241.6
1388.8
1203.2
1241.6
1324.8
1292.8
1312.0
1209.6
1235.2
1280.0
1267.2
1337.6
1222.4
1267.2
1305.6
1260.8
1324.8
1235.2
1273.6
1331.2
1292.8
1376.0
1273.6
1260.8
1177.6
1299.2
1260.8
1209.6
1190.4
1273.6
1273.6
1286.4
1196.8
1216.0
1203.2
1286.4
1305.6
1209.6
1196.8
1292.8
1292.8
1267.2
1216.0
1190.4
1228.8
1280.0
1241.6
819.2
729.6
864.0
793.6
832.0
774.4
748.8
838.4000000000001
780.8
748.8
768.0
755.2
908.8
774.4
825.6
736.0
742.4
902.3999999999999
755.2
838.4000000000001
768.0
800.0
889.6000000000001
768.0
800.0
793.6
736.0
940.8
806.4
889.6000000000001
761.6
755.2
985.6
864.0
953.5999999999999
780.8
774.4
947.2000000000002
812.8
761.6
812.8
755.2
947.2000000000002
787.2
755.2
793.6
1145.6
960.0
819.2
774.4
755.2
748.8
864.0
851.2
729.6
774.4
742.4
825.6
889.6000000000001
787.2
800.0
800.0
889.6000000000001
934.4
966.4
883.2
915.2
876.7999999999998
927.9999999999999
825.6
806.4
793.6
825.6
806.4
806.4
748.8
748.8
838.4000000000001
819.2
774.4
832.0
761.6
768.0
812.8
793.6
755.2
774.4
812.8
768.0
819.2
780.8
851.2
825.6
736.0
768.0
729.6
755.2
851.2
838.4000000000001
780.8
742.4
819.2
780.8
787.2
825.6
780.8
793.6
889.6000000000001
787.2
838.4000000000001
736.0
704.0
825.6
857.6
844.8000000000001
844.8000000000001
774.4
832.0
857.6
851.2
806.4
755.2
883.2
896.0000000000001
800.0
812.8
774.4
774.4
864.0
851.2
800.0
793.6
748.8
864.0
908.8
800.0
742.4
780.8
947.2000000000002
927.9999999999999
857.6
768.0
780.8
857.6
1267.2
812.8
761.6
748.8
876.7999999999998
844.8000000000001
793.6
774.4
774.4
800.0
806.4
1017.6
774.4
742.4
819.2
870.4000000000001
838.4000000000001
755.2
819.2
812.8
896.0000000000001
832.0
768.0
768.0
876.7999999999998
876.7999999999998
825.6
736.0
742.4
934.4
947.2000000000002
838.4000000000001
761.6
768.0
838.4000000000001
870.4000000000001
806.4
748.8
723.2
768.0
844.8000000000001
806.4
748.8
768.0
761.6
819.2
793.6
761.6
819.2
742.4
825.6
825.6
787.2
800.0
768.0
876.7999999999998
819.2
755.2
774.4
768.0
774.4
787.2
780.8
793.6
768.0
755.2
832.0
832.0
761.6
793.6
780.8
851.2
768.0
793.6
806.4
742.4
787.2
761.6
793.6
774.4
825.6
748.8
806.4
825.6
768.0
793.6
729.6
793.6
844.8000000000001
755.2
768.0
742.4
825.6
1049.6
736.0
780.8
793.6
1177.6
844.8000000000001
768.0
748.8
761.6
774.4
806.4
761.6
774.4
812.8
755.2
896.0000000000001
768.0
755.2
819.2
761.6
870.4000000000001
736.0
793.6
742.4
748.8
787.2
710.4
723.2
742.4
780.8
780.8
768.0
716.8
729.6
755.2
768.0
755.2
697.6
729.6
832.0
966.4
780.8
742.4
761.6
915.2
902.3999999999999
774.4
857.6
812.8
908.8
742.4
761.6
736.0
723.2
998.4
748.8
768.0
761.6
723.2
953.5999999999999
761.6
768.0
723.2
755.2
960.0
697.6
716.8
716.8
729.6
927.9999999999999
697.6
710.4
723.2
723.2
812.8
684.8
723.2
723.2
697.6
793.6
684.8
640.0
729.6
672.0
883.2
672.0
710.4
710.4
704.0
723.2
697.6
761.6
742.4
716.8
684.8
691.2
678.4
665.6
736.0
780.8
729.6
1011.2
768.0
768.0
710.4
691.2
723.2
691.2
716.8
684.8
729.6
780.8
684.8
716.8
736.0
710.4
793.6
716.8
729.6
684.8
697.6
876.7999999999998
780.8
704.0
716.8
0.0
0.0
0.0
0.0
0.0
0.0
0.0
0.0
0.0
0.0
0.0
0.0
0.0
0.0
0.0
0.0
0.0
0.0
0.0
0.0
0.0
0.0
0.0
0.0
0.0
0.0
0.0
0.0
0.0
0.0
0.0
0.0
0.0
0.0
0.0
0.0
0.0
0.0
0.0
0.0
0.0
0.0
0.0
0.0
0.0
0.0
0.0
0.0
0.0
0.0
0.0
0.0
0.0
0.0
0.0
0.0
0.0
0.0
0.0
0.0
0.0
0.0
0.0
0.0
0.0
0.0
0.0
0.0
0.0
0.0
0.0
0.0
0.0
0.0
0.0
0.0
0.0
0.0
0.0
0.0
0.0
0.0
0.0
0.0
0.0
0.0
0.0
0.0
0.0
0.0
0.0
0.0
0.0
0.0
0.0
0.0
0.0
0.0
0.0
0.0
0.0
0.0
0.0
0.0
0.0
0.0
0.0
0.0
0.0
0.0
0.0
0.0
0.0
0.0
0.0
0.0
0.0
0.0
0.0
0.0
0.0
0.0
0.0
0.0
0.0
0.0
0.0
0.0
0.0
0.0
0.0
0.0
0.0
0.0
0.0
0.0
0.0
0.0
0.0
0.0
0.0
0.0
0.0
0.0
