1139.2
806.4
755.2
870.4000000000001
755.2
812.8
729.6
806.4
876.7999999999998
723.2
844.8000000000001
851.2
832.0
889.6000000000001
806.4
857.6
825.6
934.4
832.0
896.0000000000001
966.4
1004.8
1164.8
1132.8
1043.2
1017.6
1024.0
1241.6
1126.4
1145.6
1126.4
1145.6
1299.2
1081.6
1100.8
1113.6
1081.6
1260.8
1139.2
1164.8
1088.0
1081.6
1299.2
1107.2
1139.2
1100.8
1139.2
1267.2
1107.2
1107.2
1164.8
1107.2
1164.8
1107.2
1094.4
1177.6
1075.2
1126.4
1120.0
1088.0
1164.8
1139.2
1120.0
1126.4
1081.6
1356.8
1081.6
1113.6
1100.8
1132.8
1427.2
1113.6
1088.0
1113.6
1068.8
1395.2
1094.4
1100.8
1152.0
1113.6
1324.8
1094.4
1120.0
1081.6
1068.8
1376.0
1088.0
1094.4
1126.4
1075.2
1273.6
1120.0
1088.0
1152.0
1088.0
1305.6
1120.0
1145.6
1113.6
1113.6
1337.6
1100.8
1107.2
1100.8
1094.4
1273.6
1100.8
1100.8
1100.8
1088.0
1369.6
1107.2
1062.4
1088.0
1094.4
1395.2
1088.0
1171.2
1145.6
1081.6
1414.4
1094.4
1152.0
1158.4
1036.8
1376.0
1068.8
1100.8
1190.4
1081.6
1337.6
1088.0
1075.2
1222.4
1107.2
1312.0
1113.6
1088.0
1235.2
1036.8
1152.0
1132.8
1120.0
1184.0
1094.4
1139.2
1100.8
1100.8
1228.8
1107.2
1190.4
1120.0
1094.4
1184.0
1075.2
1107.2
1196.8
1100.8
1228.8
1088.0
1164.8
1088.0
1132.8
1203.2
1056.0
1120.0
1100.8
1190.4
1286.4
1113.6
1132.8
1120.0
1100.8
1190.4
1043.2
1120.0
1177.6
1075.2
1241.6
1081.6
1171.2
1190.4
985.6
1056.0
883.2
902.3999999999999
1126.4
1267.2
1030.4
889.6000000000001
832.0
927.9999999999999
979.1999999999999
896.0000000000001
684.8
684.8
441.6
390.4
742.4
646.4
620.8
563.2
499.2
595.2
518.4
556.8
774.4
409.6
409.6
339.2
352.0
371.2
403.2
416.0
339.2
300.8
377.6
422.40000000000003
384.0
352.0
320.0
422.40000000000003
569.6
403.2
358.4
320.0
428.8
569.6
358.4
390.4
326.4
435.20000000000005
652.8
416.0
396.8
320.0
441.6
441.6
416.0
358.4
332.8
384.0
505.6
550.4
332.8
326.4
377.6
422.40000000000003
390.4
428.8
352.0
428.8
441.6
454.4
364.8
422.40000000000003
537.6
441.6
524.8
332.8
531.2
627.2
435.20000000000005
512.0
377.6
390.4
409.6
492.8
416.0
345.6
339.2
403.2
409.6
492.8
364.8
332.8
358.4
396.8
428.8
371.2
326.4
403.2
537.6
486.4
396.8
377.6
364.8
704.0
492.8
416.0
352.0
390.4
435.20000000000005
428.8
364.8
345.6
352.0
646.4
448.00000000000006
377.6
332.8
332.8
659.2
467.2
416.0
345.6
352.0
601.6
761.6
345.6
352.0
339.2
435.20000000000005
556.8
332.8
352.0
339.2
403.2
505.6
332.8
460.80000000000007
441.6
396.8
524.8
339.2
422.40000000000003
358.4
352.0
499.2
332.8
377.6
320.0
499.2
550.4
352.0
332.8
313.6
384.0
518.4
364.8
358.4
473.6000000000001
384.0
480.0
339.2
339.2
345.6
467.2
544.0
332.8
352.0
345.6
460.80000000000007
755.2
435.20000000000005
358.4
339.2
384.0
480.0
428.8
371.2
332.8
761.6
499.2
339.2
339.2
345.6
384.0
505.6
345.6
313.6
364.8
652.8
441.6
345.6
358.4
332.8
576.0
454.4
390.4
384.0
332.8
633.6
416.0
339.2
332.8
371.2
435.20000000000005
345.6
345.6
345.6
332.8
409.6
332.8
371.2
326.4
416.0
390.4
377.6
332.8
364.8
345.6
390.4
403.2
339.2
364.8
416.0
358.4
396.8
326.4
428.8
409.6
371.2
422.40000000000003
377.6
505.6
345.6
384.0
492.8
633.6
576.0
448.00000000000006
627.2
672.0
588.8
582.4
371.2
403.2
396.8
339.2
435.20000000000005
364.8
339.2
390.4
332.8
524.8
492.8
352.0
467.2
345.6
377.6
345.6
403.2
460.80000000000007
512.0
384.0
358.4
390.4
473.6000000000001
320.0
416.0
460.80000000000007
460.80000000000007
364.8
332.8
409.6
326.4
531.2
492.8
326.4
620.8
339.2
332.8
390.4
320.0
403.2
326.4
377.6
403.2
352.0
345.6
364.8
345.6
364.8
371.2
352.0
313.6
294.4
364.8
294.4
345.6
294.4
345.6
371.2
307.2
326.4
300.8
332.8
377.6
281.6
307.2
288.0
288.0
352.0
313.6
313.6
294.4
345.6
364.8
288.0
313.6
294.4
435.20000000000005
524.8
345.6
294.4
313.6
441.6
486.4
300.8
294.4
294.4
288.0
358.4
268.8
313.6
326.4
281.6
345.6
281.6
345.6
313.6
0.0
0.0
0.0
0.0
0.0
0.0
0.0
0.0
0.0
0.0
0.0
0.0
0.0
0.0
0.0
0.0
0.0
0.0
0.0
0.0
0.0
0.0
0.0
0.0
0.0
0.0
0.0
0.0
0.0
0.0
0.0
0.0
0.0
0.0
0.0
0.0
0.0
0.0
0.0
0.0
0.0
0.0
0.0
0.0
0.0
0.0
0.0
0.0
0.0
0.0
0.0
0.0
0.0
0.0
0.0
0.0
0.0
0.0
0.0
0.0
0.0
0.0
0.0
0.0
0.0
0.0
0.0
0.0
0.0
0.0
0.0
0.0
0.0
0.0
0.0
0.0
0.0
0.0
0.0
0.0
0.0
0.0
0.0
0.0
0.0
0.0
0.0
0.0
0.0
0.0
0.0
0.0
0.0
0.0
0.0
0.0
0.0
0.0
0.0
0.0
0.0
0.0
0.0
0.0
0.0
0.0
0.0
0.0
0.0
0.0
0.0
0.0
0.0
0.0
0.0
0.0
0.0
0.0
0.0
0.0
0.0
0.0
0.0
0.0
0.0
0.0
0.0
0.0
0.0
0.0
0.0
0.0
0.0
0.0
0.0
0.0
0.0
0.0
0.0
0.0
0.0
0.0
0.0
0.0
0.0
0.0
0.0
0.0
0.0
0.0
0.0
0.0
0.0
0.0
0.0
0.0
0.0
0.0
0.0
0.0
0.0
0.0
0.0
0.0
0.0
0.0
0.0
0.0
0.0
0.0
0.0
0.0
0.0
0.0
0.0
0.0
0.0
0.0
