3852.7999999999997
3750.3999999999996
3641.5999999999995
3737.6
3667.2
3718.3999999999996
3679.9999999999995
3750.3999999999996
3942.4
3667.2
3596.8
3686.4000000000005
3763.2
3718.3999999999996
3622.4000000000005
3615.9999999999995
3808.0
3609.5999999999995
4691.2
4659.2
4678.4
4697.6
4684.8
4672.0
4678.4
4691.2
4659.2
4684.8
4672.0
4672.0
4652.8
4691.2
4761.6
4659.2
4672.0
4678.4
4652.8
4691.2
4678.4
4665.6
4665.6
4678.4
4672.0
4672.0
4659.2
4659.2
4659.2
4659.2
4672.0
4652.8
4659.2
4659.2
4678.4
4652.8
4678.4
4659.2
4659.2
4691.2
4652.8
4691.2
4646.4
4678.4
4659.2
4665.6
4742.4
4672.0
4652.8
4640.0
4678.4
4652.8
4659.2
4672.0
4633.6
4652.8
4652.8
4652.8
4627.2
4646.4
4736.0
4646.4
4665.6
4646.4
4646.4
4659.2
4646.4
4633.6
4646.4
4633.6
4646.4
4633.6
4640.0
4768.0
4640.0
4659.2
4627.2
4684.8
4697.6
4633.6
4640.0
4627.2
4646.4
4665.6
4640.0
4640.0
4652.8
4659.2
4640.0
4665.6
4633.6
4659.2
4627.2
4691.2
4646.4
4640.0
4640.0
4633.6
4678.4
4633.6
4659.2
4640.0
4646.4
4665.6
4627.2
4710.4
4659.2
4652.8
4640.0
4627.2
4742.4
4652.8
4678.4
4614.4
4633.6
4652.8
4627.2
4646.4
4646.4
4633.6
4627.2
4665.6
4633.6
4640.0
4620.8
4640.0
4646.4
4652.8
4652.8
4633.6
4614.4
4614.4
4684.8
4627.2
4646.4
4646.4
4646.4
4729.6
4614.4
4646.4
4633.6
4633.6
4659.2
4620.8
4665.6
4627.2
4646.4
4627.2
4640.0
4627.2
4633.6
4652.8
4627.2
4614.4
4640.0
4633.6
4620.8
4633.6
4665.6
4678.4
4627.2
4620.8
4640.0
4640.0
4672.0
4665.6
4678.4
4672.0
4633.6
4729.6
4640.0
4665.6
4633.6
4678.4
4691.2
4691.2
4659.2
4665.6
4806.4
4627.2
4659.2
4582.4
4665.6
4780.8
4640.0
4672.0
4582.4
4652.8
4652.8
4588.8
4672.0
4768.0
4736.0
4601.6
4601.6
4582.4
4844.8
4646.4
4659.2
4627.2
4652.8
4825.6
4588.8
4652.8
4576.0
4774.4
4704.0
4588.8
4652.8
4595.2
4748.8
4576.0
4633.6
4691.2
4723.2
4665.6
4582.4
4627.2
4576.0
4755.2
4620.8
4633.6
4588.8
4633.6
4652.8
4601.6
4633.6
4678.4
4633.6
4588.8
4678.4
4652.8
4742.4
4608.0
4652.8
4659.2
4646.4
4761.6
4601.6
4576.0
4640.0
4582.4
4652.8
4627.2
4652.8
4627.2
4576.0
4582.4
4640.0
4652.8
4710.4
4601.6
4614.4
4627.2
4774.4
4774.4
4595.2
4704.0
4569.6
4633.6
4742.4
4595.2
4614.4
4627.2
4761.6
4588.8
4588.8
4627.2
4723.2
4595.2
4569.6
4569.6
4627.2
4582.4
4576.0
4652.8
4614.4
4576.0
4576.0
4582.4
4646.4
4633.6
4582.4
4576.0
4646.4
4646.4
4652.8
4633.6
4582.4
4627.2
4646.4
4684.8
4652.8
4595.2
4640.0
4633.6
4582.4
4595.2
4582.4
4595.2
4582.4
4563.2
4576.0
4582.4
4595.2
4672.0
4563.2
4569.6
4659.2
4563.2
4761.6
4588.8
4588.8
4691.2
4569.6
4736.0
4582.4
4576.0
4633.6
4640.0
4640.0
4614.4
4569.6
4723.2
4672.0
4556.8
4684.8
4582.4
4659.2
4627.2
4582.4
4652.8
4601.6
4672.0
4582.4
4601.6
4652.8
4684.8
4665.6
4595.2
4608.0
4640.0
4633.6
4640.0
4576.0
4582.4
4646.4
4614.4
4582.4
4633.6
4582.4
4672.0
4569.6
4576.0
4640.0
4588.8
4736.0
4627.2
4563.2
4665.6
4556.8
4665.6
4569.6
4601.6
4627.2
4569.6
4652.8
4588.8
4774.4
4652.8
4582.4
4633.6
4633.6
4665.6
4563.2
4595.2
4665.6
4678.4
4588.8
4640.0
4588.8
4582.4
4736.0
4563.2
4595.2
4633.6
4582.4
4716.8
4569.6
4646.4
4627.2
4576.0
4595.2
4569.6
4627.2
4633.6
4563.2
4588.8
4608.0
4640.0
4691.2
4582.4
4691.2
4563.2
4633.6
4640.0
4582.4
4569.6
4640.0
3596.8
3679.9999999999995
3564.8
3596.8
3769.6
3654.4000000000005
3603.2
3564.8
3564.8
3731.2
3692.8000000000006
3686.4000000000005
3584.0000000000005
3628.8
3654.4000000000005
3635.2
3904.0
3596.8
3667.2
3667.2
3590.4000000000005
3987.2
3571.2
3622.4000000000005
3673.6
3603.2
3788.8000000000006
3615.9999999999995
3641.5999999999995
3641.5999999999995
3571.2
3603.2
3724.8000000000006
3776.0
3571.2
3571.2
3590.4000000000005
3827.2
3577.5999999999995
3622.4000000000005
3577.5999999999995
3564.8
3724.8000000000006
3545.5999999999995
3711.9999999999995
3577.5999999999995
3558.4000000000005
3647.9999999999995
3584.0000000000005
3763.2
3590.4000000000005
3564.8
3564.8
3552.0000000000005
3763.2
3603.2
3577.5999999999995
3558.4000000000005
3622.4000000000005
3667.2
3705.6
3564.8
3577.5999999999995
3635.2
3564.8
3897.6
3577.5999999999995
3558.4000000000005
3673.6
3571.2
3884.7999999999997
3584.0000000000005
3660.8
3558.4000000000005
3615.9999999999995
3744.0
3571.2
3558.4000000000005
3564.8
3590.4000000000005
3750.3999999999996
3571.2
3558.4000000000005
3923.2
3571.2
3545.5999999999995
3564.8
3564.8
3801.6
3577.5999999999995
3571.2
3558.4000000000005
3584.0000000000005
3840.0
3577.5999999999995
3564.8
3571.2
3539.2
3801.6
3571.2
3577.5999999999995
3564.8
3609.5999999999995
3679.9999999999995
3564.8
3564.8
3622.4000000000005
3641.5999999999995
3571.2
3577.5999999999995
3564.8
3731.2
3647.9999999999995
3571.2
3564.8
3584.0000000000005
3808.0
3603.2
3564.8
3558.4000000000005
3571.2
3763.2
3590.4000000000005
3577.5999999999995
3564.8
3686.4000000000005
3769.6
3590.4000000000005
3564.8
3532.8
3667.2
3532.8
3558.4000000000005
3545.5999999999995
3590.4000000000005
3622.4000000000005
3558.4000000000005
3558.4000000000005
3564.8
3673.6
3577.5999999999995
3558.4000000000005
3532.8
3564.8
3795.2
3564.8
3539.2
3552.0000000000005
3571.2
3795.2
3564.8
3545.5999999999995
3571.2
3552.0000000000005
3692.8000000000006
3571.2
3609.5999999999995
3577.5999999999995
3545.5999999999995
3622.4000000000005
3545.5999999999995
3558.4000000000005
3539.2
3571.2
3552.0000000000005
3571.2
3558.4000000000005
3609.5999999999995
3577.5999999999995
3449.6000000000004
352.0
345.6
339.2
339.2
352.0
345.6
428.8
313.6
422.40000000000003
345.6
358.4
576.0
339.2
352.0
326.4
371.2
460.80000000000007
332.8
384.0
326.4
448.00000000000006
371.2
345.6
339.2
377.6
428.8
339.2
345.6
345.6
505.6
358.4
352.0
358.4
339.2
620.8
332.8
332.8
352.0
345.6
460.80000000000007
345.6
384.0
326.4
345.6
352.0
352.0
332.8
473.6000000000001
352.0
352.0
345.6
345.6
870.4000000000001
352.0
352.0
352.0
345.6
588.8
339.2
352.0
332.8
345.6
364.8
396.8
352.0
396.8
339.2
371.2
339.2
358.4
505.6
345.6
345.6
409.6
345.6
576.0
332.8
339.2
358.4
409.6
422.40000000000003
345.6
326.4
371.2
454.4
339.2
339.2
332.8
435.20000000000005
422.40000000000003
358.4
339.2
352.0
544.0
326.4
352.0
332.8
345.6
499.2
332.8
358.4
339.2
339.2
