1132.8
710.4
736.0
844.8000000000001
742.4
793.6
716.8
736.0
876.7999999999998
812.8
787.2
736.0
774.4
825.6
736.0
806.4
761.6
825.6
806.4
716.8
1171.2
1107.2
1158.4
1260.8
1190.4
1177.6
1107.2
1267.2
1254.4
1152.0
1139.2
1100.8
1139.2
1241.6
1107.2
1177.6
1164.8
1196.8
1196.8
1120.0
1164.8
1126.4
1292.8
1171.2
1145.6
1152.0
1126.4
1324.8
1158.4
1126.4
1184.0
1152.0
1356.8
1152.0
1196.8
1164.8
1132.8
1305.6
1158.4
1126.4
1126.4
1107.2
1363.2
1139.2
1184.0
1120.0
1126.4
1376.0
1132.8
1164.8
1132.8
1152.0
1337.6
1120.0
1145.6
1126.4
1132.8
1318.4
1132.8
1203.2
1120.0
1126.4
1331.2
1158.4
1139.2
1120.0
1158.4
1344.0
1132.8
1164.8
1132.8
1126.4
1427.2
1158.4
1145.6
1126.4
1152.0
1395.2
1145.6
1158.4
1107.2
1113.6
1395.2
1152.0
1196.8
1152.0
1132.8
1369.6
1171.2
1139.2
1196.8
1126.4
1280.0
1145.6
1196.8
1292.8
1132.8
1318.4
1139.2
1164.8
1337.6
1113.6
1292.8
1177.6
1139.2
1337.6
1132.8
1228.8
1203.2
1120.0
1414.4
1113.6
1184.0
1152.0
1126.4
1459.2
1145.6
1203.2
1139.2
1152.0
1472.0
1126.4
1152.0
1171.2
1126.4
1401.6
1126.4
1235.2
1158.4
1132.8
1158.4
1120.0
1305.6
1228.8
1126.4
1177.6
1132.8
1184.0
1209.6
1132.8
1139.2
1190.4
1113.6
1203.2
1113.6
1171.2
1152.0
1107.2
1273.6
1145.6
1216.0
1132.8
1139.2
1286.4
1113.6
1260.8
1164.8
1126.4
1318.4
1120.0
1235.2
1113.6
1152.0
1305.6
1139.2
1324.8
1120.0
1177.6
1292.8
1120.0
1344.0
1120.0
1158.4
1324.8
1132.8
934.4
723.2
742.4
844.8000000000001
748.8
979.1999999999999
729.6
748.8
857.6
729.6
998.4
748.8
736.0
876.7999999999998
761.6
832.0
755.2
742.4
927.9999999999999
742.4
844.8000000000001
710.4
736.0
966.4
716.8
774.4
736.0
774.4
915.2
755.2
780.8
787.2
742.4
876.7999999999998
723.2
716.8
768.0
736.0
896.0000000000001
774.4
736.0
748.8
825.6
844.8000000000001
723.2
716.8
748.8
851.2
819.2
729.6
736.0
768.0
870.4000000000001
787.2
940.8
761.6
780.8
927.9999999999999
806.4
774.4
723.2
742.4
947.2000000000002
742.4
761.6
729.6
768.0
927.9999999999999
716.8
755.2
812.8
780.8
966.4
704.0
819.2
819.2
793.6
838.4000000000001
812.8
748.8
883.2
761.6
838.4000000000001
736.0
729.6
915.2
761.6
806.4
889.6000000000001
755.2
934.4
755.2
755.2
812.8
768.0
940.8
736.0
723.2
857.6
755.2
1049.6
755.2
780.8
780.8
876.7999999999998
1075.2
723.2
768.0
768.0
940.8
947.2000000000002
748.8
761.6
812.8
864.0
979.1999999999999
755.2
736.0
755.2
908.8
1024.0
755.2
755.2
710.4
953.5999999999999
1024.0
774.4
768.0
768.0
953.5999999999999
1043.2
774.4
761.6
761.6
883.2
1043.2
742.4
742.4
742.4
825.6
908.8
748.8
723.2
780.8
768.0
927.9999999999999
755.2
736.0
742.4
742.4
889.6000000000001
761.6
1049.6
736.0
755.2
896.0000000000001
774.4
800.0
729.6
755.2
876.7999999999998
883.2
748.8
857.6
736.0
768.0
947.2000000000002
742.4
729.6
729.6
768.0
1145.6
742.4
755.2
774.4
755.2
1100.8
748.8
742.4
736.0
748.8
1062.4
844.8000000000001
780.8
716.8
780.8
1062.4
774.4
723.2
774.4
729.6
960.0
768.0
793.6
793.6
748.8
838.4000000000001
742.4
736.0
787.2
736.0
780.8
748.8
780.8
787.2
723.2
742.4
819.2
812.8
793.6
729.6
723.2
825.6
812.8
793.6
761.6
729.6
985.6
947.2000000000002
761.6
736.0
736.0
915.2
1561.6
793.6
1145.6
1113.6
1056.0
1228.8
972.8
1011.2
697.6
825.6
927.9999999999999
742.4
742.4
774.4
857.6
953.5999999999999
793.6
748.8
774.4
844.8000000000001
934.4
768.0
742.4
780.8
774.4
1043.2
1260.8
825.6
761.6
838.4000000000001
972.8
716.8
755.2
716.8
787.2
896.0000000000001
761.6
736.0
710.4
780.8
876.7999999999998
780.8
748.8
761.6
780.8
844.8000000000001
761.6
755.2
736.0
755.2
825.6
768.0
646.4
742.4
723.2
800.0
1510.4
761.6
787.2
665.6
979.1999999999999
832.0
800.0
742.4
755.2
819.2
780.8
723.2
748.8
761.6
761.6
825.6
723.2
768.0
755.2
742.4
915.2
761.6
800.0
729.6
787.2
838.4000000000001
825.6
806.4
736.0
736.0
800.0
857.6
742.4
838.4000000000001
723.2
787.2
915.2
742.4
793.6
742.4
755.2
966.4
716.8
774.4
729.6
774.4
979.1999999999999
748.8
723.2
812.8
736.0
985.6
0.0
0.0
0.0
0.0
0.0
0.0
0.0
0.0
0.0
0.0
0.0
0.0
0.0
0.0
0.0
0.0
0.0
0.0
0.0
0.0
0.0
0.0
0.0
0.0
0.0
0.0
0.0
0.0
0.0
0.0
0.0
0.0
0.0
0.0
0.0
0.0
0.0
0.0
0.0
0.0
0.0
0.0
0.0
0.0
0.0
0.0
0.0
0.0
0.0
0.0
0.0
0.0
0.0
0.0
0.0
0.0
0.0
0.0
0.0
0.0
0.0
0.0
0.0
0.0
0.0
0.0
0.0
0.0
0.0
0.0
0.0
0.0
0.0
0.0
0.0
0.0
0.0
0.0
0.0
0.0
0.0
0.0
0.0
0.0
0.0
0.0
0.0
0.0
0.0
0.0
0.0
0.0
0.0
0.0
0.0
0.0
0.0
0.0
0.0
0.0
0.0
0.0
0.0
0.0
0.0
0.0
0.0
0.0
0.0
0.0
0.0
0.0
0.0
0.0
0.0
0.0
0.0
0.0
0.0
0.0
0.0
0.0
0.0
0.0
0.0
0.0
0.0
0.0
0.0
0.0
0.0
0.0
0.0
0.0
0.0
0.0
0.0
0.0
0.0
0.0
0.0
0.0
0.0
0.0
0.0
0.0
0.0
0.0
0.0
0.0
0.0
0.0
0.0
0.0
0.0
0.0
0.0
0.0
0.0
0.0
0.0
0.0
0.0
0.0
0.0
0.0
0.0
0.0
0.0
0.0
0.0
0.0
0.0
0.0
