1088.0
768.0
723.2
844.8000000000001
793.6
761.6
748.8
761.6
844.8000000000001
838.4000000000001
761.6
742.4
755.2
889.6000000000001
889.6000000000001
742.4
780.8
748.8
857.6
1075.2
1113.6
1113.6
1075.2
1203.2
1292.8
1203.2
1120.0
1088.0
1254.4
1267.2
1216.0
1132.8
1113.6
1190.4
1222.4
1139.2
1107.2
1132.8
1273.6
1228.8
1158.4
1164.8
1100.8
1228.8
1228.8
1203.2
1164.8
1184.0
1356.8
1286.4
1164.8
1190.4
1113.6
1164.8
1228.8
1126.4
1107.2
1254.4
1203.2
1145.6
1177.6
1120.0
1305.6
1241.6
1280.0
1158.4
1107.2
1350.4
1216.0
1305.6
1132.8
1139.2
1344.0
1171.2
1273.6
1126.4
1139.2
1350.4
1267.2
1254.4
1120.0
1120.0
1312.0
1203.2
1241.6
1152.0
1190.4
1318.4
1177.6
1248.0
1139.2
1120.0
1356.8
1216.0
1273.6
1113.6
1094.4
1286.4
1203.2
1292.8
1132.8
1094.4
1388.8
1196.8
1203.2
1120.0
1088.0
1100.8
1222.4
1164.8
1113.6
1100.8
1267.2
1235.2
1299.2
1145.6
1132.8
1395.2
1196.8
1286.4
1158.4
1120.0
1292.8
1216.0
1260.8
1158.4
1145.6
1305.6
1209.6
1292.8
1152.0
1120.0
1388.8
1228.8
1177.6
1120.0
1113.6
1113.6
1164.8
1139.2
1113.6
1100.8
1120.0
1196.8
1107.2
1113.6
1107.2
1190.4
1184.0
1132.8
1177.6
1094.4
1228.8
1094.4
1145.6
1139.2
1107.2
1209.6
1126.4
1132.8
1152.0
1152.0
1286.4
1094.4
1113.6
1152.0
1184.0
1235.2
1145.6
1100.8
1107.2
1228.8
1241.6
1152.0
1132.8
1113.6
1254.4
1184.0
1120.0
1126.4
1081.6
1152.0
1222.4
1145.6
1171.2
1088.0
1190.4
1318.4
1203.2
1100.8
1107.2
1132.8
1254.4
1184.0
1113.6
1107.2
1081.6
1068.8
1145.6
1056.0
1113.6
1068.8
1248.0
1209.6
1088.0
1081.6
774.4
748.8
972.8
966.4
838.4000000000001
985.6
793.6
825.6
825.6
870.4000000000001
780.8
921.6000000000001
870.4000000000001
819.2
774.4
755.2
755.2
774.4
748.8
972.8
966.4
838.4000000000001
985.6
793.6
825.6
825.6
870.4000000000001
780.8
921.6000000000001
870.4000000000001
819.2
774.4
755.2
755.2
774.4
748.8
972.8
966.4
838.4000000000001
985.6
793.6
825.6
825.6
870.4000000000001
780.8
921.6000000000001
870.4000000000001
819.2
774.4
755.2
755.2
774.4
748.8
972.8
966.4
838.4000000000001
985.6
793.6
825.6
825.6
870.4000000000001
780.8
921.6000000000001
870.4000000000001
819.2
774.4
755.2
755.2
774.4
748.8
972.8
966.4
838.4000000000001
985.6
793.6
825.6
825.6
870.4000000000001
780.8
921.6000000000001
870.4000000000001
819.2
774.4
755.2
755.2
774.4
748.8
972.8
966.4
838.4000000000001
985.6
793.6
825.6
825.6
870.4000000000001
780.8
921.6000000000001
870.4000000000001
819.2
774.4
755.2
755.2
800.0
774.4
748.8
972.8
966.4
838.4000000000001
985.6
793.6
825.6
825.6
870.4000000000001
780.8
921.6000000000001
870.4000000000001
819.2
774.4
755.2
755.2
768.0
787.2
844.8000000000001
742.4
761.6
825.6
832.0
927.9999999999999
736.0
748.8
716.8
793.6
915.2
761.6
787.2
755.2
748.8
998.4
857.6
742.4
780.8
736.0
927.9999999999999
896.0000000000001
736.0
883.2
883.2
806.4
940.8
825.6
857.6
940.8
748.8
998.4
947.2000000000002
742.4
1043.2
780.8
832.0
934.4
774.4
1075.2
838.4000000000001
748.8
985.6
716.8
857.6
742.4
748.8
1049.6
736.0
742.4
755.2
729.6
960.0
704.0
780.8
787.2
736.0
825.6
736.0
716.8
768.0
729.6
780.8
793.6
742.4
755.2
742.4
755.2
748.8
736.0
800.0
748.8
736.0
780.8
774.4
787.2
736.0
755.2
768.0
896.0000000000001
723.2
736.0
780.8
755.2
972.8
736.0
736.0
1017.6
742.4
774.4
742.4
806.4
940.8
736.0
908.8
889.6000000000001
787.2
934.4
768.0
876.7999999999998
857.6
780.8
960.0
851.2
761.6
870.4000000000001
889.6000000000001
838.4000000000001
819.2
774.4
927.9999999999999
896.0000000000001
889.6000000000001
748.8
697.6
851.2
832.0
755.2
755.2
768.0
851.2
857.6
748.8
787.2
812.8
768.0
800.0
780.8
742.4
844.8000000000001
742.4
800.0
838.4000000000001
768.0
889.6000000000001
748.8
838.4000000000001
896.0000000000001
800.0
870.4000000000001
793.6
748.8
857.6
921.6000000000001
908.8
806.4
755.2
870.4000000000001
960.0
857.6
793.6
742.4
793.6
857.6
742.4
768.0
723.2
780.8
844.8000000000001
755.2
806.4
742.4
800.0
864.0
793.6
787.2
844.8000000000001
761.6
812.8
857.6
742.4
806.4
768.0
729.6
729.6
857.6
768.0
710.4
716.8
736.0
921.6000000000001
723.2
787.2
742.4
806.4
985.6
793.6
710.4
755.2
729.6
927.9999999999999
736.0
761.6
774.4
768.0
864.0
761.6
755.2
825.6
780.8
748.8
761.6
723.2
755.2
774.4
736.0
723.2
672.0
793.6
755.2
761.6
710.4
755.2
780.8
723.2
697.6
736.0
723.2
729.6
723.2
710.4
684.8
710.4
787.2
793.6
697.6
832.0
748.8
780.8
748.8
729.6
768.0
780.8
793.6
748.8
710.4
838.4000000000001
800.0
742.4
806.4
742.4
742.4
876.7999999999998
716.8
723.2
716.8
710.4
774.4
825.6
755.2
780.8
704.0
761.6
870.4000000000001
787.2
780.8
684.8
780.8
768.0
729.6
902.3999999999999
684.8
787.2
729.6
704.0
736.0
761.6
704.0
710.4
710.4
736.0
780.8
652.8
761.6
723.2
761.6
729.6
659.2
716.8
729.6
672.0
755.2
780.8
742.4
672.0
736.0
748.8
710.4
710.4
768.0
652.8
716.8
755.2
691.2
748.8
716.8
0.0
0.0
0.0
0.0
0.0
0.0
0.0
0.0
0.0
0.0
0.0
0.0
0.0
0.0
0.0
0.0
0.0
0.0
0.0
0.0
0.0
0.0
0.0
0.0
0.0
0.0
0.0
0.0
0.0
0.0
0.0
0.0
0.0
0.0
0.0
0.0
0.0
0.0
0.0
0.0
0.0
0.0
0.0
0.0
0.0
0.0
0.0
0.0
0.0
0.0
0.0
0.0
0.0
0.0
