1286.4
755.2
940.8
883.2
780.8
448.00000000000006
588.8
665.6
640.0
748.8
748.8
512.0
601.6
512.0
492.8
460.80000000000007
441.6
1446.4
2355.2
2387.2
2393.6
2380.8
2451.2
2713.6
2432.0
2508.8
2348.8
2368.0
2368.0
2355.2
2412.8
2380.8
2368.0
2342.4
2361.6
2393.6
2521.6
2336.0
2400.0
2412.8
2361.6
2502.4
2464.0
2272.0
1952.0
1977.6
1907.1999999999998
1920.0
1894.4000000000003
2028.8
1932.8
1888.0
1894.4000000000003
1932.8
1945.6
1926.3999999999999
1900.8
1939.2
1881.6
1926.3999999999999
1952.0
2041.6000000000001
1945.6
1913.6
1868.8
1932.8
1888.0
2086.4
1913.6
1881.6
1862.4000000000003
1907.1999999999998
1945.6
1920.0
1939.2
1868.8
1932.8
1907.1999999999998
1932.8
2035.2
2009.6
1894.4000000000003
1855.9999999999998
1907.1999999999998
1907.1999999999998
2067.2
1862.4000000000003
1875.1999999999998
1875.1999999999998
1945.6
1913.6
1907.1999999999998
1875.1999999999998
1862.4000000000003
1900.8
1900.8
1862.4000000000003
2054.4
2028.8
1888.0
1888.0
1881.6
1932.8
2208.0
1900.8
1862.4000000000003
1894.4000000000003
1888.0
1939.2
1907.1999999999998
1881.6
1875.1999999999998
1881.6
1913.6
1875.1999999999998
2003.2
2009.6
1920.0
1862.4000000000003
1862.4000000000003
1888.0
2067.2
1888.0
1881.6
1881.6
1932.8
1926.3999999999999
1894.4000000000003
1888.0
1932.8
1888.0
1868.8
1881.6
2086.4
1977.6
1849.6
1855.9999999999998
1888.0
1958.3999999999999
2112.0
1894.4000000000003
1849.6
1868.8
1952.0
1952.0
1894.4000000000003
1888.0
1900.8
1881.6
1907.1999999999998
1875.1999999999998
2137.6
2035.2
1875.1999999999998
1926.3999999999999
1849.6
1958.3999999999999
2028.8
1855.9999999999998
1900.8
1894.4000000000003
1862.4000000000003
1990.4
1894.4000000000003
1862.4000000000003
1926.3999999999999
1843.2000000000003
1862.4000000000003
1862.4000000000003
2080.0
2009.6
1894.4000000000003
1888.0
1855.9999999999998
2035.2
2035.2
1907.1999999999998
1875.1999999999998
1843.2000000000003
1862.4000000000003
1932.8
1888.0
1900.8
1900.8
1875.1999999999998
1894.4000000000003
1862.4000000000003
2092.8
1939.2
1900.8
1862.4000000000003
1849.6
2028.8
2080.0
1875.1999999999998
1862.4000000000003
1868.8
1907.1999999999998
1894.4000000000003
1913.6
1952.0
1855.9999999999998
1888.0
1881.6
1888.0
2067.2
2035.2
1888.0
1862.4000000000003
1888.0
1984.0
2099.2
1862.4000000000003
1894.4000000000003
1913.6
1868.8
1977.6
1888.0
1849.6
1894.4000000000003
1888.0
1888.0
1881.6
1945.6
1964.8
1913.6
1900.8
1868.8
2105.6
2009.6
1920.0
1868.8
1875.1999999999998
1926.3999999999999
1868.8
1881.6
1888.0
1875.1999999999998
1907.1999999999998
1862.4000000000003
1881.6
1964.8
1868.8
1926.3999999999999
1862.4000000000003
1855.9999999999998
2048.0
2067.2
1875.1999999999998
1894.4000000000003
1855.9999999999998
1888.0
2016.0
1868.8
1881.6
1855.9999999999998
1907.1999999999998
1875.1999999999998
1952.0
1907.1999999999998
1875.1999999999998
1862.4000000000003
1868.8
1881.6
2169.6
1932.8
1843.2000000000003
1875.1999999999998
1888.0
1984.0
2080.0
1875.1999999999998
1855.9999999999998
1913.6
1900.8
2009.6
1945.6
1862.4000000000003
1932.8
1868.8
1855.9999999999998
1907.1999999999998
1920.0
1900.8
1875.1999999999998
1849.6
1888.0
2009.6
2016.0
1855.9999999999998
1830.4
1862.4000000000003
1952.0
2009.6
1881.6
1862.4000000000003
1881.6
1926.3999999999999
1888.0
1862.4000000000003
1913.6
1952.0
1932.8
1971.2
1900.8
2169.6
1913.6
1881.6
1958.3999999999999
1894.4000000000003
2150.4
2060.8
1920.0
1849.6
1862.4000000000003
2054.4
2073.6
1926.3999999999999
1920.0
1913.6
1964.8
2009.6
1855.9999999999998
1913.6
1868.8
1881.6
1875.1999999999998
1836.8
2028.8
2003.2
1945.6
1843.2000000000003
1888.0
1945.6
2016.0
1875.1999999999998
1868.8
1875.1999999999998
1862.4000000000003
2086.4
1913.6
1875.1999999999998
1926.3999999999999
1926.3999999999999
1926.3999999999999
1836.8
1888.0
1830.4
1836.8
1913.6
1920.0
1939.2
1836.8
1862.4000000000003
1836.8
1849.6
1977.6
2073.6
1888.0
1894.4000000000003
1868.8
1888.0
1939.2
1932.8
1855.9999999999998
1868.8
1952.0
1900.8
1881.6
1939.2
1881.6
1932.8
1855.9999999999998
1836.8
1920.0
1881.6
1894.4000000000003
1875.1999999999998
1843.2000000000003
2009.6
1939.2
1900.8
1862.4000000000003
1855.9999999999998
1836.8
2016.0
1881.6
1868.8
1849.6
1900.8
2009.6
1862.4000000000003
1868.8
1849.6
1907.1999999999998
1843.2000000000003
1843.2000000000003
1913.6
1843.2000000000003
1926.3999999999999
1836.8
1849.6
2003.2
1926.3999999999999
1907.1999999999998
1862.4000000000003
1900.8
1907.1999999999998
2048.0
1830.4
1900.8
1913.6
1888.0
1920.0
1900.8
1913.6
1855.9999999999998
1894.4000000000003
1900.8
1875.1999999999998
1926.3999999999999
1862.4000000000003
1907.1999999999998
1900.8
1888.0
2016.0
1920.0
1926.3999999999999
1836.8
1881.6
1971.2
1939.2
1849.6
371.2
364.8
441.6
390.4
352.0
352.0
377.6
422.40000000000003
364.8
352.0
480.0
364.8
390.4
345.6
339.2
518.4
358.4
345.6
339.2
377.6
358.4
358.4
345.6
364.8
384.0
332.8
339.2
326.4
326.4
332.8
364.8
390.4
345.6
339.2
518.4
358.4
345.6
339.2
377.6
358.4
358.4
345.6
364.8
384.0
332.8
339.2
326.4
326.4
332.8
326.4
326.4
332.8
364.8
390.4
345.6
339.2
518.4
358.4
345.6
339.2
377.6
358.4
358.4
345.6
364.8
384.0
332.8
339.2
326.4
326.4
332.8
326.4
326.4
332.8
364.8
390.4
345.6
339.2
518.4
358.4
345.6
339.2
377.6
358.4
358.4
345.6
364.8
384.0
332.8
339.2
326.4
326.4
332.8
326.4
326.4
332.8
364.8
390.4
345.6
339.2
518.4
358.4
345.6
339.2
377.6
358.4
358.4
345.6
364.8
384.0
332.8
339.2
326.4
326.4
332.8
326.4
326.4
332.8
364.8
390.4
345.6
339.2
518.4
358.4
345.6
339.2
377.6
358.4
358.4
345.6
364.8
384.0
332.8
339.2
326.4
326.4
332.8
0.0
0.0
0.0
0.0
0.0
0.0
0.0
0.0
0.0
0.0
0.0
0.0
0.0
0.0
0.0
0.0
0.0
0.0
0.0
0.0
0.0
0.0
0.0
0.0
0.0
0.0
0.0
0.0
0.0
0.0
0.0
0.0
0.0
0.0
0.0
0.0
0.0
0.0
0.0
0.0
0.0
0.0
0.0
0.0
0.0
0.0
0.0
0.0
0.0
0.0
0.0
0.0
0.0
0.0
0.0
0.0
0.0
0.0
0.0
0.0
0.0
0.0
0.0
0.0
0.0
0.0
0.0
0.0
0.0
0.0
0.0
0.0
0.0
0.0
0.0
0.0
0.0
0.0
0.0
0.0
0.0
0.0
0.0
0.0
0.0
0.0
0.0
0.0
0.0
0.0
0.0
0.0
0.0
0.0
0.0
0.0
0.0
0.0
0.0
0.0
0.0
0.0
0.0
0.0
0.0
0.0
0.0
0.0
0.0
0.0
0.0
0.0
0.0
0.0
0.0
0.0
0.0
0.0
0.0
0.0
0.0
0.0
0.0
0.0
0.0
0.0
0.0
0.0
0.0
0.0
0.0
0.0
0.0
0.0
0.0
0.0
0.0
0.0
0.0
0.0
0.0
0.0
0.0
0.0
0.0
0.0
0.0
0.0
0.0
0.0
0.0
0.0
0.0
0.0
0.0
0.0
0.0
0.0
0.0
0.0
0.0
0.0
0.0
0.0
0.0
0.0
0.0
0.0
0.0
0.0
0.0
0.0
0.0
0.0
0.0
0.0
0.0
0.0
0.0
0.0
0.0
0.0
0.0
0.0
0.0
0.0
0.0
0.0
0.0
0.0
0.0
0.0
0.0
0.0
0.0
0.0
0.0
0.0
0.0
0.0
0.0
0.0
0.0
0.0
0.0
0.0
0.0
0.0
0.0
0.0
0.0
0.0
0.0
0.0
0.0
0.0
0.0
0.0
0.0
0.0
0.0
0.0
0.0
0.0
0.0
0.0
0.0
0.0
0.0
0.0
0.0
0.0
0.0
0.0
0.0
0.0
0.0
