1068.8
1344.0
838.4000000000001
793.6
755.2
729.6
646.4
800.0
819.2
1024.0
422.40000000000003
755.2
556.8
851.2
614.4
428.8
537.6
569.6
512.0
2956.8
3033.6
2956.8
2918.4
2976.0
2982.4
3123.2
2969.6
3110.4
2988.8
3033.6
2976.0
2988.8
2995.2
2982.4
2982.4
3008.0
2963.2
2956.8
3174.4
2950.4
3123.2
2956.8
2988.8
2995.2
2995.2
2976.0
3020.8
2956.8
2988.8
3027.2
2976.0
3110.4
2963.2
3065.6
2969.6
2995.2
2976.0
2950.4
2995.2
3001.6
2976.0
3001.6
2982.4
3059.2
3097.6
2950.4
3104.0
2956.8
3008.0
2969.6
2969.6
3052.8
2995.2
2982.4
2995.2
2988.8
2963.2
3142.4
2937.6
3008.0
2950.4
3001.6
2995.2
2969.6
3014.4
2944.0
2931.2
2956.8
2988.8
2963.2
3174.4
2931.2
2976.0
2944.0
2963.2
3008.0
2944.0
3014.4
2937.6
3014.4
2937.6
2995.2
2956.8
3072.0
2969.6
3065.6
3020.8
3084.8
3033.6
3001.6
3123.2
2931.2
3001.6
2931.2
2944.0
2988.8
2963.2
2950.4
2982.4
2899.2
2956.8
2950.4
2937.6
2988.8
2956.8
2988.8
2944.0
2944.0
2995.2
3065.6
2950.4
2931.2
2982.4
3001.6
3020.8
2956.8
2982.4
2963.2
2944.0
2944.0
2963.2
2988.8
2950.4
2944.0
2950.4
2956.8
2950.4
2988.8
2931.2
3046.4
2950.4
3014.4
2963.2
2937.6
3059.2
2918.4
3046.4
2937.6
2950.4
2931.2
2976.0
2944.0
3104.0
2950.4
2976.0
2956.8
2944.0
3033.6
2937.6
2956.8
2988.8
3104.0
2950.4
3052.8
2944.0
3059.2
3027.2
2899.2
2950.4
2969.6
3046.4
2931.2
2950.4
2988.8
3142.4
2931.2
2995.2
2944.0
3110.4
3110.4
3142.4
3225.6
3289.6
3155.2
3001.6
2873.6
2912.0
2963.2
2969.6
2950.4
2963.2
2956.8
2924.8
2924.8
2956.8
2944.0
2931.2
3001.6
2854.4
2988.8
2918.4
3008.0
2828.8
2969.6
2848.0
2854.4
2963.2
2784.0
2860.8
2841.6
2809.6
2816.0
2758.4
2835.2
2880.0
2803.2
2867.2
2790.4
2950.4
3008.0
2822.4
2892.8
2848.0
2912.0
2918.4
2777.6
2860.8
2841.6
2771.2
2771.2
2822.4
2841.6
2848.0
2771.2
2860.8
2784.0
2841.6
2803.2
2796.8
2892.8
2771.2
2828.8
2796.8
2848.0
2828.8
2803.2
2809.6
2841.6
2873.6
2822.4
2784.0
2848.0
2848.0
2790.4
2867.2
2835.2
2809.6
2912.0
2809.6
2899.2
2854.4
2796.8
2828.8
2784.0
2809.6
2848.0
2790.4
2803.2
2764.8
2758.4
2899.2
2784.0
2790.4
2796.8
2790.4
2963.2
2822.4
2905.6
2790.4
2790.4
2873.6
2841.6
2796.8
2816.0
2777.6
2828.8
2816.0
2758.4
2822.4
2841.6
2816.0
2835.2
2777.6
2816.0
2771.2
2854.4
2828.8
2758.4
2860.8
2758.4
2822.4
2841.6
2796.8
2867.2
2784.0
2854.4
2777.6
2873.6
2822.4
2809.6
2796.8
2784.0
2809.6
2796.8
2764.8
2809.6
2822.4
2752.0
2771.2
2796.8
2796.8
2886.4
2771.2
2803.2
2822.4
2784.0
2854.4
2809.6
2803.2
2777.6
2784.0
2796.8
2784.0
2777.6
2899.2
2822.4
2886.4
2809.6
2809.6
2995.2
2790.4
2860.8
2803.2
2803.2
2784.0
2835.2
2809.6
2790.4
2809.6
2777.6
2790.4
2764.8
2822.4
2771.2
2796.8
2758.4
2784.0
2796.8
2758.4
2816.0
2752.0
2790.4
2854.4
2771.2
2816.0
2777.6
2790.4
2828.8
2764.8
2764.8
2771.2
2771.2
2854.4
2771.2
2777.6
2867.2
2816.0
2796.8
2796.8
2777.6
2764.8
2822.4
2777.6
2784.0
2835.2
2803.2
2777.6
2828.8
2777.6
2752.0
2790.4
2803.2
2777.6
2937.6
2809.6
2880.0
2790.4
2784.0
2809.6
2796.8
2803.2
2803.2
2764.8
2809.6
2822.4
2790.4
2758.4
2758.4
2790.4
2777.6
2758.4
2822.4
2777.6
2816.0
2777.6
2726.4
3008.0
2758.4
2771.2
2790.4
2809.6
2848.0
2822.4
2777.6
416.0
531.2
377.6
377.6
339.2
428.8
416.0
454.4
352.0
384.0
512.0
377.6
460.80000000000007
352.0
441.6
364.8
428.8
416.0
396.8
486.4
390.4
352.0
352.0
409.6
345.6
563.2
345.6
364.8
505.6
403.2
428.8
332.8
358.4
409.6
448.00000000000006
352.0
352.0
339.2
396.8
377.6
345.6
358.4
345.6
435.20000000000005
358.4
352.0
544.0
345.6
435.20000000000005
352.0
364.8
352.0
364.8
352.0
345.6
345.6
371.2
352.0
345.6
358.4
364.8
403.2
352.0
352.0
339.2
339.2
492.8
352.0
352.0
332.8
352.0
345.6
358.4
345.6
358.4
352.0
345.6
364.8
352.0
518.4
326.4
332.8
371.2
339.2
505.6
332.8
345.6
339.2
396.8
358.4
352.0
345.6
371.2
435.20000000000005
332.8
364.8
352.0
384.0
352.0
358.4
345.6
345.6
454.4
377.6
352.0
371.2
345.6
364.8
339.2
326.4
364.8
326.4
332.8
326.4
339.2
390.4
332.8
339.2
332.8
326.4
492.8
345.6
339.2
332.8
313.6
403.2
332.8
339.2
0.0
0.0
0.0
0.0
0.0
0.0
0.0
0.0
0.0
0.0
0.0
0.0
0.0
0.0
0.0
0.0
0.0
0.0
0.0
0.0
0.0
0.0
0.0
0.0
0.0
0.0
0.0
0.0
0.0
0.0
0.0
0.0
0.0
0.0
0.0
0.0
0.0
0.0
0.0
0.0
0.0
0.0
0.0
0.0
0.0
0.0
0.0
0.0
0.0
0.0
0.0
0.0
0.0
0.0
0.0
0.0
0.0
0.0
0.0
0.0
0.0
0.0
0.0
0.0
0.0
0.0
0.0
0.0
0.0
0.0
0.0
0.0
0.0
0.0
0.0
0.0
0.0
0.0
0.0
0.0
0.0
0.0
0.0
0.0
0.0
0.0
0.0
0.0
0.0
0.0
0.0
0.0
0.0
0.0
0.0
0.0
0.0
0.0
0.0
0.0
0.0
0.0
0.0
0.0
0.0
0.0
0.0
0.0
0.0
0.0
0.0
0.0
0.0
0.0
0.0
0.0
0.0
0.0
0.0
0.0
0.0
0.0
0.0
0.0
0.0
0.0
0.0
0.0
0.0
0.0
0.0
0.0
0.0
0.0
0.0
0.0
0.0
0.0
