1158.4
761.6
780.8
902.3999999999999
812.8
876.7999999999998
736.0
780.8
851.2
844.8000000000001
787.2
793.6
838.4000000000001
864.0
908.8
761.6
838.4000000000001
755.2
832.0
870.4000000000001
1152.0
1132.8
1139.2
1273.6
1254.4
1228.8
1171.2
1139.2
1222.4
1184.0
1184.0
1139.2
1267.2
1260.8
1203.2
1158.4
1171.2
1177.6
1228.8
1177.6
1190.4
1139.2
1216.0
1248.0
1209.6
1209.6
1152.0
1254.4
1209.6
1177.6
1177.6
1177.6
1292.8
1260.8
1177.6
1228.8
1152.0
1248.0
1260.8
1222.4
1184.0
1152.0
1299.2
1222.4
1209.6
1190.4
1139.2
1273.6
1228.8
1254.4
1164.8
1139.2
1139.2
1248.0
1209.6
1171.2
1158.4
1164.8
1254.4
1203.2
1177.6
1126.4
1292.8
1241.6
1235.2
1267.2
1132.8
1228.8
1235.2
1145.6
1184.0
1132.8
1184.0
1273.6
1190.4
1177.6
1126.4
1184.0
1254.4
1196.8
1305.6
1126.4
1164.8
1216.0
1184.0
1523.2
1145.6
1222.4
1235.2
1209.6
1171.2
1126.4
1190.4
1241.6
1164.8
1235.2
1139.2
1216.0
1203.2
1216.0
1158.4
1158.4
1209.6
1248.0
1171.2
1190.4
1126.4
1241.6
1228.8
1164.8
1376.0
1171.2
1222.4
1267.2
1145.6
1209.6
1145.6
1216.0
1203.2
1171.2
1177.6
1145.6
1145.6
1267.2
1158.4
1177.6
1145.6
1139.2
1254.4
1280.0
1171.2
1196.8
1177.6
1222.4
1171.2
1152.0
1152.0
1248.0
1248.0
1171.2
1222.4
1152.0
1203.2
1216.0
1241.6
1241.6
1164.8
1280.0
1196.8
1254.4
1164.8
1132.8
1260.8
1235.2
1260.8
1164.8
1164.8
1420.8
1228.8
1312.0
1196.8
1177.6
1395.2
1254.4
1241.6
1203.2
1139.2
1344.0
1241.6
1292.8
1177.6
1158.4
1286.4
1216.0
1273.6
1145.6
1196.8
819.2
889.6000000000001
1216.0
953.5999999999999
768.0
768.0
844.8000000000001
927.9999999999999
857.6
774.4
742.4
819.2
883.2
774.4
748.8
768.0
774.4
902.3999999999999
761.6
768.0
742.4
780.8
908.8
768.0
748.8
736.0
780.8
979.1999999999999
697.6
748.8
844.8000000000001
729.6
921.6000000000001
768.0
755.2
780.8
742.4
883.2
761.6
716.8
748.8
736.0
768.0
723.2
761.6
793.6
691.2
780.8
729.6
934.4
774.4
748.8
723.2
787.2
1043.2
736.0
742.4
723.2
716.8
1075.2
780.8
819.2
723.2
716.8
1056.0
755.2
768.0
761.6
768.0
947.2000000000002
736.0
768.0
780.8
761.6
947.2000000000002
697.6
780.8
742.4
787.2
864.0
742.4
825.6
787.2
723.2
819.2
761.6
927.9999999999999
979.1999999999999
742.4
806.4
748.8
915.2
800.0
748.8
768.0
742.4
921.6000000000001
768.0
755.2
793.6
729.6
889.6000000000001
800.0
729.6
729.6
780.8
883.2
825.6
748.8
736.0
723.2
806.4
825.6
774.4
704.0
723.2
806.4
812.8
800.0
742.4
774.4
838.4000000000001
787.2
755.2
761.6
742.4
800.0
819.2
902.3999999999999
768.0
736.0
806.4
742.4
864.0
832.0
748.8
780.8
800.0
844.8000000000001
755.2
761.6
748.8
768.0
825.6
768.0
742.4
748.8
755.2
889.6000000000001
761.6
768.0
800.0
793.6
870.4000000000001
768.0
768.0
768.0
729.6
851.2
748.8
729.6
742.4
748.8
927.9999999999999
806.4
857.6
729.6
819.2
780.8
729.6
857.6
742.4
800.0
768.0
736.0
1017.6
812.8
729.6
787.2
755.2
889.6000000000001
793.6
742.4
761.6
710.4
915.2
748.8
768.0
780.8
729.6
1004.8
748.8
774.4
780.8
742.4
1049.6
723.2
774.4
768.0
742.4
985.6
723.2
787.2
748.8
723.2
947.2000000000002
729.6
844.8000000000001
780.8
768.0
921.6000000000001
729.6
889.6000000000001
806.4
774.4
736.0
736.0
908.8
806.4
761.6
748.8
768.0
857.6
774.4
755.2
723.2
787.2
870.4000000000001
761.6
742.4
742.4
736.0
819.2
812.8
755.2
748.8
742.4
825.6
812.8
774.4
748.8
684.8
876.7999999999998
780.8
768.0
800.0
729.6
902.3999999999999
780.8
953.5999999999999
710.4
729.6
793.6
768.0
908.8
736.0
755.2
768.0
742.4
915.2
748.8
710.4
748.8
716.8
800.0
723.2
723.2
729.6
704.0
748.8
736.0
723.2
736.0
723.2
780.8
736.0
819.2
780.8
793.6
761.6
736.0
704.0
748.8
787.2
704.0
736.0
838.4000000000001
806.4
787.2
761.6
710.4
857.6
704.0
768.0
768.0
697.6
723.2
736.0
704.0
748.8
729.6
761.6
710.4
684.8
710.4
684.8
761.6
723.2
640.0
678.4
691.2
0.0
0.0
0.0
0.0
0.0
0.0
0.0
0.0
0.0
0.0
0.0
0.0
0.0
0.0
0.0
0.0
0.0
0.0
0.0
0.0
0.0
0.0
0.0
0.0
0.0
0.0
0.0
0.0
0.0
0.0
0.0
0.0
0.0
0.0
0.0
0.0
0.0
0.0
0.0
0.0
0.0
0.0
0.0
0.0
0.0
0.0
0.0
0.0
0.0
0.0
0.0
0.0
0.0
0.0
0.0
0.0
0.0
0.0
0.0
0.0
0.0
0.0
0.0
0.0
0.0
0.0
0.0
0.0
0.0
0.0
0.0
0.0
0.0
0.0
0.0
0.0
0.0
0.0
0.0
0.0
0.0
0.0
0.0
0.0
0.0
0.0
0.0
0.0
0.0
0.0
0.0
0.0
0.0
0.0
0.0
0.0
0.0
0.0
0.0
0.0
0.0
0.0
0.0
0.0
0.0
0.0
0.0
0.0
0.0
0.0
0.0
0.0
0.0
0.0
0.0
0.0
0.0
0.0
0.0
0.0
0.0
0.0
0.0
0.0
0.0
0.0
0.0
0.0
0.0
0.0
0.0
0.0
0.0
0.0
0.0
0.0
0.0
0.0
0.0
0.0
0.0
0.0
0.0
0.0
0.0
0.0
0.0
0.0
0.0
0.0
0.0
0.0
0.0
0.0
0.0
0.0
0.0
0.0
0.0
0.0
0.0
0.0
0.0
0.0
0.0
0.0
0.0
0.0
0.0
0.0
0.0
0.0
0.0
0.0
0.0
0.0
0.0
0.0
0.0
0.0
0.0
0.0
0.0
0.0
0.0
0.0
0.0
0.0
0.0
0.0
0.0
0.0
