787.2
691.2
627.2
492.8
569.6
480.0
729.6
665.6
640.0
499.2
492.8
448.00000000000006
409.6
544.0
825.6
409.6
1964.8
2016.0
2169.6
2348.8
2054.4
2028.8
1971.2
2041.6000000000001
2150.4
2016.0
2054.4
2035.2
2041.6000000000001
2003.2
2035.2
2016.0
2137.6
2003.2
2041.6000000000001
2022.4
2016.0
2208.0
2009.6
2035.2
2035.2
2054.4
2112.0
2009.6
2041.6000000000001
2086.4
2048.0
2041.6000000000001
2028.8
2003.2
2118.4
2003.2
2054.4
2028.8
2054.4
2156.8
1996.8
1996.8
2009.6
2009.6
2041.6000000000001
2003.2
1990.4
2054.4
2048.0
2022.4
2028.8
1996.8
2310.4
1984.0
2009.6
2028.8
1990.4
2208.0
1984.0
2054.4
1990.4
1996.8
2016.0
1990.4
2035.2
2041.6000000000001
2003.2
2003.2
1977.6
2073.6
2182.4
2016.0
2041.6000000000001
2028.8
2041.6000000000001
2067.2
2009.6
2054.4
2022.4
1977.6
1977.6
1990.4
1977.6
2150.4
2003.2
2022.4
1990.4
2009.6
2080.0
1996.8
2156.8
2067.2
1990.4
1971.2
1984.0
2022.4
2220.8
1977.6
2028.8
2022.4
1984.0
2086.4
1990.4
2048.0
2022.4
2022.4
2163.2
2003.2
2086.4
2009.6
1990.4
2035.2
2009.6
2041.6000000000001
2048.0
1996.8
2003.2
2028.8
1977.6
2169.6
1964.8
2137.6
2035.2
1990.4
2022.4
2009.6
2016.0
2016.0
1971.2
1990.4
1996.8
1996.8
2112.0
1971.2
2016.0
1990.4
2016.0
2022.4
1996.8
2086.4
2003.2
2022.4
2041.6000000000001
1996.8
2016.0
2163.2
2028.8
1945.6
1996.8
2009.6
2080.0
1971.2
1964.8
1939.2
1952.0
2022.4
1996.8
2041.6000000000001
2054.4
1971.2
2067.2
1984.0
2048.0
2118.4
1990.4
1990.4
1990.4
2009.6
2124.8
1990.4
2016.0
2048.0
2048.0
2086.4
1996.8
1977.6
2048.0
2009.6
2131.2
1996.8
2099.2
2144.0
1945.6
2054.4
1952.0
1913.6
2016.0
1977.6
1881.6
1926.3999999999999
1913.6
1996.8
1939.2
2067.2
1932.8
1926.3999999999999
2112.0
1913.6
2137.6
2144.0
1913.6
2105.6
1888.0
1952.0
2054.4
1894.4000000000003
1939.2
1894.4000000000003
1875.1999999999998
2067.2
1868.8
1945.6
1843.2000000000003
1855.9999999999998
1971.2
1888.0
1913.6
1900.8
1862.4000000000003
1907.1999999999998
1907.1999999999998
1964.8
1939.2
1843.2000000000003
1881.6
1875.1999999999998
1875.1999999999998
1888.0
1862.4000000000003
1868.8
1913.6
1900.8
1894.4000000000003
1913.6
1875.1999999999998
1875.1999999999998
1862.4000000000003
1888.0
1888.0
1894.4000000000003
1920.0
1868.8
1926.3999999999999
1888.0
1836.8
1984.0
1875.1999999999998
1894.4000000000003
1817.6
1868.8
1888.0
1868.8
1907.1999999999998
1830.4
1913.6
1888.0
1926.3999999999999
1920.0
1868.8
1855.9999999999998
1907.1999999999998
1836.8
1894.4000000000003
1996.8
1836.8
1958.3999999999999
1862.4000000000003
1875.1999999999998
2041.6000000000001
1868.8
1894.4000000000003
1913.6
1875.1999999999998
1888.0
1920.0
1971.2
1849.6
1862.4000000000003
1888.0
1881.6
1881.6
1888.0
1855.9999999999998
1868.8
1875.1999999999998
1881.6
2003.2
1855.9999999999998
1868.8
1894.4000000000003
1888.0
2054.4
1843.2000000000003
1868.8
1862.4000000000003
1920.0
1932.8
1894.4000000000003
1913.6
1849.6
1913.6
1888.0
1926.3999999999999
1875.1999999999998
1945.6
1888.0
1913.6
1900.8
1855.9999999999998
2009.6
1881.6
1926.3999999999999
1843.2000000000003
1900.8
1996.8
1913.6
1932.8
1881.6
1875.1999999999998
1945.6
1977.6
1926.3999999999999
1875.1999999999998
1888.0
1881.6
2003.2
1932.8
1939.2
1868.8
1932.8
1945.6
1888.0
2048.0
1907.1999999999998
1952.0
1875.1999999999998
1900.8
2016.0
1881.6
1939.2
1849.6
1855.9999999999998
1920.0
1868.8
1939.2
1907.1999999999998
1868.8
1823.9999999999998
1932.8
1894.4000000000003
1907.1999999999998
1907.1999999999998
1881.6
1855.9999999999998
1875.1999999999998
2035.2
1843.2000000000003
1875.1999999999998
1855.9999999999998
1888.0
2009.6
1862.4000000000003
1984.0
1900.8
1849.6
1920.0
1888.0
1945.6
1920.0
1932.8
1939.2
1881.6
1868.8
1964.8
1862.4000000000003
1875.1999999999998
1881.6
1920.0
1958.3999999999999
1849.6
1875.1999999999998
1855.9999999999998
1926.3999999999999
1881.6
1862.4000000000003
1900.8
1875.1999999999998
1894.4000000000003
1913.6
1894.4000000000003
1926.3999999999999
1849.6
1926.3999999999999
1849.6
1958.3999999999999
1843.2000000000003
1907.1999999999998
1907.1999999999998
1875.1999999999998
1913.6
1888.0
2048.0
1881.6
1939.2
1868.8
1868.8
1875.1999999999998
1855.9999999999998
1958.3999999999999
1849.6
1862.4000000000003
1875.1999999999998
1900.8
1932.8
1907.1999999999998
1798.4
364.8
582.4
512.0
390.4
352.0
364.8
371.2
364.8
544.0
358.4
364.8
371.2
371.2
396.8
364.8
364.8
352.0
384.0
364.8
390.4
428.8
422.40000000000003
364.8
352.0
371.2
352.0
416.0
352.0
352.0
364.8
396.8
537.6
371.2
403.2
352.0
371.2
377.6
448.00000000000006
403.2
358.4
390.4
352.0
441.6
352.0
352.0
352.0
396.8
364.8
345.6
352.0
352.0
377.6
352.0
364.8
332.8
358.4
352.0
345.6
345.6
345.6
345.6
364.8
352.0
345.6
352.0
377.6
352.0
377.6
345.6
332.8
384.0
352.0
339.2
352.0
326.4
332.8
345.6
326.4
352.0
345.6
358.4
326.4
0.0
0.0
0.0
0.0
0.0
0.0
0.0
0.0
0.0
0.0
0.0
0.0
0.0
0.0
0.0
0.0
0.0
0.0
0.0
0.0
0.0
0.0
0.0
0.0
0.0
0.0
0.0
0.0
0.0
0.0
0.0
0.0
0.0
0.0
0.0
0.0
0.0
0.0
0.0
0.0
0.0
0.0
0.0
0.0
0.0
0.0
0.0
0.0
0.0
0.0
0.0
0.0
0.0
0.0
0.0
0.0
0.0
0.0
0.0
0.0
0.0
0.0
0.0
0.0
0.0
0.0
0.0
0.0
0.0
0.0
0.0
0.0
0.0
0.0
0.0
0.0
0.0
0.0
0.0
0.0
0.0
0.0
0.0
0.0
0.0
0.0
0.0
0.0
0.0
0.0
0.0
0.0
0.0
0.0
0.0
0.0
0.0
0.0
0.0
0.0
0.0
0.0
0.0
0.0
0.0
0.0
0.0
0.0
0.0
0.0
0.0
0.0
0.0
0.0
0.0
0.0
0.0
0.0
0.0
0.0
0.0
0.0
0.0
0.0
0.0
0.0
0.0
0.0
0.0
0.0
0.0
0.0
0.0
0.0
0.0
0.0
0.0
0.0
0.0
0.0
0.0
0.0
0.0
0.0
0.0
0.0
0.0
0.0
0.0
0.0
0.0
0.0
0.0
0.0
0.0
0.0
0.0
0.0
0.0
0.0
0.0
0.0
0.0
0.0
0.0
0.0
0.0
0.0
0.0
0.0
0.0
0.0
0.0
0.0
0.0
0.0
0.0
0.0
0.0
0.0
0.0
0.0
0.0
0.0
0.0
0.0
