800.0
832.0
454.4
409.6
627.2
556.8
627.2
633.6
659.2
435.20000000000005
416.0
537.6
646.4
448.00000000000006
416.0
518.4
454.4
1990.4
2003.2
2041.6000000000001
2112.0
2009.6
2188.8
2028.8
2035.2
2137.6
2035.2
2022.4
2028.8
2016.0
2150.4
2016.0
1984.0
2048.0
2035.2
2233.6
1996.8
1990.4
2124.8
2048.0
2016.0
2016.0
2009.6
2041.6000000000001
2060.8
2016.0
2022.4
2028.8
2208.0
2028.8
1984.0
2035.2
2003.2
2131.2
2003.2
1996.8
2073.6
2003.2
2016.0
2009.6
2048.0
2188.8
2016.0
1984.0
2016.0
2054.4
2336.0
2003.2
1996.8
2240.0
2112.0
2022.4
2016.0
2016.0
2086.4
1990.4
2150.4
1984.0
2195.2
2169.6
2016.0
2310.4
2105.6
2092.8
2112.0
2176.0
2201.6
2105.6
2118.4
1990.4
1996.8
2227.2
2067.2
2099.2
2163.2
2035.2
2105.6
2240.0
2092.8
2073.6
2124.8
1977.6
1996.8
1984.0
2028.8
2080.0
1977.6
1971.2
1971.2
1971.2
2246.4
1990.4
1977.6
2092.8
1996.8
2169.6
2035.2
1984.0
2208.0
1977.6
2016.0
1964.8
2022.4
2156.8
1958.3999999999999
2003.2
1945.6
2124.8
2201.6
2016.0
1971.2
2060.8
2086.4
1984.0
1996.8
2003.2
2028.8
2054.4
2016.0
2028.8
2028.8
2227.2
1984.0
1996.8
2048.0
2022.4
2016.0
1984.0
2073.6
2060.8
1977.6
2009.6
2041.6000000000001
2022.4
2163.2
1964.8
2099.2
1977.6
1971.2
2252.8
1958.3999999999999
2009.6
1990.4
1952.0
2003.2
1964.8
1952.0
2003.2
1971.2
2003.2
2003.2
2060.8
2144.0
1952.0
2022.4
2028.8
1990.4
2035.2
1977.6
1996.8
2118.4
2073.6
1990.4
1952.0
2003.2
2124.8
1971.2
1958.3999999999999
2035.2
1964.8
2137.6
1977.6
1964.8
2060.8
2073.6
1926.3999999999999
1868.8
1964.8
1971.2
1875.1999999999998
1862.4000000000003
1952.0
1945.6
2188.8
1830.4
1881.6
1920.0
1926.3999999999999
2099.2
1843.2000000000003
1945.6
2067.2
1823.9999999999998
1862.4000000000003
1862.4000000000003
1945.6
2016.0
1926.3999999999999
1900.8
1894.4000000000003
1939.2
2073.6
1855.9999999999998
1926.3999999999999
1907.1999999999998
1926.3999999999999
1971.2
1862.4000000000003
1894.4000000000003
1920.0
1939.2
1836.8
1875.1999999999998
1984.0
1971.2
1926.3999999999999
1855.9999999999998
1888.0
1900.8
2080.0
1836.8
1926.3999999999999
1926.3999999999999
1868.8
1900.8
1881.6
1907.1999999999998
1964.8
1881.6
1862.4000000000003
1868.8
1881.6
1977.6
1888.0
1849.6
1900.8
1996.8
2201.6
1849.6
1881.6
1907.1999999999998
1926.3999999999999
2137.6
1881.6
1875.1999999999998
2054.4
1881.6
1920.0
1881.6
1875.1999999999998
2067.2
1843.2000000000003
1875.1999999999998
1881.6
1875.1999999999998
1964.8
1907.1999999999998
1868.8
1920.0
1900.8
2150.4
1849.6
1868.8
1932.8
1964.8
1971.2
1817.6
1939.2
1996.8
1958.3999999999999
1855.9999999999998
1855.9999999999998
1926.3999999999999
1932.8
1984.0
1868.8
1836.8
2009.6
2016.0
1862.4000000000003
1836.8
1888.0
1920.0
2163.2
1868.8
1862.4000000000003
1875.1999999999998
1913.6
1913.6
1836.8
1894.4000000000003
1952.0
1881.6
1894.4000000000003
1964.8
1920.0
1945.6
1868.8
1862.4000000000003
1862.4000000000003
1996.8
2118.4
1888.0
1817.6
1926.3999999999999
1907.1999999999998
2124.8
1849.6
1855.9999999999998
1952.0
1849.6
1932.8
1849.6
1843.2000000000003
1996.8
1907.1999999999998
1868.8
1836.8
1926.3999999999999
1875.1999999999998
1900.8
1849.6
1849.6
1894.4000000000003
2009.6
1881.6
1932.8
1868.8
1855.9999999999998
2022.4
1830.4
1888.0
1894.4000000000003
1888.0
1913.6
1888.0
1920.0
1894.4000000000003
1958.3999999999999
1862.4000000000003
1862.4000000000003
2150.4
1900.8
1958.3999999999999
1849.6
1888.0
1971.2
2080.0
1907.1999999999998
1855.9999999999998
1875.1999999999998
1868.8
2035.2
1855.9999999999998
1875.1999999999998
1958.3999999999999
1875.1999999999998
1862.4000000000003
1849.6
1945.6
1849.6
1881.6
1843.2000000000003
1862.4000000000003
1990.4
2048.0
1855.9999999999998
1849.6
1888.0
1958.3999999999999
2124.8
1862.4000000000003
1900.8
1939.2
1894.4000000000003
2118.4
1836.8
1843.2000000000003
1971.2
1868.8
1920.0
1920.0
1952.0
1881.6
1836.8
1836.8
1836.8
1945.6
1913.6
1836.8
1843.2000000000003
1849.6
1868.8
2073.6
1855.9999999999998
1843.2000000000003
1862.4000000000003
1868.8
1855.9999999999998
1849.6
1913.6
1823.9999999999998
1830.4
1855.9999999999998
1888.0
1849.6
2016.0
1862.4000000000003
1849.6
1913.6
1862.4000000000003
1689.6000000000001
364.8
352.0
339.2
435.20000000000005
448.00000000000006
364.8
345.6
384.0
352.0
384.0
345.6
364.8
518.4
352.0
371.2
358.4
467.2
646.4
358.4
352.0
358.4
467.2
537.6
358.4
339.2
441.6
345.6
345.6
339.2
320.0
435.20000000000005
352.0
358.4
352.0
403.2
544.0
345.6
345.6
345.6
448.00000000000006
454.4
352.0
332.8
339.2
454.4
358.4
345.6
332.8
422.40000000000003
371.2
352.0
332.8
339.2
582.4
352.0
262.4
294.4
550.4
332.8
326.4
352.0
332.8
524.8
320.0
332.8
332.8
352.0
396.8
352.0
326.4
326.4
352.0
332.8
345.6
0.0
0.0
0.0
0.0
0.0
0.0
0.0
0.0
0.0
0.0
0.0
0.0
0.0
0.0
0.0
0.0
0.0
0.0
0.0
0.0
0.0
0.0
0.0
0.0
0.0
0.0
0.0
0.0
0.0
0.0
0.0
0.0
0.0
0.0
0.0
0.0
0.0
0.0
0.0
0.0
0.0
0.0
0.0
0.0
0.0
0.0
0.0
0.0
0.0
0.0
0.0
0.0
0.0
0.0
0.0
0.0
0.0
0.0
0.0
0.0
0.0
0.0
0.0
0.0
0.0
0.0
0.0
0.0
0.0
0.0
0.0
0.0
0.0
0.0
0.0
0.0
0.0
0.0
0.0
0.0
0.0
0.0
0.0
0.0
0.0
0.0
0.0
0.0
0.0
0.0
0.0
0.0
0.0
0.0
0.0
0.0
0.0
0.0
0.0
0.0
0.0
0.0
0.0
0.0
0.0
0.0
0.0
0.0
0.0
0.0
0.0
0.0
0.0
0.0
0.0
0.0
0.0
0.0
0.0
0.0
0.0
0.0
0.0
0.0
0.0
0.0
0.0
0.0
0.0
0.0
0.0
0.0
0.0
0.0
0.0
0.0
0.0
0.0
0.0
0.0
0.0
0.0
0.0
0.0
0.0
0.0
0.0
0.0
0.0
0.0
0.0
0.0
0.0
0.0
0.0
0.0
0.0
0.0
0.0
0.0
0.0
0.0
0.0
0.0
0.0
0.0
0.0
0.0
0.0
0.0
0.0
0.0
0.0
0.0
0.0
0.0
0.0
0.0
0.0
0.0
0.0
0.0
0.0
0.0
0.0
0.0
0.0
0.0
0.0
0.0
0.0
0.0
0.0
0.0
