12383.2
12443.2
12026.0
12385.8
12715.0
13241.0
12128.2
12717.8
12319.4
13350.8
12638.4
12843.6
12778.8
12186.8
12803.8
12354.2
12467.8
12784.8
12973.4
12301.0
13013.2
12550.2
13643.2
12975.6
12322.8
12947.6
13172.0
12483.4
12846.4
12821.2
13052.2
13280.4
12633.0
12523.0
13280.8
12357.2
13516.6
13183.0
13062.8
13424.8
13578.8
12500.8
12429.6
13680.2
12282.0
12979.0
12269.8
12147.0
13283.0
12220.6
12377.6
13548.8
12656.2
11930.0
12383.2
13081.6
13138.0
12333.2
12415.2
12926.8
12732.4
12984.6
13166.2
12389.6
12717.8
12788.4
12856.0
13268.4
13140.0
13003.8
11948.2
12733.6
12980.6
12851.6
12523.2
12971.4
12495.2
12450.4
13343.6
12861.8
13213.0
12864.2
11423.4
14504.6
12869.6
12547.8
12818.2
13304.4
12970.2
13186.0
12570.4
13370.0
12195.2
12544.2
13330.0
12375.0
12846.4
12577.2
12765.8
13137.4
12302.8
13052.4
13215.8
13742.8
12779.6
13214.4
13255.6
12690.4
12398.0
13280.6
12716.4
12146.4
12808.4
12771.2
13126.0
12934.8
12530.2
12827.6
12705.6
13159.6
12917.2
12313.0
12471.6
12787.0
13200.8
13338.4
12790.0
12603.2
12560.8
12894.2
12714.8
13654.2
13193.0
13024.0
12932.8
12967.6
13017.0
12731.6
12638.4
13002.6
12587.4
13062.4
12947.4
12210.0
12884.0
12558.0
12706.4
12530.6
12859.2
12716.4
12966.4
12052.2
13330.4
12081.0
12023.2
12692.2
12258.4
13282.8
13223.0
13205.4
12387.8
12299.8
13278.0
12734.8
12037.8
11346.6
10828.4
10962.8
10829.6
11153.6
11377.0
10606.0
10352.0
11056.0
11213.8
11220.6
11021.2
10738.8
11241.8
10372.4
10545.2
10696.6
11770.8
10842.8
10540.8
10501.6
10542.0
10639.0
10376.0
10305.2
10524.6
11072.0
10262.0
10330.2
10598.8
10656.2
10503.4
10153.8
10722.6
10312.6
10530.6
9978.4
11002.8
10221.2
10411.8
10383.0
10203.2
10979.2
10604.8
10730.0
10676.8
10653.8
10512.8
10090.4
10347.8
10243.0
10670.0
11087.6
4869.4
128.6
179.6
213.4
205.4
243.8
229.8
204.0
194.8
239.8
196.6
213.4
177.4
183.8
264.8
213.0
194.8
212.8
197.2
212.2
206.8
176.4
181.0
181.6
201.0
206.4
203.0
166.0
256.2
180.8
175.2
162.2
195.8
183.4
220.6
210.6
214.4
195.8
174.8
250.2
234.2
211.6
253.8
240.4
205.8
240.4
189.0
246.2
252.4
242.8
172.6
235.4
265.4
231.2
211.4
200.6
287.0
243.6
161.4
199.6
287.0
242.0
189.6
225.4
188.6
177.4
188.2
217.6
232.8
187.4
215.8
177.4
124.6
211.4
103.0
192.6
149.0
226.8
241.0
140.8
147.8
90.4
202.8
95.0
134.4
191.4
133.0
150.6
118.6
54.4
126.8
58.8
143.8
58.0
151.4
86.8
101.0
81.6
153.2
129.6
75.2
119.6
99.2
158.6
126.0
88.0
114.8
129.2
72.0
76.8
132.2
179.8
147.0
172.4
103.2
97.2
124.0
145.0
79.4
129.8
164.2
162.2
154.8
90.4
122.4
102.8
139.4
105.0
72.6
147.8
189.2
148.6
130.4
148.6
106.6
130.0
152.2
55.8
79.6
178.0
220.8
132.8
123.8
183.2
192.4
154.2
48.8
110.8
167.0
125.6
124.8
156.4
117.0
93.8
123.2
60.2
62.6
109.8
85.0
129.6
66.4
79.2
74.0
127.0
132.8
143.8
64.8
44.6
120.0
81.6
38.8
54.8
72.4
54.0
80.4
65.2
91.8
32.0
80.2
44.2
60.8
50.0
84.8
48.4
73.6
55.0
92.2
33.0
68.6
74.4
49.4
74.0
55.4
76.4
57.2
67.8
63.4
67.2
13.8
32.6
54.6
21.4
77.4
89.6
46.8
76.8
10.0
39.2
54.4
11.8
58.6
30.8
56.4
22.6
31.0
12.8
78.6
63.6
58.2
32.2
47.4
53.4
40.0
30.2
43.8
9.2
8.4
54.8
39.4
41.0
141.6
28.0
67.8
10.6
35.6
39.8
27.2
41.6
24.4
11.0
12.4
17.4
9.4
6.2
13.6
6.2
8.6
35.8
26.0
9.4
83.2
45.6
53.0
26.8
77.0
25.6
71.8
19.2
43.4
65.0
34.6
20.8
8.0
22.4
2.8
6.2
4.2
14.0
3.8
1.4
1.2
4.8
1.2
13.2
9.4
20.0
39.0
22.4
4.6
5.2
18.2
16.6
15.4
11.8
17.0
0.0
0.0
0.0
0.0
0.0
0.0
0.0
0.0
0.0
0.0
0.0
0.0
0.0
0.0
0.0
0.0
0.0
0.0
0.0
0.0
0.0
0.0
0.0
0.0
0.0
0.0
0.0
0.0
0.0
0.0
0.0
0.0
0.0
0.0
0.0
0.0
0.0
0.0
0.0
0.0
0.0
0.0
0.0
0.0
0.0
0.0
0.0
0.0
0.0
0.0
0.0
0.0
0.0
0.0
0.0
0.0
0.0
0.0
0.0
0.0
0.0
0.0
0.0
0.0
0.0
0.0
0.0
0.0
0.0
0.0
0.0
0.0
0.0
0.0
0.0
0.0
0.0
0.0
0.0
0.0
0.0
0.0
0.0
0.0
0.0
0.0
0.0
0.0
0.0
0.0
0.0
0.0
0.0
0.0
0.0
0.0
0.0
0.0
0.0
0.0
0.0
0.0
0.0
0.0
0.0
0.0
0.0
0.0
0.0
0.0
0.0
0.0
0.0
0.0
0.0
0.0
0.0
0.0
0.0
0.0
0.0
0.0
0.0
0.0
0.0
0.0
0.0
0.0
0.0
0.0
0.0
0.0
0.0
0.0
0.0
0.0
0.0
0.0
0.0
0.0
0.0
0.0
0.0
0.0
0.0
0.0
0.0
0.0
0.0
0.0
0.0
0.0
0.0
0.0
0.0
0.0
0.0
0.0
0.0
0.0
0.0
0.0
0.0
0.0
0.0
0.0
0.0
0.0
0.0
0.0
0.0
0.0
0.0
0.0
0.0
0.0
0.0
0.0
0.0
0.0
0.0
0.0
0.0
0.0
0.0
0.0
0.0
0.0
0.0
0.0
0.0
0.0
0.0
0.0
0.0
0.0
0.0
0.0
0.0
0.0
0.0
0.0
0.0
0.0
0.0
0.0
0.0
0.0
0.0
0.0
0.0
0.0
0.0
0.0
0.0
0.0
0.0
0.0
0.0
0.0
0.0
0.0
0.0
0.0
0.0
0.0
0.0
0.0
0.0
0.0
0.0
0.0
0.0
0.0
0.0
0.0
0.0
0.0
0.0
0.0
0.0
0.0
0.0
0.0
0.0
0.0
0.0
0.0
0.0
0.0
0.0
0.0
0.0
0.0
0.0
0.0
0.0
0.0
0.0
0.0
0.0
0.0
0.0
0.0
0.0
0.0
0.0
0.0
0.0
0.0
0.0
0.0
0.0
0.0
0.0
0.0
0.0
0.0
0.0
0.0
0.0
0.0
0.0
0.0
0.0
0.0
0.0
0.0
0.0
0.0
0.0
0.0
0.0
0.0
0.0
0.0
0.0
0.0
0.0
0.0
0.0
0.0
0.0
0.0
0.0
0.0
0.0
0.0
0.0
0.0
0.0
0.0
0.0
0.0
0.0
0.0
0.0
0.0
0.0
0.0
0.0
0.0
0.0
0.0
0.0
0.0
0.0
0.0
0.0
0.0
0.0
0.0
0.0
0.0
0.0
0.0
0.0
0.0
0.0
0.0
0.0
0.0
0.0
0.0
0.0
0.0
0.0
0.0
0.0
0.0
0.0
0.0
0.0
0.0
0.0
0.0
0.0
0.0
0.0
0.0
0.0
0.0
0.0
0.0
0.0
0.0
0.0
0.0
0.0
0.0
0.0
0.0
0.0
0.0
0.0
0.0
0.0
0.0
0.0
0.0
0.0
0.0
0.0
0.0
0.0
0.0
0.0
0.0
0.0
0.0
0.0
0.0
0.0
0.0
0.0
0.0
0.0
0.0
0.0
0.0
0.0
0.0
0.0
0.0
0.0
0.0
0.0
0.0
0.0
0.0
0.0
0.0
0.0
0.0
0.0
0.0
0.0
0.0
0.0
0.0
0.0
0.0
0.0
0.0
0.0
0.0
0.0
0.0
0.0
0.0
0.0
0.0
0.0
0.0
0.0
0.0
0.0
0.0
0.0
0.0
0.0
0.0
0.0
0.0
0.0
0.0
0.0
0.0
0.0
0.0
0.0
0.0
0.0
0.0
0.0
0.0
0.0
0.0
0.0
0.0
0.0
0.0
0.0
0.0
0.0
0.0
0.0
0.0
0.0
0.0
0.0
0.0
0.0
0.0
0.0
0.0
0.0
0.0
0.0
0.0
0.0
0.0
0.0
0.0
0.0
0.0
0.0
0.0
0.0
0.0
0.0
0.0
0.0
0.0
0.0
0.0
0.0
