21423.4
21266.0
20724.8
21215.0
21801.2
22773.4
21056.2
22028.6
21378.0
22528.2
21619.6
22085.4
21969.4
21448.2
21436.6
21518.2
21352.6
22572.8
21595.6
21651.0
22055.8
21369.8
23517.4
22227.6
21402.6
21765.4
22824.4
21553.0
21852.0
22039.6
22490.6
22730.0
21612.8
22143.2
22316.4
21371.4
23277.2
22598.8
22465.0
23702.8
22723.6
21442.0
21350.8
23919.4
20766.2
22006.8
21203.8
21265.2
22624.4
20316.4
21852.6
23310.6
21645.2
20293.6
21387.8
22397.4
22821.6
21451.4
20835.4
22403.4
22185.6
22190.4
21055.4
22664.4
21997.8
21652.0
22253.2
22705.4
22734.2
21830.4
20600.2
22517.4
22037.2
22199.2
21914.0
21857.4
21178.8
22658.6
22001.4
22069.8
22807.6
22146.0
21961.8
22479.8
22018.8
21839.8
22524.8
22092.6
22587.0
22236.2
22169.6
22192.8
20912.8
21986.0
22314.4
21751.4
21614.0
22342.6
21628.4
15847.8
23660.6
19617.4
17000.4
15889.4
13812.2
13378.8
12930.4
12167.2
11455.8
12780.4
11179.0
12257.0
14552.4
14490.4
12574.4
14333.2
14141.0
12124.8
11955.2
11409.8
11933.0
11771.4
12036.4
9771.0
13515.0
35724.0
26797.0
9730.6
11003.6
10110.4
10165.8
16622.2
11627.4
10256.2
9878.0
9141.2
9887.0
10057.0
19447.8
29373.2
9715.0
20131.4
39563.4
9052.2
21601.2
9083.6
13510.2
9277.8
7342.8
55388.6
8948.2
50093.0
9718.0
12212.8
13096.8
8481.2
9678.4
15629.8
10897.8
9407.0
9488.8
8855.2
9114.6
9400.4
47597.2
13452.8
9110.4
8944.0
9186.2
12138.4
9284.8
14553.8
9611.2
9676.0
9741.0
9796.8
9420.0
10170.4
9793.2
9521.6
25416.2
9843.4
10416.6
9737.2
10764.0
10093.2
10392.2
10461.4
10229.0
10481.8
10688.8
10434.8
10651.8
10336.2
11228.2
10812.8
10820.8
10724.2
4582.4
4850.2
7501.0
5521.0
9617.0
10477.4
8213.0
6958.0
5836.0
5569.6
6398.6
5297.6
6941.0
5220.6
5866.2
7277.2
5467.6
4526.0
4322.6
17256.6
5202.2
4084.0
3870.2
4242.2
4243.4
4210.6
4163.6
4195.4
4276.4
4115.4
3605.0
4009.8
4075.2
3701.8
4109.4
3784.2
3858.0
3613.0
3934.8
3568.0
3032.8
3325.8
3244.8
2981.6
3319.4
3158.6
3036.8
3624.4
2934.6
4415.2
2781.2
3526.8
3832.8
3343.8
2640.2
3235.2
2673.8
3194.4
3496.6
3078.2
3051.0
3772.2
3961.0
2608.0
3466.0
2945.0
3195.6
2722.8
1829.2
2443.0
2077.8
2566.2
1803.4
2313.2
1941.8
2118.0
1496.6
1393.8
2735.2
3053.6
2165.6
1819.8
2142.8
1508.4
2269.2
1577.6
1971.2
1457.4
1830.6
1292.0
980.2
1517.0
1227.0
1064.2
1015.0
1094.8
950.4
996.4
1212.0
1268.6
1014.6
1116.2
1539.0
934.8
1061.6
813.6
1135.4
957.6
795.4
948.2
1225.0
1520.6
1181.4
951.8
1004.2
768.0
929.6
771.0
1396.2
792.4
681.0
1034.6
912.0
567.8
473.2
666.2
1030.6
945.4
630.8
1110.2
683.6
768.6
420.6
739.8
412.6
520.2
367.4
790.2
528.0
494.8
532.8
491.0
486.0
181.4
664.6
220.6
670.6
358.2
530.2
220.8
315.0
409.6
482.6
494.2
812.8
131.8
435.0
603.0
184.8
181.8
423.6
302.6
457.6
390.0
566.0
590.0
335.0
841.6
363.4
447.0
254.6
109.4
474.6
395.4
261.2
239.2
435.2
250.0
323.8
125.8
234.4
374.0
286.2
272.0
84.6
192.2
93.2
289.0
461.2
90.0
123.0
30.0
82.6
103.2
410.2
278.0
175.6
65.4
148.6
105.0
189.0
161.8
174.4
11.4
79.2
256.4
79.8
16.8
78.8
115.8
263.8
80.6
10.0
10.2
190.6
64.2
2.6
1.0
41.0
42.8
73.0
12.6
3.4
13.8
74.4
75.4
70.6
1.4
2.2
65.2
120.4
87.4
68.6
7.8
2.6
2.0
8.6
254.0
148.0
5.0
78.6
53.2
3.2
117.2
115.4
0.2
9.0
7.8
74.0
184.8
31.0
0.2
34.2
98.0
45.2
44.4
6.6
4.8
0.0
0.0
0.0
0.0
0.0
0.0
0.0
0.0
0.0
0.0
0.0
0.0
0.0
0.0
0.0
0.0
0.0
0.0
0.0
0.0
0.0
0.0
0.0
0.0
0.0
0.0
0.0
0.0
0.0
0.0
0.0
0.0
0.0
0.0
0.0
0.0
0.0
0.0
0.0
0.0
0.0
0.0
0.0
0.0
0.0
0.0
0.0
0.0
0.0
0.0
0.0
0.0
0.0
0.0
0.0
0.0
0.0
0.0
0.0
0.0
0.0
0.0
0.0
0.0
0.0
0.0
0.0
0.0
0.0
0.0
0.0
0.0
0.0
0.0
0.0
0.0
0.0
0.0
0.0
0.0
0.0
0.0
0.0
0.0
0.0
0.0
0.0
0.0
0.0
0.0
0.0
0.0
0.0
0.0
0.0
0.0
0.0
0.0
0.0
0.0
0.0
0.0
0.0
0.0
0.0
0.0
0.0
0.0
0.0
0.0
0.0
0.0
0.0
0.0
0.0
0.0
0.0
0.0
0.0
0.0
0.0
0.0
0.0
0.0
0.0
0.0
0.0
0.0
0.0
0.0
0.0
0.0
0.0
0.0
0.0
0.0
0.0
0.0
0.0
0.0
0.0
0.0
0.0
0.0
0.0
0.0
0.0
0.0
0.0
0.0
0.0
0.0
0.0
0.0
0.0
0.0
0.0
0.0
0.0
0.0
0.0
0.0
0.0
0.0
0.0
0.0
0.0
0.0
0.0
0.0
0.0
0.0
0.0
0.0
0.0
0.0
0.0
0.0
0.0
0.0
0.0
0.0
0.0
0.0
0.0
0.0
0.0
0.0
0.0
0.0
0.0
0.0
0.0
0.0
0.0
0.0
0.0
0.0
0.0
0.0
0.0
0.0
0.0
0.0
0.0
0.0
0.0
0.0
0.0
0.0
0.0
0.0
0.0
0.0
0.0
0.0
0.0
0.0
0.0
0.0
0.0
0.0
0.0
0.0
0.0
0.0
0.0
0.0
0.0
0.0
0.0
0.0
0.0
0.0
0.0
0.0
0.0
0.0
0.0
0.0
0.0
0.0
0.0
0.0
0.0
0.0
0.0
0.0
0.0
0.0
0.0
0.0
0.0
0.0
0.0
0.0
0.0
0.0
0.0
0.0
0.0
0.0
0.0
0.0
0.0
0.0
0.0
0.0
0.0
0.0
0.0
0.0
0.0
0.0
0.0
0.0
0.0
0.0
0.0
0.0
0.0
0.0
0.0
0.0
0.0
0.0
0.0
0.0
0.0
0.0
0.0
0.0
0.0
0.0
0.0
0.0
0.0
0.0
0.0
0.0
0.0
0.0
0.0
0.0
0.0
0.0
0.0
0.0
0.0
0.0
0.0
0.0
0.0
0.0
0.0
0.0
0.0
0.0
0.0
0.0
0.0
0.0
0.0
0.0
0.0
0.0
0.0
0.0
0.0
0.0
0.0
0.0
0.0
0.0
0.0
0.0
0.0
0.0
0.0
0.0
0.0
0.0
0.0
0.0
0.0
0.0
0.0
0.0
0.0
0.0
0.0
0.0
0.0
0.0
0.0
0.0
0.0
0.0
0.0
0.0
0.0
0.0
0.0
0.0
0.0
0.0
0.0
0.0
0.0
0.0
0.0
0.0
0.0
0.0
0.0
0.0
0.0
0.0
0.0
0.0
0.0
0.0
0.0
0.0
0.0
0.0
0.0
0.0
0.0
0.0
0.0
0.0
0.0
0.0
0.0
0.0
0.0
0.0
0.0
0.0
0.0
0.0
0.0
0.0
0.0
0.0
0.0
0.0
0.0
0.0
0.0
0.0
0.0
0.0
0.0
0.0
0.0
0.0
0.0
0.0
0.0
0.0
0.0
0.0
0.0
0.0
0.0
0.0
0.0
0.0
0.0
0.0
0.0
0.0
0.0
0.0
0.0
0.0
0.0
0.0
0.0
0.0
0.0
0.0
0.0
0.0
0.0
0.0
0.0
0.0
0.0
0.0
0.0
0.0
0.0
0.0
0.0
0.0
0.0
0.0
0.0
0.0
0.0
0.0
0.0
0.0
0.0
0.0
0.0
0.0
0.0
0.0
0.0
0.0
0.0
0.0
0.0
0.0
0.0
0.0
0.0
0.0
0.0
0.0
0.0
0.0
0.0
0.0
0.0
0.0
0.0
0.0
0.0
0.0
0.0
0.0
0.0
0.0
0.0
0.0
0.0
0.0
0.0
0.0
0.0
0.0
0.0
0.0
0.0
0.0
0.0
0.0
0.0
0.0
0.0
0.0
0.0
0.0
0.0
0.0
0.0
0.0
0.0
0.0
0.0
0.0
0.0
0.0
0.0
0.0
0.0
0.0
0.0
0.0
0.0
0.0
0.0
0.0
0.0
0.0
0.0
0.0
0.0
0.0
