20554.8
20341.6
19849.0
20289.2
20886.4
21914.6
20086.4
21133.0
20513.2
21519.2
20720.4
21155.6
21193.0
20409.6
20591.2
20453.2
20606.6
21613.8
20709.6
20760.8
21070.8
20532.4
22525.0
21326.2
20496.8
21300.2
21425.0
20636.8
20991.4
21222.8
21436.4
21785.8
20706.8
21192.0
21413.6
20406.6
22415.4
21547.8
21536.0
22720.2
21788.4
20588.0
20458.4
22966.0
19850.2
21075.2
20316.4
20400.2
21683.8
19921.0
21219.8
20933.0
21369.0
19395.6
20520.0
21480.8
21958.8
20434.2
19929.0
21461.4
21272.0
21311.8
21479.2
20427.4
17563.0
24145.2
21315.6
21388.0
22161.6
21006.2
19733.4
21624.2
21100.4
21226.0
20973.4
21002.4
20329.8
21620.8
21121.0
21174.0
21816.2
21216.6
21225.6
21461.0
21055.2
20902.0
21600.4
21359.4
21365.8
21487.2
21137.8
21324.4
20085.6
21071.8
21394.0
20846.0
20725.6
21353.4
20779.6
21201.2
20852.8
21469.4
22009.8
15512.4
26617.8
19911.2
19303.0
19162.4
18350.2
17420.6
18280.0
17397.8
18136.4
18918.6
17965.8
17968.0
18695.0
18255.0
18195.0
18510.0
17432.6
16051.8
20170.8
18780.4
19500.4
18383.4
17805.2
17623.2
17843.0
16423.8
57495.0
17600.6
17128.4
17739.6
19794.4
16533.0
18600.6
17088.6
17070.4
17014.0
16898.2
17620.6
16842.4
19220.6
16826.2
17323.0
16644.2
16778.2
16610.0
17567.4
16155.0
16522.6
17646.2
15618.4
16442.8
16530.8
45793.6
16975.0
18028.2
16854.0
90367.4
16360.0
16859.4
17482.6
16594.4
16544.8
16950.0
16608.4
17382.2
17340.4
16925.8
16130.0
37963.8
17428.0
17375.2
17314.4
16635.4
75622.4
17168.2
16988.0
17505.0
17187.0
18062.6
17089.8
17343.2
16996.6
17072.2
17674.6
17078.4
17314.4
17297.8
17200.4
16956.4
16768.0
17669.2
17324.0
17326.8
17031.4
17417.2
17121.8
16633.2
17508.4
17530.2
16380.8
17263.6
17273.4
13938.6
13326.4
17988.6
14330.2
11701.6
4769.4
11986.2
5154.0
4408.0
4590.2
6529.2
7059.8
4941.8
5128.4
6621.4
8514.8
9661.8
7297.8
5844.2
6246.0
6619.6
4835.2
4407.4
3719.2
4106.6
4721.4
4697.8
4028.6
3770.0
2971.6
3839.8
2075.8
1242.8
903.2
535.2
485.0
454.4
518.8
479.6
433.8
506.8
390.2
360.0
274.6
448.0
529.0
385.4
430.8
428.2
376.4
320.0
486.4
445.0
363.8
446.2
543.4
396.2
586.4
777.8
502.8
634.0
520.4
522.8
496.0
382.0
812.0
357.2
729.2
331.0
635.2
621.6
509.0
547.6
549.6
762.2
481.8
566.4
522.8
284.0
588.4
475.2
314.4
649.2
481.4
489.0
477.4
285.6
299.6
220.8
487.2
504.2
386.4
225.0
269.4
552.8
171.0
346.0
470.0
326.6
189.6
363.6
247.2
207.2
302.0
326.6
514.8
638.4
483.2
419.2
517.0
460.6
526.4
359.0
363.4
484.6
401.4
692.6
170.4
427.0
282.4
461.2
435.0
339.2
280.6
376.8
455.4
474.0
238.8
181.8
141.8
233.0
249.8
234.0
274.6
305.2
153.2
245.4
192.8
89.6
252.4
244.8
281.4
253.8
69.6
282.4
216.2
196.2
149.2
27.0
86.4
163.2
80.6
49.0
140.8
55.8
55.6
127.0
245.6
221.4
78.4
172.0
85.2
22.4
64.4
88.4
117.8
181.4
78.0
59.0
20.2
83.0
18.4
77.0
54.0
8.0
119.8
60.2
7.0
0.4
0.0
8.2
7.6
50.8
71.2
124.6
119.6
193.2
139.6
2.6
4.8
206.4
255.8
250.6
52.2
205.6
102.0
15.8
146.8
13.6
224.8
58.6
106.0
17.4
17.8
0.6
1.8
4.6
102.4
129.2
14.4
0.0
0.0
0.0
174.8
4.2
0.0
0.0
0.0
13.0
0.0
0.0
0.0
0.0
62.6
0.0
0.0
0.0
0.0
0.0
0.0
0.0
0.0
0.0
0.0
0.0
0.0
0.0
0.0
0.0
0.0
0.0
0.0
0.0
0.0
0.0
0.0
0.0
0.0
0.0
0.0
0.0
0.0
0.0
0.0
0.0
0.0
0.0
0.0
0.0
0.0
0.0
0.0
0.0
0.0
0.0
0.0
0.0
0.0
0.0
0.0
0.0
0.0
0.0
0.0
0.0
0.0
0.0
0.0
0.0
0.0
0.0
0.0
0.0
0.0
0.0
0.0
0.0
0.0
0.0
0.0
0.0
0.0
0.0
0.0
0.0
0.0
0.0
0.0
0.0
0.0
0.0
0.0
0.0
0.0
0.0
0.0
0.0
0.0
0.0
0.0
0.0
0.0
0.0
0.0
0.0
0.0
0.0
0.0
0.0
0.0
0.0
0.0
0.0
0.0
0.0
0.0
0.0
0.0
0.0
0.0
0.0
0.0
0.0
0.0
0.0
0.0
0.0
0.0
0.0
0.0
0.0
0.0
0.0
0.0
0.0
0.0
0.0
0.0
0.0
0.0
0.0
0.0
0.0
0.0
0.0
0.0
0.0
0.0
0.0
0.0
0.0
0.0
0.0
0.0
0.0
0.0
0.0
0.0
0.0
0.0
0.0
0.0
0.0
0.0
0.0
0.0
0.0
0.0
0.0
0.0
0.0
0.0
0.0
0.0
0.0
0.0
0.0
0.0
0.0
0.0
0.0
0.0
0.0
0.0
0.0
0.0
0.0
0.0
0.0
0.0
0.0
0.0
0.0
0.0
0.0
0.0
0.0
0.0
0.0
0.0
0.0
0.0
0.0
0.0
0.0
0.0
0.0
0.0
0.0
0.0
0.0
0.0
0.0
0.0
0.0
0.0
0.0
0.0
0.0
0.0
0.0
0.0
0.0
0.0
0.0
0.0
0.0
0.0
0.0
0.0
0.0
0.0
0.0
0.0
0.0
0.0
0.0
0.0
0.0
0.0
0.0
0.0
0.0
0.0
0.0
0.0
0.0
0.0
0.0
0.0
0.0
0.0
0.0
0.0
0.0
0.0
0.0
0.0
0.0
0.0
0.0
0.0
0.0
0.0
0.0
0.0
0.0
0.0
0.0
0.0
0.0
0.0
0.0
0.0
0.0
0.0
0.0
0.0
0.0
0.0
0.0
0.0
0.0
0.0
0.0
0.0
0.0
0.0
0.0
0.0
0.0
0.0
0.0
0.0
0.0
0.0
0.0
0.0
0.0
0.0
0.0
0.0
0.0
0.0
0.0
0.0
0.0
0.0
0.0
0.0
0.0
0.0
0.0
0.0
0.0
0.0
0.0
0.0
0.0
0.0
0.0
0.0
0.0
0.0
0.0
0.0
0.0
0.0
0.0
0.0
0.0
0.0
0.0
0.0
0.0
0.0
0.0
0.0
0.0
0.0
0.0
0.0
0.0
0.0
0.0
0.0
0.0
0.0
0.0
0.0
0.0
0.0
0.0
0.0
0.0
0.0
0.0
0.0
0.0
0.0
0.0
0.0
0.0
0.0
0.0
0.0
0.0
0.0
0.0
0.0
0.0
0.0
0.0
0.0
0.0
0.0
0.0
0.0
0.0
0.0
0.0
0.0
0.0
0.0
0.0
0.0
0.0
0.0
0.0
0.0
0.0
0.0
0.0
0.0
0.0
0.0
0.0
0.0
0.0
0.0
0.0
0.0
0.0
0.0
0.0
0.0
0.0
0.0
0.0
0.0
0.0
0.0
0.0
0.0
0.0
0.0
0.0
0.0
0.0
0.0
0.0
0.0
0.0
0.0
0.0
0.0
0.0
0.0
0.0
0.0
0.0
0.0
0.0
0.0
0.0
0.0
0.0
0.0
0.0
0.0
0.0
0.0
0.0
0.0
0.0
0.0
0.0
0.0
0.0
0.0
0.0
0.0
0.0
0.0
0.0
0.0
0.0
0.0
0.0
0.0
0.0
0.0
0.0
0.0
0.0
0.0
0.0
0.0
0.0
0.0
0.0
0.0
0.0
0.0
0.0
0.0
0.0
0.0
0.0
0.0
0.0
0.0
0.0
0.0
0.0
0.0
0.0
0.0
0.0
0.0
0.0
0.0
0.0
0.0
0.0
0.0
0.0
0.0
0.0
0.0
0.0
0.0
0.0
0.0
0.0
0.0
0.0
0.0
0.0
0.0
0.0
0.0
0.0
0.0
0.0
0.0
0.0
0.0
0.0
0.0
0.0
0.0
0.0
0.0
0.0
0.0
0.0
0.0
0.0
0.0
0.0
0.0
0.0
0.0
0.0
0.0
0.0
0.0
0.0
0.0
0.0
0.0
0.0
0.0
0.0
0.0
0.0
0.0
0.0
0.0
0.0
0.0
0.0
0.0
0.0
0.0
0.0
0.0
0.0
0.0
0.0
0.0
0.0
0.0
0.0
0.0
0.0
0.0
0.0
0.0
0.0
0.0
0.0
0.0
0.0
0.0
0.0
0.0
0.0
0.0
0.0
0.0
0.0
0.0
