21472.2
21213.0
20709.2
21126.4
21873.0
22814.6
21029.0
22022.2
21432.6
22461.2
21635.6
22082.2
21941.8
21580.6
21396.2
21450.0
21386.6
22502.8
21643.6
21649.2
22029.0
21366.8
23552.6
22273.8
21423.2
22328.2
22262.6
21538.0
21906.8
22073.8
22445.6
22782.4
21584.0
22154.6
22314.4
21349.4
23400.8
22452.6
22512.2
23757.8
22650.2
21461.8
21364.2
23892.8
20798.0
21981.6
21229.4
21180.2
22674.4
20710.4
22237.2
22568.8
21476.4
20501.8
21314.0
22477.0
22885.6
21210.6
20926.2
22431.4
22194.8
22176.2
19426.8
24383.0
21610.0
21737.8
22359.6
22674.0
22760.8
21846.4
20597.2
22628.8
22020.8
22130.0
21905.6
21809.0
21227.0
22576.0
21940.2
22037.6
22986.6
22125.2
22100.2
22366.6
22015.4
21746.8
22669.8
22280.6
21676.4
22955.8
22147.6
22231.6
20974.8
21991.6
22293.8
21803.2
21639.4
22298.8
21668.4
16968.2
24140.2
17956.0
16752.8
18371.0
16815.8
15088.2
15929.8
16212.2
15139.8
15508.4
15179.2
15510.4
15787.8
14928.6
17044.4
16878.2
15767.4
16599.8
31137.4
14222.0
18589.2
16968.4
15715.4
13655.8
17162.4
16688.4
14908.4
16153.0
23744.4
13688.8
16648.0
14932.6
14426.0
15119.6
15322.4
13350.6
15612.8
14282.2
13949.6
15712.0
14578.0
14625.2
15383.4
13623.0
14321.8
14298.4
13834.2
14424.2
14181.6
14362.2
13238.6
13679.6
14919.6
12631.2
13353.4
13965.4
13929.0
13648.4
14925.4
14185.4
14051.6
13339.6
24557.6
14116.6
13692.4
13491.4
13501.6
13683.0
14080.4
14287.8
13933.2
13285.8
14528.4
14389.8
13962.8
14189.8
13434.0
14512.6
13974.4
13455.4
13918.2
13647.4
14474.8
13505.8
13646.6
13279.4
13504.8
13881.2
13262.0
13391.6
13556.4
13363.8
13246.2
12968.2
13700.8
13466.0
13542.0
13312.8
6703.6
9177.0
11643.6
13505.4
7850.6
9668.4
8828.2
7338.8
9608.8
8538.8
8640.0
9160.8
7982.2
7349.6
8348.0
8328.0
8532.8
8064.8
7545.8
5841.6
39460.2
4024.6
1584.0
1553.4
1643.6
1459.2
1590.8
1389.4
2155.2
1868.0
1622.0
1304.2
1884.8
1602.2
1721.0
1609.0
1198.0
2266.8
1648.8
1363.8
1292.6
1161.8
990.2
1254.6
1008.6
973.0
886.4
1024.6
1209.0
1035.8
1029.6
866.4
890.4
822.6
850.6
853.4
838.6
764.0
783.0
471.0
880.4
665.6
458.8
719.8
373.8
282.2
279.8
299.4
322.6
425.4
664.0
633.8
628.0
683.0
2202.8
3731.8
3978.4
1959.4
1362.6
1023.4
331.2
362.2
244.6
172.8
194.2
70.0
102.0
2.6
0.0
5.8
52.8
55.2
53.8
66.0
57.6
55.0
194.8
153.4
275.8
372.6
494.8
852.0
983.6
808.2
1309.6
1243.6
978.4
2279.6
1503.4
1208.6
1410.2
650.6
484.0
250.8
127.2
104.4
75.8
72.4
58.4
64.4
42.8
35.6
33.2
16.8
18.6
17.4
10.0
2.2
0.0
0.0
0.0
0.0
0.0
0.0
0.0
0.0
0.0
0.0
0.0
0.0
0.0
0.0
0.0
0.0
0.0
0.0
0.0
0.0
0.0
0.0
0.0
0.0
0.0
0.0
0.0
0.0
0.0
0.0
0.0
0.0
0.0
0.0
0.0
0.0
0.0
0.0
0.0
0.0
0.0
0.0
0.0
0.0
0.0
0.0
0.0
0.0
0.0
0.0
0.0
0.0
0.0
0.0
0.0
0.0
0.0
0.0
0.0
0.0
0.0
0.0
0.0
0.0
0.0
0.0
0.0
0.0
0.0
0.0
0.0
0.0
0.0
0.0
0.0
0.0
0.0
0.0
0.0
0.0
0.0
0.0
0.0
0.0
0.0
0.0
0.0
0.0
0.0
0.0
0.0
0.0
0.0
0.0
0.0
0.0
0.0
0.0
0.0
0.0
0.0
0.0
0.0
0.0
0.0
0.0
0.0
0.0
0.0
0.0
0.0
0.0
0.0
0.0
0.0
0.0
0.0
0.0
0.0
0.0
0.0
0.0
0.0
0.0
0.0
0.0
0.0
0.0
0.0
0.0
0.0
0.0
0.0
0.0
0.0
0.0
0.0
0.0
0.0
0.0
0.0
0.0
0.0
0.0
0.0
0.0
0.0
0.0
0.0
0.0
0.0
0.0
0.0
0.0
0.0
0.0
0.0
0.0
0.0
0.0
0.0
0.0
0.0
0.0
0.0
0.0
0.0
0.0
0.0
0.0
0.0
0.0
0.0
0.0
0.0
0.0
0.0
0.0
0.0
0.0
0.0
0.0
0.0
0.0
0.0
0.0
0.0
0.0
0.0
0.0
0.0
0.0
0.0
0.0
0.0
0.0
0.0
0.0
0.0
0.0
0.0
0.0
0.0
0.0
0.0
0.0
0.0
0.0
0.0
0.0
0.0
0.0
0.0
0.0
0.0
0.0
0.0
0.0
0.0
0.0
0.0
0.0
0.0
0.0
0.0
0.0
0.0
0.0
0.0
0.0
0.0
0.0
0.0
0.0
0.0
0.0
0.0
0.0
0.0
0.0
0.0
0.0
0.0
0.0
0.0
0.0
0.0
0.0
0.0
0.0
0.0
0.0
0.0
0.0
0.0
0.0
0.0
0.0
0.0
0.0
0.0
0.0
0.0
0.0
0.0
0.0
0.0
0.0
0.0
0.0
0.0
0.0
0.0
0.0
0.0
0.0
0.0
0.0
0.0
0.0
0.0
0.0
0.0
0.0
0.0
0.0
0.0
0.0
0.0
0.0
0.0
0.0
0.0
0.0
0.0
0.0
0.0
0.0
0.0
0.0
0.0
0.0
0.0
0.0
0.0
0.0
0.0
0.0
0.0
0.0
0.0
0.0
0.0
0.0
0.0
0.0
0.0
0.0
0.0
0.0
0.0
0.0
0.0
0.0
0.0
0.0
0.0
0.0
0.0
0.0
0.0
0.0
0.0
0.0
0.0
0.0
0.0
0.0
0.0
0.0
0.0
0.0
0.0
0.0
0.0
0.0
0.0
0.0
0.0
0.0
0.0
0.0
0.0
0.0
0.0
0.0
0.0
0.0
0.0
0.0
0.0
0.0
0.0
0.0
0.0
0.0
0.0
0.0
0.0
0.0
0.0
0.0
0.0
0.0
0.0
0.0
0.0
0.0
0.0
0.0
0.0
0.0
0.0
0.0
0.0
0.0
0.0
0.0
0.0
0.0
0.0
0.0
0.0
0.0
0.0
0.0
0.0
0.0
0.0
0.0
0.0
0.0
0.0
0.0
0.0
0.0
0.0
0.0
0.0
0.0
0.0
0.0
0.0
0.0
0.0
0.0
0.0
0.0
0.0
0.0
0.0
0.0
0.0
0.0
0.0
0.0
0.0
0.0
0.0
0.0
0.0
0.0
0.0
0.0
0.0
0.0
0.0
0.0
0.0
0.0
0.0
0.0
0.0
0.0
0.0
0.0
0.0
0.0
0.0
0.0
0.0
0.0
0.0
0.0
0.0
0.0
0.0
0.0
0.0
0.0
0.0
0.0
0.0
0.0
0.0
0.0
0.0
0.0
0.0
0.0
0.0
0.0
0.0
0.0
0.0
0.0
0.0
0.0
0.0
0.0
0.0
0.0
0.0
0.0
0.0
0.0
0.0
0.0
0.0
0.0
0.0
0.0
0.0
0.0
0.0
0.0
0.0
0.0
0.0
0.0
0.0
0.0
0.0
0.0
0.0
0.0
0.0
0.0
0.0
0.0
0.0
0.0
0.0
0.0
0.0
0.0
0.0
0.0
0.0
0.0
0.0
0.0
0.0
0.0
0.0
0.0
0.0
0.0
0.0
0.0
0.0
0.0
0.0
0.0
0.0
0.0
0.0
0.0
0.0
0.0
0.0
0.0
0.0
0.0
0.0
0.0
0.0
0.0
0.0
0.0
0.0
0.0
0.0
0.0
0.0
0.0
0.0
0.0
0.0
0.0
0.0
0.0
0.0
0.0
0.0
0.0
0.0
0.0
0.0
0.0
0.0
0.0
0.0
0.0
0.0
0.0
0.0
0.0
0.0
0.0
0.0
0.0
0.0
0.0
0.0
0.0
0.0
0.0
0.0
0.0
0.0
0.0
0.0
0.0
0.0
0.0
0.0
0.0
0.0
0.0
0.0
0.0
0.0
0.0
0.0
0.0
0.0
0.0
0.0
0.0
0.0
0.0
0.0
0.0
0.0
0.0
0.0
0.0
0.0
0.0
0.0
0.0
0.0
0.0
0.0
0.0
0.0
0.0
0.0
0.0
0.0
0.0
0.0
0.0
0.0
0.0
0.0
0.0
0.0
0.0
0.0
0.0
0.0
0.0
0.0
0.0
0.0
0.0
0.0
0.0
0.0
0.0
0.0
0.0
0.0
0.0
0.0
0.0
0.0
0.0
0.0
0.0
0.0
0.0
0.0
0.0
0.0
0.0
0.0
0.0
0.0
0.0
0.0
0.0
