99.0
23369.2
35410.0
36988.0
37440.8
35965.2
37249.2
37245.2
36727.4
34894.4
36326.4
36653.8
36917.6
36871.6
37800.6
37405.0
37557.8
36368.0
38213.2
37197.8
36559.8
35909.0
37011.4
36780.8
37707.2
37842.6
37755.2
36844.4
38045.4
37109.2
36459.8
35206.6
34293.8
35654.0
37201.8
37589.8
37285.8
37054.8
37366.8
36758.0
36357.4
36502.4
36620.8
36957.0
36993.6
37399.6
37125.8
37307.4
36985.0
37805.6
37098.4
37425.2
37121.6
37173.6
36505.4
37327.8
35571.4
36078.6
37034.0
37611.2
37662.0
36330.4
35521.8
36490.4
36455.0
37441.2
35894.4
37407.2
37307.8
37632.2
37717.4
37005.2
37006.8
37512.4
37150.2
37307.2
34008.4
34965.4
35235.8
36443.0
36588.0
37351.0
37109.8
36840.2
36945.4
37584.2
37960.4
37808.6
38165.8
37077.0
37023.8
38147.6
38131.2
37341.2
37551.2
37599.8
36760.0
37283.8
37539.4
36866.4
38336.2
36969.8
37708.8
37686.8
37876.4
36972.6
37223.2
37436.0
37251.6
36924.8
37417.8
36970.8
36275.6
36399.8
37969.2
37602.6
37317.4
37044.2
37166.6
37011.8
36482.0
34146.2
28882.6
31664.8
35023.0
35882.6
36540.2
36442.0
36397.4
36783.6
37065.4
37083.6
36501.0
37459.8
37220.0
37651.6
37546.8
37053.6
37288.2
37487.8
37111.6
37883.0
36812.8
35721.8
37310.0
37822.0
37561.6
37700.2
36821.4
37521.4
36759.4
37199.2
34224.0
33208.6
33793.0
33600.6
35052.0
36002.6
36410.4
36329.8
35492.4
36725.0
36213.4
36536.6
36126.2
36259.8
36053.4
36593.4
37623.2
36367.6
36758.6
36439.0
36769.2
36037.6
36973.0
36569.0
37408.6
37562.8
37500.2
37457.6
37496.8
37475.2
36908.0
37291.0
37967.2
36856.4
36996.4
37139.6
35301.2
35941.6
37028.4
36444.8
37655.2
37080.6
37771.0
37289.4
38017.4
36945.0
37216.2
37559.0
37507.4
37665.6
37439.4
36933.6
37281.4
36832.8
36272.8
36328.2
36236.6
36349.0
37144.2
38162.0
37473.0
37263.6
37170.4
37283.0
37529.4
37013.2
37242.2
37194.0
37746.0
37505.4
37401.4
36877.4
37254.8
37510.2
37377.6
37259.6
37424.0
37712.8
36965.4
37752.0
37801.8
37624.0
36813.2
37411.6
37315.4
37500.8
37476.2
37080.2
37695.0
37488.8
35962.6
33464.8
29547.8
30844.4
32806.0
34551.0
34819.2
36624.6
36281.0
36196.4
35429.6
35196.0
35008.8
35721.8
34796.8
34545.2
32765.2
32047.4
31718.4
32018.8
31879.4
32068.8
29929.6
27975.4
25358.6
24514.8
22722.6
20593.2
17657.4
13006.6
7978.0
6077.6
5661.0
4206.2
3126.4
1869.0
1112.2
612.6
534.2
404.4
256.2
0.0
0.0
0.0
0.0
0.0
0.0
0.0
0.0
0.0
0.0
0.0
0.0
0.0
0.0
0.0
0.0
0.0
0.0
0.0
0.0
0.0
0.0
0.0
0.0
0.0
0.0
0.0
0.0
0.0
0.0
0.0
0.0
0.0
0.0
0.0
0.0
0.0
0.0
0.0
0.0
0.0
0.0
0.0
0.0
0.0
0.0
0.0
0.0
0.0
0.0
0.0
0.0
0.0
0.0
0.0
0.0
0.0
0.0
0.0
0.0
0.0
0.0
0.0
0.0
0.0
0.0
0.0
0.0
0.0
0.0
0.0
0.0
0.0
0.0
0.0
0.0
0.0
0.0
0.0
0.0
0.0
0.0
0.0
0.0
0.0
0.0
0.0
0.0
0.0
0.0
0.0
0.0
0.0
0.0
0.0
0.0
0.0
0.0
0.0
0.0
0.0
0.0
0.0
0.0
0.0
0.0
0.0
0.0
0.0
0.0
0.0
0.0
0.0
0.0
0.0
0.0
0.0
0.0
0.0
0.0
0.0
0.0
0.0
0.0
0.0
0.0
0.0
0.0
0.0
0.0
0.0
0.0
0.0
0.0
0.0
0.0
0.0
0.0
0.0
0.0
0.0
0.0
0.0
0.0
0.0
0.0
0.0
0.0
0.0
0.0
0.0
0.0
0.0
0.0
0.0
0.0
0.0
0.0
0.0
0.0
0.0
0.0
0.0
0.0
0.0
0.0
0.0
0.0
0.0
0.0
0.0
0.0
0.0
0.0
0.0
0.0
0.0
0.0
0.0
0.0
0.0
0.0
0.0
0.0
0.0
0.0
0.0
0.0
0.0
0.0
0.0
0.0
0.0
0.0
0.0
0.0
0.0
0.0
0.0
0.0
0.0
0.0
0.0
0.0
0.0
0.0
0.0
0.0
0.0
0.0
0.0
0.0
0.0
0.0
0.0
0.0
0.0
0.0
0.0
0.0
0.0
0.0
0.0
0.0
0.0
0.0
0.0
0.0
0.0
0.0
0.0
0.0
0.0
0.0
0.0
0.0
0.0
0.0
0.0
0.0
0.0
0.0
0.0
0.0
0.0
0.0
0.0
0.0
0.0
0.0
0.0
0.0
0.0
0.0
0.0
0.0
0.0
0.0
0.0
0.0
0.0
0.0
0.0
0.0
0.0
0.0
0.0
0.0
0.0
0.0
0.0
0.0
0.0
0.0
0.0
0.0
0.0
0.0
0.0
0.0
0.0
0.0
0.0
0.0
0.0
0.0
0.0
0.0
0.0
0.0
0.0
0.0
0.0
0.0
0.0
0.0
0.0
0.0
0.0
0.0
0.0
0.0
0.0
0.0
0.0
0.0
0.0
0.0
0.0
0.0
0.0
0.0
0.0
0.0
0.0
0.0
0.0
0.0
0.0
0.0
0.0
0.0
0.0
0.0
0.0
0.0
0.0
0.0
0.0
0.0
0.0
0.0
0.0
0.0
0.0
0.0
0.0
0.0
0.0
0.0
0.0
0.0
0.0
0.0
0.0
0.0
0.0
0.0
0.0
0.0
0.0
0.0
0.0
0.0
0.0
0.0
0.0
0.0
0.0
0.0
0.0
0.0
0.0
0.0
0.0
0.0
0.0
0.0
0.0
0.0
0.0
0.0
0.0
0.0
0.0
0.0
0.0
0.0
0.0
0.0
0.0
0.0
0.0
0.0
0.0
0.0
0.0
0.0
0.0
0.0
0.0
0.0
0.0
0.0
0.0
0.0
0.0
0.0
0.0
0.0
0.0
0.0
0.0
0.0
0.0
0.0
0.0
0.0
0.0
0.0
0.0
0.0
0.0
0.0
0.0
0.0
0.0
0.0
0.0
0.0
0.0
0.0
0.0
0.0
0.0
0.0
0.0
0.0
0.0
0.0
0.0
0.0
0.0
0.0
0.0
0.0
0.0
0.0
0.0
0.0
0.0
0.0
0.0
0.0
0.0
0.0
0.0
0.0
0.0
0.0
0.0
0.0
0.0
0.0
0.0
0.0
0.0
0.0
0.0
0.0
0.0
0.0
0.0
0.0
0.0
0.0
0.0
0.0
0.0
0.0
0.0
0.0
0.0
0.0
0.0
0.0
0.0
0.0
0.0
0.0
0.0
0.0
0.0
0.0
0.0
0.0
0.0
0.0
0.0
0.0
0.0
0.0
0.0
0.0
0.0
0.0
0.0
0.0
0.0
0.0
0.0
0.0
0.0
0.0
0.0
0.0
0.0
0.0
0.0
0.0
0.0
0.0
0.0
0.0
0.0
0.0
0.0
0.0
0.0
0.0
0.0
0.0
0.0
0.0
0.0
0.0
0.0
0.0
0.0
0.0
0.0
0.0
0.0
0.0
0.0
0.0
0.0
0.0
0.0
0.0
0.0
0.0
0.0
0.0
0.0
0.0
0.0
0.0
0.0
0.0
0.0
0.0
0.0
0.0
0.0
0.0
0.0
0.0
0.0
0.0
0.0
0.0
0.0
0.0
0.0
0.0
0.0
0.0
0.0
0.0
0.0
0.0
0.0
0.0
0.0
0.0
0.0
0.0
0.0
0.0
0.0
0.0
0.0
0.0
0.0
0.0
0.0
0.0
0.0
0.0
0.0
0.0
0.0
0.0
0.0
0.0
0.0
0.0
0.0
0.0
0.0
0.0
0.0
0.0
0.0
0.0
0.0
0.0
0.0
0.0
0.0
0.0
0.0
0.0
0.0
0.0
0.0
0.0
0.0
0.0
0.0
0.0
0.0
0.0
0.0
0.0
0.0
0.0
0.0
0.0
0.0
0.0
0.0
0.0
0.0
0.0
0.0
0.0
0.0
0.0
0.0
0.0
0.0
0.0
0.0
0.0
0.0
0.0
0.0
0.0
0.0
0.0
0.0
0.0
0.0
0.0
0.0
0.0
0.0
0.0
0.0
0.0
0.0
0.0
0.0
0.0
0.0
0.0
0.0
0.0
0.0
0.0
0.0
0.0
0.0
0.0
0.0
0.0
0.0
0.0
0.0
0.0
0.0
0.0
0.0
0.0
0.0
0.0
0.0
0.0
0.0
0.0
0.0
0.0
0.0
0.0
0.0
0.0
0.0
0.0
0.0
0.0
0.0
0.0
0.0
0.0
0.0
0.0
0.0
0.0
0.0
0.0
0.0
0.0
0.0
0.0
0.0
