29.0
16073.8
19000.2
18858.4
19111.0
18335.8
18925.4
18682.0
18781.6
18899.4
18905.4
19483.6
19052.6
19022.6
20423.4
19001.0
19056.4
19235.2
19340.4
20325.6
19859.0
18923.8
19564.6
19718.0
19702.0
18941.0
19143.8
19467.8
19975.6
18409.0
18728.6
19097.0
20089.6
19493.6
19701.4
20083.4
19092.4
19662.8
19204.0
19804.0
19437.2
19523.6
19325.0
20461.2
20353.8
20095.8
19967.2
19011.6
19394.8
20163.0
19345.0
19309.2
19829.8
19186.4
20040.8
19995.6
19419.4
18059.2
19009.0
18504.2
19030.4
18534.6
18710.0
18964.8
19549.2
18545.2
18862.2
18642.0
19634.8
19119.0
18489.8
19420.4
17501.4
19168.2
19124.8
18554.6
18988.0
18450.4
18975.4
19929.0
20515.2
20067.6
19909.4
19523.8
18682.2
19079.4
19375.2
18832.8
18608.4
18846.2
19196.8
19357.0
18994.6
19141.4
19460.0
19075.6
19796.2
20474.8
19047.8
19086.6
19280.2
19731.0
19271.4
19491.4
19859.2
19244.2
19158.0
19828.2
19431.8
18652.6
19115.2
18868.2
20088.8
18637.0
17319.4
16777.6
18134.8
18136.4
18457.0
18617.4
19488.0
19152.6
18181.0
18423.0
18266.2
19786.8
19680.0
19342.8
19419.4
19395.0
19232.6
18791.2
18756.6
18400.6
18603.6
18871.4
18301.0
18225.0
19547.8
18736.0
19133.0
18286.6
18912.0
18090.6
16793.8
18606.6
18900.0
18072.6
17919.8
18082.4
17729.2
18077.0
18610.0
18155.8
17880.4
18239.2
18184.4
19003.4
18861.2
18523.2
19078.2
19396.0
19248.8
19377.0
18661.4
18217.8
19180.2
18468.8
19153.2
18248.4
19089.0
20471.2
19541.2
20204.6
19295.4
18179.6
19013.0
18752.2
18623.0
18824.6
18658.6
19188.6
18584.8
18590.2
18592.4
18595.0
18852.0
18581.6
19023.8
18930.2
18496.8
19199.4
18586.2
18232.0
18944.4
18761.0
18563.2
19116.4
19226.8
18862.4
18742.4
19210.8
18786.8
19051.2
18353.2
18949.6
19866.2
18578.8
18097.4
18674.4
19106.4
19308.2
19062.8
19214.0
18987.0
19599.6
19938.8
19626.8
19429.4
18867.0
19153.0
18931.6
18642.8
18989.6
18687.0
18987.8
18392.4
19118.0
19851.8
19377.4
19539.2
18158.6
17140.8
17234.0
18495.8
18384.2
18834.4
18489.8
18033.8
18300.4
17661.2
17575.2
17866.6
18271.4
18022.2
18316.8
17226.6
17630.0
18312.0
17205.0
17488.0
17579.6
17579.6
18303.2
17531.0
17962.2
18425.4
18571.4
18221.0
18726.4
18958.6
19594.0
18676.4
19154.0
18835.6
18893.4
18077.8
18378.8
18135.4
18531.4
18469.6
18619.4
18925.6
18341.2
18377.2
18777.6
18845.0
18354.6
19182.2
18484.4
17901.4
18365.0
18218.0
18720.2
18224.6
18115.6
18250.8
18097.6
18582.0
18203.2
18985.6
16888.2
15287.4
16787.0
17513.4
17166.8
17566.4
17544.6
17737.0
17970.4
17691.8
17307.4
17430.2
17263.6
17030.0
18146.0
17768.4
18221.8
18132.4
17621.4
17217.2
18154.4
18158.8
17382.8
17798.2
17852.0
17829.0
17508.6
17876.6
18324.0
17973.2
17832.6
18261.4
17956.2
17858.0
18714.2
18793.8
19292.0
18280.0
18491.8
19093.2
17935.8
17952.0
18505.4
18840.6
18577.6
17930.6
18266.8
18733.4
17758.0
18763.0
18715.4
18844.8
18387.6
19062.6
18499.6
18628.8
17710.8
18218.6
18250.8
18750.2
17743.6
18462.0
18208.4
18703.0
18619.4
17925.8
18512.2
18994.8
18353.2
18327.2
18079.2
18264.6
19259.2
18023.2
17979.4
17976.4
17877.2
18292.6
18268.6
19221.2
18566.2
19062.8
18424.8
18017.0
18845.6
17849.6
17948.6
18325.0
18577.8
19553.6
18381.8
18527.8
19641.8
18832.8
18302.4
18484.0
17838.6
18122.0
18191.8
18679.0
18276.0
17858.8
19406.4
18917.8
18625.2
18314.4
18377.2
19062.0
19155.0
18212.2
18975.8
18425.2
17959.4
18880.6
18680.8
18799.0
18030.2
18364.2
18437.4
18685.4
18425.0
18682.6
19172.8
19294.4
18660.6
18432.6
18668.0
18239.4
18811.2
18553.0
18204.2
18237.6
18712.0
18469.6
18446.6
18328.8
18635.6
18790.8
18267.2
18916.6
18120.4
17788.6
18487.8
17971.8
18000.4
18699.8
19092.8
18243.2
18924.6
18193.8
18436.8
18032.4
18381.8
18787.4
18528.6
18103.8
18670.8
17807.0
18640.0
18971.8
18546.8
17717.6
18197.4
18713.8
18487.6
18592.2
18547.6
18044.6
18413.2
18973.2
18181.6
14814.0
14355.8
13590.4
9898.0
3671.0
3628.4
3397.4
3649.8
833.4
0.0
0.0
0.0
0.0
0.0
0.0
0.0
0.0
0.0
0.0
0.0
0.0
0.0
0.0
0.0
0.0
0.0
0.0
0.0
0.0
0.0
0.0
0.0
0.0
0.0
0.0
0.0
0.0
0.0
0.0
0.0
0.0
0.0
0.0
0.0
0.0
0.0
0.0
0.0
0.0
0.0
0.0
0.0
0.0
0.0
0.0
0.0
0.0
0.0
0.0
0.0
0.0
0.0
0.0
0.0
0.0
0.0
0.0
0.0
0.0
0.0
0.0
0.0
0.0
0.0
0.0
0.0
0.0
0.0
0.0
0.0
0.0
0.0
0.0
0.0
0.0
0.0
0.0
0.0
0.0
0.0
0.0
0.0
0.0
0.0
0.0
0.0
0.0
0.0
0.0
0.0
0.0
0.0
0.0
0.0
0.0
0.0
0.0
0.0
0.0
0.0
0.0
0.0
0.0
0.0
0.0
0.0
0.0
0.0
0.0
0.0
0.0
0.0
0.0
0.0
0.0
0.0
0.0
0.0
0.0
0.0
0.0
0.0
0.0
0.0
0.0
0.0
0.0
0.0
0.0
0.0
0.0
0.0
0.0
0.0
0.0
0.0
0.0
0.0
0.0
0.0
0.0
0.0
0.0
0.0
0.0
0.0
0.0
0.0
0.0
0.0
0.0
0.0
0.0
0.0
0.0
0.0
0.0
0.0
0.0
0.0
0.0
0.0
0.0
0.0
0.0
0.0
0.0
0.0
0.0
0.0
0.0
0.0
0.0
0.0
0.0
0.0
0.0
0.0
0.0
0.0
0.0
0.0
0.0
0.0
0.0
0.0
0.0
0.0
0.0
0.0
0.0
0.0
0.0
0.0
0.0
0.0
0.0
0.0
0.0
0.0
0.0
0.0
0.0
0.0
0.0
0.0
0.0
0.0
0.0
0.0
0.0
0.0
0.0
0.0
0.0
0.0
0.0
0.0
0.0
0.0
0.0
0.0
0.0
0.0
0.0
0.0
0.0
0.0
0.0
0.0
0.0
0.0
0.0
0.0
0.0
0.0
0.0
0.0
0.0
0.0
0.0
0.0
0.0
0.0
0.0
0.0
0.0
0.0
0.0
0.0
0.0
0.0
0.0
0.0
0.0
0.0
0.0
0.0
0.0
0.0
0.0
0.0
0.0
0.0
0.0
0.0
0.0
0.0
0.0
0.0
0.0
0.0
0.0
0.0
0.0
0.0
0.0
0.0
0.0
0.0
0.0
0.0
0.0
0.0
0.0
0.0
0.0
0.0
0.0
0.0
0.0
0.0
0.0
0.0
0.0
0.0
0.0
0.0
0.0
0.0
0.0
0.0
0.0
0.0
0.0
0.0
0.0
0.0
0.0
0.0
0.0
0.0
0.0
0.0
0.0
0.0
0.0
0.0
0.0
0.0
0.0
0.0
0.0
0.0
0.0
0.0
0.0
0.0
0.0
0.0
0.0
0.0
0.0
0.0
0.0
0.0
0.0
0.0
0.0
0.0
0.0
0.0
0.0
0.0
0.0
0.0
0.0
0.0
0.0
0.0
0.0
0.0
0.0
0.0
0.0
0.0
0.0
0.0
0.0
0.0
0.0
0.0
0.0
0.0
0.0
0.0
0.0
0.0
0.0
0.0
0.0
0.0
0.0
0.0
0.0
0.0
0.0
0.0
0.0
0.0
0.0
0.0
0.0
0.0
0.0
0.0
0.0
0.0
0.0
0.0
0.0
0.0
0.0
0.0
0.0
0.0
0.0
0.0
0.0
0.0
0.0
0.0
0.0
0.0
0.0
0.0
0.0
0.0
0.0
0.0
0.0
0.0
0.0
0.0
0.0
0.0
0.0
0.0
0.0
0.0
0.0
0.0
0.0
0.0
0.0
0.0
0.0
0.0
0.0
0.0
0.0
0.0
0.0
0.0
0.0
0.0
0.0
0.0
0.0
0.0
0.0
0.0
0.0
0.0
0.0
0.0
0.0
0.0
0.0
0.0
0.0
0.0
0.0
0.0
0.0
0.0
0.0
0.0
0.0
0.0
0.0
0.0
0.0
0.0
0.0
0.0
0.0
0.0
0.0
0.0
0.0
0.0
0.0
0.0
0.0
0.0
0.0
0.0
0.0
0.0
0.0
0.0
0.0
0.0
0.0
0.0
0.0
0.0
0.0
0.0
0.0
0.0
0.0
0.0
0.0
0.0
0.0
0.0
0.0
0.0
0.0
0.0
0.0
0.0
0.0
0.0
0.0
0.0
0.0
0.0
0.0
0.0
0.0
0.0
0.0
0.0
0.0
0.0
0.0
0.0
0.0
0.0
0.0
0.0
0.0
0.0
0.0
0.0
