29.0
12282.666666666666
12979.666666666666
12725.0
12900.333333333334
12965.666666666666
12546.0
13161.333333333334
12920.666666666666
12703.0
12907.0
12966.0
12690.666666666666
13283.333333333334
12962.666666666666
12976.0
12604.666666666666
13274.333333333334
13304.333333333334
13799.0
13329.333333333334
12551.0
12342.666666666666
12730.333333333334
12819.666666666666
12543.0
12633.0
12676.666666666666
13068.666666666666
12609.666666666666
12792.666666666666
12744.0
13327.0
13202.0
12432.0
12638.333333333334
12147.0
12692.333333333334
13881.333333333334
13535.666666666666
12520.0
13310.666666666666
13509.333333333334
13671.666666666666
12688.0
13095.333333333334
12977.666666666666
12556.333333333334
12821.333333333334
12938.333333333334
12951.333333333334
13113.333333333334
12462.0
13444.0
12998.0
12682.333333333334
12930.333333333334
12803.0
13317.333333333334
13397.333333333334
13391.0
13155.666666666666
12704.333333333334
13713.0
13187.0
12852.333333333334
12823.333333333334
13491.666666666666
12461.0
12819.666666666666
12998.333333333334
13979.0
14225.333333333334
13412.666666666666
12842.0
12773.666666666666
13447.666666666666
13866.333333333334
13033.333333333334
13397.0
12886.0
12797.0
13728.666666666666
12918.333333333334
12938.333333333334
12345.0
12436.666666666666
13228.0
12968.0
13031.666666666666
12273.333333333334
12416.0
12583.333333333334
13258.0
12909.0
13834.333333333334
13923.666666666666
13424.666666666666
13332.0
13377.0
13138.666666666666
13306.0
12355.333333333334
13066.333333333334
12778.0
13907.666666666666
13908.0
13012.666666666666
13085.666666666666
13115.333333333334
13370.333333333334
13002.666666666666
13458.0
13551.666666666666
13386.666666666666
12791.333333333334
12215.666666666666
12515.0
12350.333333333334
12615.0
13046.666666666666
12559.333333333334
13145.666666666666
12586.333333333334
13176.333333333334
12431.0
12630.0
12664.333333333334
12434.333333333334
13486.333333333334
13568.0
14128.0
13710.0
12856.0
13155.0
12650.666666666666
13355.333333333334
12977.666666666666
13424.333333333334
12808.333333333334
13231.333333333334
12671.0
12215.333333333334
12658.333333333334
12889.333333333334
13013.0
12969.0
14278.666666666666
12680.0
12914.333333333334
12965.0
13147.333333333334
12629.0
12869.666666666666
12891.0
13082.333333333334
12675.666666666666
12932.333333333334
13012.333333333334
13116.666666666666
13279.0
13285.333333333334
12927.666666666666
13470.0
13515.0
12476.666666666666
12588.333333333334
12475.666666666666
12884.333333333334
12558.0
12523.666666666666
13080.0
12637.0
12882.666666666666
13621.666666666666
13161.666666666666
13370.333333333334
13582.333333333334
13221.333333333334
13163.0
12911.333333333334
13582.333333333334
12686.333333333334
13242.0
12962.333333333334
12974.666666666666
13070.0
12577.0
13713.333333333334
14111.666666666666
13597.333333333334
13680.333333333334
12849.666666666666
12951.333333333334
12723.333333333334
13809.333333333334
14269.0
13662.0
12970.0
13133.0
13441.0
12981.333333333334
13486.666666666666
13196.333333333334
12303.333333333334
12403.0
12746.666666666666
12540.666666666666
12590.333333333334
12987.0
12681.0
13427.666666666666
12792.333333333334
13853.0
13654.333333333334
13406.333333333334
12852.666666666666
13022.333333333334
13405.666666666666
12834.0
12331.0
12577.333333333334
13097.333333333334
12522.666666666666
12994.666666666666
12784.333333333334
12525.0
12440.0
12996.333333333334
13465.333333333334
13282.333333333334
13318.666666666666
13154.666666666666
12420.333333333334
12974.666666666666
12757.333333333334
12767.333333333334
13605.666666666666
13373.333333333334
12935.0
13615.0
13535.333333333334
12905.666666666666
12831.666666666666
13501.0
12750.0
13043.0
13504.333333333334
12446.0
12428.0
12695.666666666666
12840.0
12921.333333333334
13402.333333333334
13162.333333333334
13357.666666666666
13508.333333333334
12754.0
12741.666666666666
12844.666666666666
12967.0
12721.666666666666
13174.666666666666
12884.666666666666
12443.333333333334
12946.333333333334
13716.333333333334
13388.333333333334
13426.0
12908.333333333334
12567.333333333334
12280.666666666666
13662.0
12789.666666666666
13106.666666666666
12708.666666666666
13346.333333333334
13336.333333333334
12961.0
12672.0
12740.666666666666
12579.0
13068.666666666666
13171.0
13229.0
13111.0
13417.333333333334
12539.666666666666
12609.333333333334
12435.333333333334
12203.0
12498.666666666666
13102.666666666666
13933.666666666666
13865.666666666666
13470.666666666666
13967.0
13205.333333333334
13581.666666666666
13431.666666666666
13302.0
12727.333333333334
13887.333333333334
14483.333333333334
13539.666666666666
12592.666666666666
13021.333333333334
13930.666666666666
13416.666666666666
13709.666666666666
13599.0
12652.666666666666
13182.333333333334
12859.666666666666
13056.0
13193.0
13285.333333333334
12678.666666666666
13288.333333333334
13592.0
13379.666666666666
12660.0
12533.666666666666
13266.333333333334
13027.0
13916.666666666666
12681.333333333334
12637.666666666666
12635.0
12683.333333333334
12773.0
12769.666666666666
12736.333333333334
12874.333333333334
12683.0
13132.666666666666
12676.333333333334
12586.0
12670.666666666666
12996.666666666666
13125.0
12812.666666666666
12598.0
13000.0
13541.666666666666
13305.333333333334
13249.333333333334
13086.666666666666
12700.333333333334
13399.0
14136.666666666666
12968.333333333334
12404.0
12669.666666666666
12348.666666666666
13058.0
12157.333333333334
13444.0
13215.0
13094.333333333334
12576.666666666666
12651.666666666666
13224.666666666666
13565.0
13246.333333333334
13046.666666666666
12496.0
12738.0
12324.333333333334
12482.666666666666
13045.0
12416.333333333334
12461.333333333334
12964.333333333334
12940.0
13427.333333333334
14196.666666666666
13548.0
13285.0
12411.0
13393.0
14095.333333333334
13892.666666666666
13062.333333333334
13520.333333333334
13275.0
12854.666666666666
13246.333333333334
13746.666666666666
12833.666666666666
12757.666666666666
12388.666666666666
12777.333333333334
12503.0
12715.0
13709.333333333334
12875.333333333334
13899.666666666666
13439.333333333334
12780.666666666666
12494.333333333334
13239.0
13723.333333333334
13933.666666666666
13235.666666666666
12475.333333333334
13247.0
13440.0
12897.666666666666
13143.333333333334
13832.333333333334
12791.0
12992.666666666666
12758.333333333334
12492.0
13526.666666666666
13157.333333333334
13828.333333333334
13340.0
12701.0
13874.666666666666
12265.666666666666
12427.666666666666
12675.0
12879.666666666666
12915.0
13469.666666666666
13000.0
11811.0
12505.666666666666
12882.333333333334
12431.333333333334
12613.0
12894.0
12995.0
12958.666666666666
12681.333333333334
12524.333333333334
12992.666666666666
12745.666666666666
12913.666666666666
13097.333333333334
13538.0
13107.0
12524.0
12569.666666666666
12529.0
13372.0
13135.333333333334
12934.666666666666
13403.0
13272.0
13186.666666666666
13681.333333333334
12779.333333333334
12996.333333333334
13529.0
13964.666666666666
12942.333333333334
12830.0
12990.0
12347.333333333334
12734.333333333334
12758.0
12712.333333333334
12048.666666666666
12494.0
12657.0
12800.666666666666
12776.666666666666
13517.666666666666
13855.0
13474.666666666666
12720.666666666666
12700.333333333334
12381.333333333334
12806.333333333334
12974.0
13533.333333333334
12792.0
13177.333333333334
12876.0
13234.0
12761.666666666666
12734.333333333334
12851.0
13135.333333333334
12835.666666666666
12852.0
13091.0
13040.0
12750.666666666666
12285.0
12869.0
13423.333333333334
12883.666666666666
12612.0
13467.666666666666
13335.666666666666
12589.0
13175.333333333334
13589.0
13517.0
12803.333333333334
12602.0
13111.666666666666
13618.333333333334
13654.0
13297.0
13327.0
12310.333333333334
12697.0
12881.666666666666
13467.0
13006.0
13151.0
12474.333333333334
12549.0
13512.666666666666
13070.666666666666
12854.666666666666
12759.0
13547.0
13448.666666666666
13436.333333333334
13421.666666666666
14060.333333333334
13816.0
13959.666666666666
13786.0
12560.666666666666
12874.0
12541.0
12751.333333333334
12961.333333333334
12697.0
12708.0
13265.0
13887.333333333334
12857.0
12030.666666666666
12447.333333333334
14064.0
13873.333333333334
13827.0
12491.666666666666
12982.0
12819.333333333334
12826.333333333334
13735.666666666666
13527.0
13648.0
12973.666666666666
13169.666666666666
12457.666666666666
12915.333333333334
12658.666666666666
12340.0
12718.0
12371.0
12207.666666666666
13067.333333333334
12582.333333333334
13292.666666666666
12294.333333333334
12924.666666666666
13657.0
12495.666666666666
12974.333333333334
12602.0
12701.666666666666
13665.666666666666
13544.333333333334
12998.0
14112.0
13233.666666666666
13479.666666666666
13642.666666666666
13088.333333333334
13815.666666666666
12463.666666666666
12752.333333333334
12834.0
12237.666666666666
13334.666666666666
13093.333333333334
12378.333333333334
12950.0
12881.0
13274.333333333334
12760.333333333334
12865.0
13262.0
13177.0
13209.0
12422.0
12910.333333333334
13350.333333333334
12530.333333333334
13787.333333333334
12392.333333333334
12980.0
13481.333333333334
12474.0
13212.666666666666
12862.333333333334
13354.333333333334
12136.0
12680.333333333334
12714.0
12423.666666666666
12781.0
12763.666666666666
12170.0
12732.0
13683.333333333334
13921.333333333334
12108.333333333334
12340.666666666666
12488.0
12856.333333333334
12645.666666666666
13047.333333333334
13760.333333333334
14028.0
13891.333333333334
12995.0
13269.333333333334
13031.0
13537.666666666666
12520.333333333334
12791.666666666666
12505.333333333334
12500.333333333334
12824.333333333334
12590.333333333334
12803.666666666666
12544.0
12718.0
13255.0
12513.666666666666
13499.666666666666
13569.666666666666
13339.333333333334
12932.666666666666
12832.0
13535.333333333334
13037.666666666666
13024.0
13013.0
13260.333333333334
13289.666666666666
12646.0
12851.333333333334
12961.0
12585.666666666666
12584.666666666666
12576.333333333334
13314.333333333334
14186.666666666666
14148.0
13795.666666666666
12549.0
8204.0
8757.0
9044.666666666666
8693.666666666666
8053.0
0.0
0.0
0.0
0.0
0.0
0.0
0.0
0.0
0.0
0.0
0.0
0.0
0.0
0.0
0.0
0.0
0.0
0.0
0.0
0.0
0.0
0.0
0.0
0.0
0.0
0.0
0.0
0.0
0.0
0.0
0.0
0.0
0.0
0.0
0.0
0.0
0.0
0.0
0.0
0.0
0.0
0.0
0.0
0.0
0.0
0.0
0.0
0.0
0.0
0.0
0.0
0.0
0.0
0.0
0.0
0.0
0.0
0.0
0.0
0.0
0.0
0.0
0.0
0.0
0.0
0.0
0.0
0.0
0.0
0.0
0.0
0.0
0.0
0.0
0.0
0.0
0.0
0.0
0.0
0.0
0.0
0.0
0.0
0.0
0.0
0.0
0.0
0.0
0.0
0.0
0.0
0.0
0.0
0.0
0.0
0.0
0.0
0.0
0.0
0.0
0.0
0.0
0.0
0.0
0.0
0.0
0.0
0.0
0.0
0.0
0.0
0.0
0.0
0.0
0.0
0.0
0.0
0.0
0.0
0.0
0.0
0.0
0.0
0.0
0.0
0.0
0.0
0.0
0.0
0.0
0.0
0.0
0.0
0.0
0.0
0.0
0.0
0.0
0.0
0.0
0.0
0.0
0.0
0.0
0.0
0.0
0.0
0.0
0.0
0.0
0.0
0.0
0.0
0.0
0.0
0.0
0.0
0.0
0.0
0.0
0.0
0.0
0.0
0.0
0.0
0.0
0.0
0.0
0.0
0.0
0.0
0.0
0.0
0.0
0.0
0.0
0.0
0.0
0.0
0.0
0.0
0.0
0.0
0.0
0.0
0.0
0.0
0.0
0.0
0.0
0.0
0.0
0.0
0.0
0.0
0.0
0.0
0.0
0.0
0.0
0.0
0.0
0.0
0.0
0.0
0.0
0.0
0.0
0.0
0.0
0.0
0.0
0.0
0.0
0.0
0.0
0.0
0.0
0.0
0.0
0.0
0.0
0.0
0.0
0.0
0.0
0.0
0.0
0.0
0.0
0.0
0.0
0.0
0.0
0.0
0.0
0.0
0.0
0.0
0.0
0.0
0.0
0.0
0.0
0.0
0.0
0.0
0.0
0.0
0.0
0.0
0.0
0.0
0.0
0.0
0.0
0.0
0.0
0.0
0.0
0.0
0.0
0.0
0.0
0.0
0.0
0.0
0.0
0.0
0.0
0.0
0.0
0.0
0.0
0.0
0.0
0.0
0.0
0.0
0.0
0.0
0.0
0.0
0.0
0.0
0.0
0.0
0.0
0.0
0.0
0.0
0.0
0.0
0.0
0.0
0.0
0.0
0.0
0.0
0.0
0.0
0.0
0.0
0.0
0.0
0.0
0.0
0.0
0.0
0.0
0.0
0.0
0.0
0.0
0.0
0.0
0.0
0.0
0.0
0.0
0.0
0.0
0.0
0.0
0.0
0.0
0.0
0.0
0.0
0.0
0.0
0.0
