29.0
14436.8
15985.0
16204.6
16599.6
16552.2
17065.8
16597.0
16859.2
16180.8
15956.6
16001.4
16451.0
16344.4
15525.8
16300.4
16969.6
16505.4
17369.4
16289.6
16447.8
16628.6
16800.8
17301.8
16496.6
16384.4
16363.2
16644.6
16284.2
15844.0
16169.8
16624.4
16216.0
16069.0
16572.2
16442.8
16224.0
16998.0
17032.2
17627.4
16898.0
17082.2
16784.4
17243.2
16896.6
17086.0
16151.8
16739.8
15869.8
16188.2
15701.6
17146.8
15637.6
16281.2
16407.0
16375.6
16433.2
16910.0
15995.0
17048.8
16515.4
16750.2
16088.2
16167.8
17028.6
16391.6
16268.6
16429.0
17313.6
16609.6
16448.4
16853.8
17009.6
16777.6
16731.6
17239.0
17487.2
16488.6
16848.8
16440.4
16852.8
16417.4
16128.2
16757.4
16731.2
16237.2
17042.2
16587.0
15777.8
15880.2
16373.0
17048.8
16927.0
16852.8
16511.6
16439.6
16812.0
16836.2
16452.2
14958.2
16163.4
15839.8
15493.4
16252.4
16007.4
15845.8
15708.2
16025.2
16315.2
17203.4
15877.2
16810.4
16564.4
16743.2
16507.0
16333.2
16100.8
16101.0
16045.4
16188.4
16375.0
16412.4
16925.2
15555.6
15241.4
15459.2
14895.8
15866.6
16751.8
16025.0
17041.2
16257.0
16378.4
15944.4
15406.8
16226.2
17424.4
16649.8
16149.4
15998.8
16624.4
16531.4
16390.8
16536.2
16056.4
16156.4
15977.8
16401.4
15915.2
16349.8
16806.8
17670.0
17135.4
16728.2
16298.2
16463.2
17039.4
16667.0
16422.2
16148.6
16214.4
16758.6
16112.0
16103.0
16311.6
15515.8
15933.8
15827.0
15822.2
16790.2
16569.2
16627.2
15780.6
15709.0
16103.8
16591.6
16676.0
16184.6
16530.0
17230.4
17553.4
16248.0
17070.8
16842.8
16741.0
17000.2
16151.0
16456.0
16675.6
16610.2
16774.0
16204.6
16222.2
16143.0
16629.2
16171.4
16273.8
16163.8
16316.4
15499.6
14935.6
16099.2
15735.2
15575.8
14869.2
15912.6
15492.8
15224.0
15875.2
15364.4
15905.8
15713.8
16129.4
15063.6
15671.0
15883.4
15552.4
15635.6
16285.8
16056.2
15718.6
16187.0
17369.4
16115.6
16911.2
15483.6
16082.6
17210.6
15413.2
16684.2
17299.4
16624.6
16399.6
16151.0
16319.0
15871.2
16946.0
16603.0
16101.6
16183.4
15359.8
16596.2
16019.4
16247.0
16497.4
16750.4
16726.6
16535.6
16643.4
15739.4
16136.2
15325.6
14830.4
15346.2
15165.2
15496.4
15016.8
14971.6
15292.2
14611.0
16201.0
14906.8
15272.4
15135.0
14811.4
15548.6
15378.0
15212.0
15644.8
15669.6
15581.0
15992.4
15581.8
15301.4
16150.4
15830.4
17204.8
15951.0
15714.6
16436.4
15989.4
16391.2
15936.0
15188.8
15373.0
15077.6
15807.8
15815.6
15169.6
15818.8
16102.4
15445.2
16154.6
15741.2
15688.4
15942.6
15932.0
15589.8
15720.0
15554.6
16149.0
16470.8
15939.6
16009.0
16568.8
16597.6
16781.0
16591.6
16593.6
16273.8
16015.6
16094.8
15838.0
15555.8
15671.6
16117.0
17052.0
16654.4
15733.2
15896.4
15913.8
15407.2
15668.8
16283.8
15918.6
15773.8
16080.6
16312.4
15934.6
16664.8
15973.4
15367.0
16368.8
16117.8
15556.8
15192.0
15758.0
16537.4
16854.8
15719.0
15733.0
15684.8
15527.6
16324.4
16044.6
17122.2
17098.2
16184.2
15760.0
15744.0
16116.8
15688.6
15601.0
15798.8
15759.6
16687.8
16622.2
17155.4
16840.6
15774.2
16187.8
16259.6
17101.4
16453.2
15964.8
16055.6
17085.8
16307.6
16002.6
16463.4
16736.4
16940.6
16939.6
16605.4
17067.2
16087.4
16518.0
17170.2
16816.4
16533.2
17424.2
17159.4
15610.0
15767.2
15452.2
16088.4
16022.2
16389.8
16072.6
17224.4
16543.6
16530.0
16694.0
16790.4
16305.0
15688.2
16001.2
16618.6
16163.0
15998.4
15938.0
16017.2
16260.2
15866.8
15130.6
14612.2
15029.8
16122.8
15859.4
15207.6
15108.8
15102.8
15317.2
16098.0
15840.2
15514.2
14940.2
14955.0
16046.6
15880.8
15396.6
16316.2
15627.4
16506.0
16329.8
15602.2
15269.2
15484.8
15859.0
15646.6
16168.8
15181.6
16117.4
15930.2
15689.0
15693.2
15628.0
15364.6
15073.4
15113.0
15189.0
15380.0
15402.8
16183.2
16150.8
16292.0
15816.4
15981.0
15238.2
15864.8
15483.0
16614.2
16077.8
15639.2
15532.2
15780.6
15776.6
16229.6
16081.2
15197.8
15809.6
15311.0
15445.2
16524.8
15858.4
15415.2
15919.6
15658.4
15720.6
15899.8
14880.0
15641.4
15796.6
17158.0
15180.2
15863.0
16482.8
16155.2
15664.2
16723.0
15831.0
15750.4
15423.0
15305.6
15471.2
16139.8
16930.0
16343.4
15884.8
15311.8
15951.8
16662.0
16004.0
16024.4
16098.6
15558.8
17161.8
16339.6
16375.8
15605.2
15538.8
15865.0
15357.0
15408.6
15682.2
15009.6
15871.0
15503.8
16035.0
15782.8
15144.6
14878.8
15041.0
15239.8
14649.8
14600.0
14650.2
14751.2
14402.0
14902.0
14921.0
14880.2
15291.6
14683.2
14454.8
14603.0
15722.2
15063.2
14886.6
14805.0
14995.2
14946.0
16001.8
15328.0
14708.4
14706.4
14651.2
15033.2
15558.4
14771.0
8385.8
821.2
0.0
0.0
0.0
0.0
0.0
0.0
0.0
0.0
0.0
0.0
0.0
0.0
0.0
0.0
0.0
0.0
0.0
0.0
0.0
0.0
0.0
0.0
0.0
0.0
0.0
0.0
0.0
0.0
0.0
0.0
0.0
0.0
0.0
0.0
0.0
0.0
0.0
0.0
0.0
0.0
0.0
0.0
0.0
0.0
0.0
0.0
0.0
0.0
0.0
0.0
0.0
0.0
0.0
0.0
0.0
0.0
0.0
0.0
0.0
0.0
0.0
0.0
0.0
0.0
0.0
0.0
0.0
0.0
0.0
0.0
0.0
0.0
0.0
0.0
0.0
0.0
0.0
0.0
0.0
0.0
0.0
0.0
0.0
0.0
0.0
0.0
0.0
0.0
0.0
0.0
0.0
0.0
0.0
0.0
0.0
0.0
0.0
0.0
0.0
0.0
0.0
0.0
0.0
0.0
0.0
0.0
0.0
0.0
0.0
0.0
0.0
0.0
0.0
0.0
0.0
0.0
0.0
0.0
0.0
0.0
0.0
0.0
0.0
0.0
0.0
0.0
0.0
0.0
0.0
0.0
0.0
0.0
0.0
0.0
0.0
0.0
0.0
0.0
0.0
0.0
0.0
0.0
0.0
0.0
0.0
0.0
0.0
0.0
0.0
0.0
0.0
0.0
0.0
0.0
0.0
0.0
0.0
0.0
0.0
0.0
0.0
0.0
0.0
0.0
0.0
0.0
0.0
0.0
0.0
0.0
0.0
0.0
0.0
0.0
0.0
0.0
0.0
0.0
0.0
0.0
0.0
0.0
0.0
0.0
0.0
0.0
0.0
0.0
0.0
0.0
0.0
0.0
0.0
0.0
0.0
0.0
0.0
0.0
0.0
0.0
0.0
0.0
0.0
0.0
0.0
0.0
0.0
0.0
0.0
0.0
0.0
0.0
0.0
0.0
0.0
0.0
0.0
0.0
0.0
0.0
0.0
0.0
0.0
0.0
0.0
0.0
0.0
0.0
0.0
0.0
0.0
0.0
0.0
0.0
0.0
0.0
0.0
0.0
0.0
0.0
0.0
0.0
0.0
0.0
0.0
0.0
0.0
0.0
0.0
0.0
0.0
0.0
0.0
0.0
0.0
0.0
0.0
0.0
0.0
0.0
0.0
0.0
0.0
0.0
0.0
0.0
0.0
0.0
0.0
0.0
0.0
0.0
0.0
0.0
0.0
0.0
0.0
0.0
0.0
0.0
0.0
0.0
0.0
0.0
0.0
0.0
0.0
0.0
0.0
0.0
0.0
0.0
0.0
0.0
0.0
0.0
0.0
0.0
0.0
0.0
0.0
0.0
0.0
0.0
0.0
0.0
0.0
0.0
0.0
0.0
0.0
0.0
0.0
0.0
0.0
0.0
0.0
0.0
0.0
0.0
0.0
0.0
0.0
0.0
0.0
0.0
0.0
0.0
0.0
0.0
0.0
0.0
0.0
0.0
0.0
0.0
0.0
0.0
0.0
0.0
0.0
0.0
0.0
0.0
0.0
0.0
0.0
0.0
0.0
0.0
0.0
0.0
0.0
0.0
0.0
0.0
0.0
0.0
0.0
0.0
0.0
0.0
0.0
0.0
0.0
0.0
0.0
0.0
0.0
0.0
0.0
0.0
0.0
0.0
0.0
0.0
0.0
0.0
0.0
0.0
0.0
0.0
0.0
0.0
0.0
0.0
0.0
0.0
0.0
0.0
0.0
0.0
0.0
0.0
0.0
0.0
0.0
0.0
0.0
0.0
0.0
0.0
0.0
0.0
0.0
0.0
0.0
0.0
0.0
0.0
0.0
0.0
0.0
0.0
0.0
0.0
0.0
0.0
0.0
0.0
0.0
0.0
0.0
0.0
0.0
0.0
0.0
0.0
0.0
0.0
0.0
0.0
0.0
0.0
0.0
0.0
0.0
0.0
0.0
0.0
0.0
0.0
0.0
0.0
0.0
0.0
0.0
0.0
0.0
0.0
0.0
0.0
0.0
0.0
0.0
0.0
0.0
0.0
