29.0
18720.0
21558.4
21188.6
21021.4
21443.8
21339.0
22149.8
22241.2
20844.4
21358.2
21091.2
21239.0
21708.8
21194.8
21735.2
21411.6
21798.6
20234.4
21983.6
21006.0
20857.2
21844.6
22674.2
23565.2
23216.8
22014.0
22218.8
22220.8
22426.8
21197.4
21947.4
22592.0
21580.0
23153.2
22047.4
22562.6
21413.4
20753.4
21275.8
21439.2
21375.8
21519.8
21911.6
21229.8
22262.8
22212.0
21750.4
20491.8
21178.4
21230.6
21833.2
21948.8
21017.4
21641.0
21848.6
22518.8
22641.8
22074.4
22183.2
20858.6
21774.2
22183.8
22254.6
21657.0
22921.4
21814.0
22605.2
23561.4
22731.8
21918.8
21296.4
21887.4
21397.6
21636.6
21879.0
22399.8
21524.8
20531.6
21308.8
21561.4
22193.6
20217.8
20500.0
21877.2
21922.6
21084.8
21808.0
21206.4
22198.8
22443.8
21461.4
20492.0
21133.8
18902.4
20859.6
20811.4
21548.4
21539.4
20306.8
19622.8
19850.8
20198.8
19804.0
20332.8
21567.2
20647.6
21438.0
21683.8
21550.2
21696.0
21775.0
21390.4
20919.0
22172.2
21115.8
21450.8
22698.0
23490.8
21585.8
21703.8
21728.0
21907.0
21891.6
22490.4
21856.0
22527.4
23634.2
22019.6
22160.8
22795.0
23022.4
22425.0
21931.8
21383.4
21746.4
21933.6
20920.8
21775.2
21795.4
21156.6
22176.6
21693.0
20885.8
21571.4
21127.4
21289.6
21121.2
21741.8
22225.0
20370.8
20101.6
20043.0
20753.6
20113.8
19282.8
19169.2
20434.0
19841.8
21057.4
20170.6
19026.0
19231.8
20281.2
20620.8
20498.0
20443.6
21893.6
20529.2
20104.6
20360.4
21884.8
21927.8
22406.2
21764.2
20796.6
20951.8
21444.2
22245.0
20535.4
21945.6
21109.6
22140.8
21480.6
22110.8
21954.4
21133.6
22299.4
23017.4
21666.2
19407.6
21148.0
19558.6
20315.6
18741.2
19846.8
20301.8
19286.2
19585.8
18454.8
20087.6
19437.0
18902.0
19341.4
20156.4
20536.2
21079.8
19566.0
20990.0
20985.2
20906.0
20600.6
20354.4
20383.4
20882.8
21381.6
20075.2
20047.6
21029.2
20498.4
20183.2
20339.0
20649.2
21664.0
21286.0
20635.0
21317.4
20456.6
19854.6
20712.4
21454.0
21170.6
21544.0
20329.0
20327.0
20262.4
19947.6
19949.0
20620.2
20012.8
20810.4
21762.0
22030.8
21489.8
21021.0
20469.8
20426.0
20592.4
21198.6
21224.6
22164.8
21613.4
21654.0
21632.4
21826.0
21956.2
21146.4
23608.4
21357.2
21097.0
21630.2
21673.0
21664.6
21211.0
22028.6
20751.6
20125.2
21015.4
21350.2
21585.0
21798.6
20532.0
21200.6
21676.8
21828.2
21816.4
22370.0
20722.0
20537.6
20994.4
21584.4
21687.2
21315.6
20781.8
21396.0
21640.2
20099.6
20988.2
21928.0
22270.4
22276.6
21063.0
21474.2
20759.6
21835.6
20691.8
21967.2
21776.8
20803.6
20447.4
19859.0
21748.8
20889.4
21137.2
20169.2
20806.4
21832.6
20813.6
19794.4
18791.6
20755.6
20062.4
17756.4
18963.2
19292.4
19362.2
19677.2
20172.4
19278.8
19244.8
19098.6
19808.4
19873.2
19009.2
20745.8
20712.4
20645.6
21237.0
19146.0
18436.8
19202.6
19733.8
19569.2
21520.0
19533.4
19937.0
22977.8
22523.4
20895.4
20661.0
20930.8
20340.2
19620.6
19288.0
20617.8
20353.0
19998.0
20743.6
20249.4
20560.8
19756.4
19768.2
20358.0
20856.8
20466.0
21049.2
19589.0
19609.2
20230.0
19499.0
20248.2
19840.4
20983.4
21363.4
21503.0
19437.2
21746.0
22041.0
20083.8
20151.2
21517.6
19728.0
20226.4
20986.2
20394.2
19167.4
21082.2
21190.2
20593.0
21986.2
20240.6
19838.8
19670.8
20522.4
20310.0
20551.6
20260.0
17489.4
20791.6
17125.4
19679.6
21112.2
20601.6
14100.6
15799.2
18192.6
18606.0
18596.4
19160.8
18107.6
18214.6
18901.6
19469.0
18392.4
18187.8
18709.6
18769.2
18048.6
18450.8
17131.8
19078.4
15683.8
15342.2
13755.6
11286.8
11215.6
11033.2
10184.6
7184.0
0.0
0.0
0.0
0.0
0.0
0.0
0.0
0.0
0.0
0.0
0.0
0.0
0.0
0.0
0.0
0.0
0.0
0.0
0.0
0.0
0.0
0.0
0.0
0.0
0.0
0.0
0.0
0.0
0.0
0.0
0.0
0.0
0.0
0.0
0.0
0.0
0.0
0.0
0.0
0.0
0.0
0.0
0.0
0.0
0.0
0.0
0.0
0.0
0.0
0.0
0.0
0.0
0.0
0.0
0.0
0.0
0.0
0.0
0.0
0.0
0.0
0.0
0.0
0.0
0.0
0.0
0.0
0.0
0.0
0.0
0.0
0.0
0.0
0.0
0.0
0.0
0.0
0.0
0.0
0.0
0.0
0.0
0.0
0.0
0.0
0.0
0.0
0.0
0.0
0.0
0.0
0.0
0.0
0.0
0.0
0.0
0.0
0.0
0.0
0.0
0.0
0.0
0.0
0.0
0.0
0.0
0.0
0.0
0.0
0.0
0.0
0.0
0.0
0.0
0.0
0.0
0.0
0.0
0.0
0.0
0.0
0.0
0.0
0.0
0.0
0.0
0.0
0.0
0.0
0.0
0.0
0.0
0.0
0.0
0.0
0.0
0.0
0.0
0.0
0.0
0.0
0.0
0.0
0.0
0.0
0.0
0.0
0.0
0.0
0.0
0.0
0.0
0.0
0.0
0.0
0.0
0.0
0.0
0.0
0.0
0.0
0.0
0.0
0.0
0.0
0.0
0.0
0.0
0.0
0.0
0.0
0.0
0.0
0.0
0.0
0.0
0.0
0.0
0.0
0.0
0.0
0.0
0.0
0.0
0.0
0.0
0.0
0.0
0.0
0.0
0.0
0.0
0.0
0.0
0.0
0.0
0.0
0.0
0.0
0.0
0.0
0.0
0.0
0.0
0.0
0.0
0.0
0.0
0.0
0.0
0.0
0.0
0.0
0.0
0.0
0.0
0.0
0.0
0.0
0.0
0.0
0.0
0.0
0.0
0.0
0.0
0.0
0.0
0.0
0.0
0.0
0.0
0.0
0.0
0.0
0.0
0.0
0.0
0.0
0.0
0.0
0.0
0.0
0.0
0.0
0.0
0.0
0.0
0.0
0.0
0.0
0.0
0.0
0.0
0.0
0.0
0.0
0.0
0.0
0.0
0.0
0.0
0.0
0.0
0.0
0.0
0.0
0.0
0.0
0.0
0.0
0.0
0.0
0.0
0.0
0.0
0.0
0.0
0.0
0.0
0.0
0.0
0.0
0.0
0.0
0.0
0.0
0.0
0.0
0.0
0.0
0.0
0.0
0.0
0.0
0.0
0.0
0.0
0.0
0.0
0.0
0.0
0.0
0.0
0.0
0.0
0.0
0.0
0.0
0.0
0.0
0.0
0.0
0.0
0.0
0.0
0.0
0.0
0.0
0.0
0.0
0.0
0.0
0.0
0.0
0.0
0.0
0.0
0.0
0.0
0.0
0.0
0.0
0.0
0.0
0.0
0.0
0.0
0.0
0.0
0.0
0.0
0.0
0.0
0.0
0.0
0.0
0.0
0.0
0.0
0.0
0.0
0.0
0.0
0.0
0.0
0.0
0.0
0.0
0.0
0.0
0.0
0.0
0.0
0.0
0.0
0.0
0.0
0.0
0.0
0.0
0.0
0.0
0.0
0.0
0.0
0.0
0.0
0.0
0.0
0.0
0.0
0.0
0.0
0.0
0.0
0.0
0.0
0.0
0.0
0.0
0.0
0.0
0.0
0.0
0.0
0.0
0.0
0.0
0.0
0.0
0.0
0.0
0.0
0.0
0.0
0.0
0.0
0.0
0.0
0.0
0.0
0.0
0.0
0.0
0.0
0.0
0.0
0.0
0.0
0.0
0.0
0.0
0.0
0.0
0.0
0.0
0.0
0.0
0.0
0.0
0.0
0.0
0.0
0.0
0.0
0.0
0.0
0.0
0.0
0.0
0.0
0.0
0.0
0.0
0.0
0.0
0.0
0.0
0.0
0.0
0.0
0.0
0.0
0.0
0.0
0.0
0.0
0.0
0.0
0.0
0.0
0.0
0.0
0.0
0.0
0.0
0.0
0.0
0.0
0.0
0.0
0.0
0.0
0.0
0.0
0.0
0.0
0.0
0.0
0.0
0.0
0.0
0.0
0.0
0.0
0.0
0.0
0.0
0.0
0.0
0.0
0.0
0.0
0.0
0.0
0.0
0.0
0.0
0.0
0.0
0.0
0.0
0.0
0.0
0.0
0.0
0.0
0.0
0.0
0.0
0.0
0.0
0.0
0.0
0.0
0.0
0.0
0.0
0.0
0.0
0.0
0.0
0.0
0.0
0.0
0.0
0.0
0.0
0.0
0.0
0.0
0.0
0.0
0.0
0.0
0.0
0.0
0.0
0.0
0.0
0.0
0.0
0.0
0.0
0.0
0.0
0.0
0.0
0.0
0.0
0.0
0.0
0.0
0.0
0.0
0.0
0.0
0.0
0.0
0.0
0.0
0.0
0.0
0.0
0.0
0.0
0.0
0.0
0.0
0.0
0.0
0.0
0.0
0.0
0.0
0.0
0.0
0.0
0.0
0.0
