99.0
4605.6
5028.6
4788.8
5001.8
5101.4
5230.4
5064.4
5014.0
5218.4
5281.6
5501.2
5384.6
5104.0
5465.6
5538.0
5433.4
5492.2
5776.4
5659.4
5689.6
5611.4
5974.4
5856.4
5859.8
5657.8
5813.6
6009.0
5932.2
6329.4
6173.6
6121.8
6088.2
5873.0
5849.4
5841.6
5875.8
6091.8
6013.4
5931.4
6084.2
6141.4
6251.6
6364.0
5934.6
5982.0
5979.8
6175.8
5799.2
5934.6
5647.6
5756.2
5567.2
5512.6
5607.2
5368.2
5522.2
5599.2
5731.2
5743.2
5788.6
5548.4
5736.2
5803.6
5714.6
5740.6
5832.4
5539.8
5431.4
5441.8
5568.4
5575.2
5699.4
5810.2
5400.8
5726.4
5567.8
5845.2
5633.6
5570.6
5541.6
5812.6
5749.4
5729.6
5576.6
5847.0
5815.6
5648.8
5596.0
6009.6
5828.0
5663.2
5744.6
5749.0
5752.8
5777.2
5634.8
5803.0
5541.0
5590.6
5527.8
5553.4
5636.8
5559.2
5610.4
5941.0
5722.2
5919.6
5800.4
5987.2
5714.8
5731.8
5828.2
5996.4
5825.8
5846.8
5490.0
5729.6
5939.0
5615.6
5567.8
5511.6
5464.4
5448.0
5491.2
5437.4
5210.4
5485.2
5260.2
5467.8
5561.8
5362.6
5493.6
5584.2
5241.6
5642.0
5520.0
5563.8
5373.0
5474.8
5671.8
5494.0
5559.8
5563.0
5660.8
5593.0
5340.6
5389.2
5333.8
5604.6
5718.2
5579.2
5625.0
5645.6
5688.2
5521.0
5679.2
5551.4
5692.4
5574.0
5604.2
5608.4
5641.6
5582.6
5782.4
5670.0
5778.0
5648.6
5727.4
5608.4
5524.0
5633.0
5572.8
5575.0
5571.2
5642.0
5809.0
5814.6
5584.8
5660.0
5605.6
5674.2
5470.4
5491.8
5287.0
5270.0
5530.6
5467.0
5388.6
5373.0
5693.6
5515.4
5487.6
5351.8
5254.0
5299.4
5327.0
5255.8
5422.0
5278.0
5602.2
5313.6
5588.0
5168.4
5182.0
5597.4
5673.8
5523.0
5559.0
5465.2
5433.8
5622.6
5684.6
5449.4
5597.4
5480.8
5566.4
5583.8
5672.4
5477.2
5583.8
5417.4
5448.6
5441.4
5505.4
5620.2
5628.4
5749.6
5744.8
5609.6
5308.4
5414.0
5467.4
5398.0
5450.4
5549.0
5624.4
5450.4
5594.2
5750.6
5674.0
5530.6
5460.0
5598.2
5753.0
5538.0
5757.6
5547.2
5572.2
5478.2
5575.8
5514.8
5401.6
5541.0
5537.6
5643.0
5474.4
5642.4
5465.8
5498.6
5396.0
5791.0
5704.4
5418.6
5604.4
5627.8
5456.2
5623.2
5549.6
5630.2
5530.0
5623.0
5582.8
5574.8
5690.2
5692.2
5529.6
5608.4
5313.4
5625.2
5460.8
5606.4
5581.2
5463.6
5531.0
5477.6
5493.6
5517.8
5618.6
5720.8
5862.4
5532.8
5605.0
5571.0
5448.8
5731.0
5482.4
5787.8
5826.6
5438.8
5688.4
5527.8
5751.0
5680.8
5597.4
5797.2
5740.4
5541.8
5515.2
5509.0
5748.8
5786.4
5689.8
5542.4
5656.4
5700.0
5416.4
5629.4
5601.0
5564.0
5531.4
5763.2
5527.0
5280.4
5511.0
5687.8
5547.6
5479.6
5441.2
5318.2
5506.2
5660.2
5736.8
5538.4
5631.4
5361.2
5526.6
5545.0
5614.6
5711.2
5515.0
5481.8
5314.8
5455.2
5608.6
5598.4
5679.4
5506.4
5420.6
5628.2
5654.8
5361.0
5477.0
5698.2
5683.4
5505.2
5480.2
5487.2
5559.6
5652.8
5528.2
5808.0
5795.2
5799.0
5800.0
5605.6
5512.6
5602.6
5753.0
5870.6
5487.8
5440.8
5366.8
5649.2
5415.8
5541.2
5577.4
5813.4
5785.8
5605.4
5744.2
5682.4
5683.8
5411.6
5640.8
5581.6
5643.4
5544.4
5696.2
5559.2
5658.8
5565.2
5574.2
5652.0
5361.8
5560.8
5388.6
5445.4
5532.4
5359.2
5416.6
5561.2
5514.4
5377.0
5527.0
5529.2
5345.8
5406.4
5561.8
5369.6
5456.0
5295.0
5375.8
5294.0
5338.4
5563.4
5533.0
5482.0
5351.6
5654.0
5432.0
5533.2
5653.4
5757.8
5502.8
5645.4
5495.6
5790.6
5591.2
5612.8
5668.2
5594.6
5532.4
5454.4
5381.8
5648.6
5456.4
5375.6
5473.0
5285.6
5547.8
5435.2
5397.8
5613.8
5478.0
5418.4
5529.6
5319.4
5698.6
5457.0
5597.2
5750.0
5676.8
5775.2
5311.8
5411.4
5561.8
5559.0
5478.4
5540.0
5573.6
5531.4
5527.4
5647.0
5649.6
5595.8
5557.8
5471.0
5527.6
5491.6
5254.2
5271.4
5413.4
5514.4
5543.4
5165.6
5276.4
5371.0
5564.6
5461.8
5510.8
5443.2
5371.2
5586.2
5675.4
5519.2
5466.6
5454.4
5540.4
5334.0
5452.4
5421.2
5376.2
5368.2
5757.2
5374.2
5459.2
5551.4
5290.4
5301.6
5610.2
5556.0
5477.4
5559.8
5582.8
5525.8
5341.8
5470.6
5388.0
5591.4
5723.0
5623.0
5630.0
5470.2
5489.6
5525.6
5605.6
5411.0
5356.6
5507.8
5584.0
5594.8
5619.2
5706.8
5549.8
5474.8
5505.8
5554.6
5458.2
5615.8
5336.8
5369.8
5469.8
5479.8
5414.6
5448.6
5643.4
5315.0
5817.0
5635.2
5548.8
5456.4
5633.8
5587.0
5395.2
5696.0
5496.2
5404.4
5412.6
5518.8
5406.8
5589.0
5697.4
5445.6
5747.2
5637.4
5681.6
5591.6
5462.0
5576.0
5384.2
5424.2
5539.2
5367.8
5445.6
5502.0
5271.8
5492.6
5546.6
5781.0
5592.6
5649.0
5810.4
5401.6
5298.4
5469.8
5628.0
5658.4
5634.6
5658.2
5664.8
5581.2
5493.6
5654.2
5378.8
5519.8
5498.0
5431.6
5664.6
5493.8
5633.0
5727.8
5492.4
5601.2
5602.4
5201.6
5514.6
5392.8
5494.8
5533.2
5502.4
5536.0
5597.6
5800.4
5686.0
5644.0
5692.2
5690.2
5483.0
5483.8
5401.4
5591.6
5437.0
5451.8
5471.2
5455.0
5539.8
5594.6
5485.6
5436.2
5532.2
5444.4
5582.4
5599.2
5580.6
5584.8
5650.0
5736.4
5520.8
5509.8
5643.6
5417.2
5420.8
5306.4
5495.6
5560.6
5622.4
5314.8
5609.2
5655.8
5692.0
5512.8
5531.8
5223.0
5223.8
5548.6
5516.6
5432.2
5458.6
5038.8
5000.4
5120.0
5390.8
5184.2
5539.4
5498.0
5341.6
5442.6
5681.2
5457.2
5435.2
5638.8
5466.4
5529.6
5473.6
5532.2
5678.8
5364.6
5231.8
5594.0
5571.8
5580.6
5575.4
5465.6
5580.2
5598.4
5544.4
5711.6
5623.6
5520.2
5332.2
5522.6
5589.0
5537.6
5452.6
5412.0
5679.6
5307.4
5015.2
5557.0
5625.8
5765.2
5691.2
5374.4
5098.6
5350.0
5496.2
5563.2
5587.2
5484.8
5485.4
5145.4
5393.2
5274.6
5351.4
5338.8
5383.0
5286.0
5470.2
5368.2
5348.2
5399.0
5190.0
5373.0
5203.4
4966.2
5413.0
5520.4
5322.0
5200.6
5251.4
5453.6
5394.8
5287.4
5135.0
5364.6
5179.0
5165.6
5161.8
5288.4
5429.6
5424.0
5006.6
5252.6
5494.6
5399.2
5345.4
5361.6
5265.0
5253.2
5440.2
5301.8
5379.6
5396.8
5266.0
5374.4
5404.8
5299.8
5263.0
5378.0
5476.6
5211.2
5189.2
4967.2
5265.8
5352.2
5104.6
5294.0
5485.2
5361.8
5186.8
5325.0
5560.2
5365.0
5393.4
5289.6
5216.8
5239.6
5234.4
5303.6
5392.2
5100.8
4878.4
5185.2
5528.2
5134.6
5352.8
5307.6
5337.0
5345.4
5246.6
5218.0
5319.2
5327.2
5196.0
5350.8
5336.0
5045.4
5008.4
5197.2
5153.2
5180.8
5106.8
5076.2
5226.4
5248.6
5377.2
5475.2
5244.6
4956.4
5064.2
5397.2
5503.4
5539.4
5338.6
5291.6
5534.2
5137.0
5275.6
5520.2
5411.0
5611.0
5561.0
5081.0
5324.8
5454.0
5498.0
5501.8
5564.0
5313.6
5420.2
5589.2
5444.0
5389.0
5284.2
5320.8
5446.2
5371.8
5282.0
5483.0
5515.0
5508.6
5530.4
5334.6
5000.8
5103.6
5296.4
5422.2
5270.6
5336.6
5312.2
5335.6
5428.4
5403.2
5385.0
5563.0
5415.6
5174.6
5343.8
5517.0
5225.8
5124.6
4999.8
5364.4
5491.4
5490.0
5609.6
5630.0
5294.6
5311.6
5401.4
5284.4
5410.8
5458.2
5330.0
5243.0
5464.8
5322.2
5492.6
5526.4
5464.0
5675.8
5537.8
5246.6
5502.4
5555.6
5428.8
5105.4
5267.0
5225.2
5335.2
5364.6
5341.4
5397.2
5499.0
5513.0
5398.0
5452.2
5002.6
5099.4
5276.0
5246.4
5417.2
5526.6
5434.4
5319.0
5561.6
5416.4
5376.0
5300.4
5386.0
5460.0
5581.6
5447.6
5430.4
5181.2
5318.2
5349.2
5190.0
5531.8
5630.0
5464.6
5347.0
5285.2
5213.6
5450.8
5460.6
5442.0
5167.0
5021.8
5314.8
5405.2
5212.4
5173.6
5235.2
5615.4
5291.4
5355.8
5520.2
5486.2
5609.0
5551.0
5647.0
5668.0
5368.8
5444.0
5336.6
5473.6
5344.6
5333.0
5461.0
5553.4
5444.4
5552.4
5196.8
5193.6
5415.2
5488.2
5507.0
5358.8
5441.2
5304.0
5479.8
5154.4
5480.4
5311.8
5398.2
5426.2
5385.8
5379.8
5366.0
5398.6
5375.0
5521.4
5430.0
5382.0
5484.4
5414.4
5454.6
5429.0
5524.4
5481.2
5186.4
5150.2
5367.2
5516.8
5466.2
5170.2
4938.2
4947.6
5139.4
5278.0
5398.4
5561.6
5360.0
5276.8
5327.2
5391.2
5480.0
5372.0
5477.0
5498.2
5505.6
5264.4
5252.6
5436.8
5211.6
5197.2
5240.6
5469.4
