26009.6
25571.2
25035.8
25532.8
26448.4
26877.4
26037.2
26664.2
25317.2
27749.6
25216.4
27537.0
26493.2
26100.8
25865.8
25840.6
25892.8
26741.4
26612.0
26175.8
26449.4
25904.2
28456.8
26875.4
25312.8
26716.4
27748.6
25962.0
26477.4
26399.0
27379.4
27425.8
26134.8
26537.2
27148.4
25543.4
28266.2
27315.0
27287.8
28488.8
27521.2
21329.0
29679.2
24822.4
24099.0
23498.0
22360.0
21540.8
25492.4
22101.2
20171.0
24852.0
19227.8
25368.8
21843.4
23023.4
23879.2
21409.8
21870.2
22337.2
22440.6
32328.2
24211.2
25073.6
22112.8
35236.8
39778.4
23449.8
24538.4
22581.4
22587.8
23250.8
22338.8
42956.4
22257.6
22796.2
21398.0
23121.0
26968.8
22790.0
22906.2
22455.2
19172.0
31807.4
22656.6
22335.2
22790.8
21295.0
21253.6
24965.8
22084.2
22816.2
21062.6
22196.0
26585.6
21703.4
22027.6
22318.8
22141.4
22229.6
22555.2
22260.0
23776.4
21967.0
21208.2
21695.2
21052.4
15939.6
10877.4
16585.8
9965.4
7812.4
14235.2
9286.6
10769.2
8441.0
11004.2
8279.8
14831.6
9320.0
9923.0
9295.2
9905.8
9452.6
39665.0
25009.8
9462.0
20705.4
13643.8
126535.2
14341.2
8506.8
8714.8
12086.4
48294.4
8939.4
11117.0
12194.0
24610.6
10099.2
12366.0
8309.8
10931.0
7041.8
7611.6
8270.2
24530.4
8923.6
6984.2
7547.2
67271.0
7623.2
5379.6
3933.2
4515.4
2859.8
13871.0
4379.2
13925.2
2285.0
2451.8
18201.4
3392.0
2731.2
2885.8
4253.6
2477.6
1812.6
2638.4
1965.4
10453.0
3784.4
5777.8
1067.2
2734.2
7443.4
8160.6
1628.4
3756.6
17011.2
1672.0
2730.8
1407.6
1563.2
2720.8
2656.4
2645.0
1897.8
2355.8
1522.0
1589.4
1858.4
1726.0
1383.6
1465.2
1807.6
1580.0
1333.6
1262.4
1312.6
1293.8
1430.6
1209.0
1166.0
1314.4
1396.0
1813.2
1762.4
2219.6
1789.4
1308.8
1051.4
1166.4
1135.8
1324.4
1064.8
1031.8
1133.0
1050.2
1004.2
1147.6
1117.8
1165.8
823.6
1108.6
753.8
553.0
619.6
650.6
620.6
654.4
487.6
558.8
500.4
659.6
643.4
632.6
646.8
534.8
404.6
363.0
327.6
337.6
313.4
315.6
210.8
316.0
291.6
273.8
388.2
603.2
522.0
336.2
290.0
316.0
332.8
359.0
496.2
553.8
641.0
675.6
788.2
874.4
831.8
763.2
601.2
458.6
340.4
263.4
288.0
813.8
264.8
314.0
300.8
411.6
649.4
578.4
607.0
607.8
569.2
554.4
572.4
630.8
561.8
495.0
427.0
399.4
402.8
314.6
214.0
191.8
203.8
121.0
201.8
200.2
232.0
239.8
241.4
282.0
275.0
270.0
375.2
337.2
359.0
262.2
182.2
169.2
176.6
233.6
140.6
182.2
107.8
170.2
138.0
100.6
116.2
108.6
120.8
107.2
102.6
110.2
116.8
163.0
159.6
137.2
134.8
216.2
178.2
186.2
234.0
253.0
292.4
165.6
182.0
170.2
178.4
118.0
141.2
64.2
83.6
65.0
56.2
32.2
39.6
53.2
28.8
41.4
12.8
25.0
28.0
20.0
33.4
62.8
69.8
74.0
78.6
101.6
103.0
110.8
100.4
136.8
127.4
111.6
92.6
83.6
66.4
44.2
36.8
19.8
28.6
22.8
14.6
11.8
10.2
25.8
16.6
8.4
8.0
11.4
9.2
16.2
6.8
10.6
10.0
12.0
16.4
8.0
8.6
2.8
9.0
5.0
0.0
35.2
26.4
1.2
6.4
0.0
10.0
12.6
22.8
2.8
8.2
7.6
0.8
6.2
1.2
13.6
8.0
1.6
0.0
12.6
7.4
7.6
1.0
0.0
3.2
2.8
0.0
0.0
0.0
0.0
0.0
2.0
11.0
7.0
0.6
0.0
13.0
0.0
1.2
0.2
0.0
2.0
0.0
0.0
3.4
0.0
0.0
0.0
0.0
0.0
3.8
0.6
0.0
0.0
0.0
0.0
0.0
0.0
0.0
0.0
0.0
0.0
0.0
0.0
0.0
0.0
0.0
0.0
0.0
0.0
0.0
0.0
0.0
0.0
0.0
0.0
0.0
0.0
0.0
0.0
0.0
0.0
0.0
0.0
0.0
0.0
0.0
0.0
0.0
0.0
0.0
0.0
0.0
0.0
0.0
0.0
0.0
0.0
0.0
0.0
0.0
0.0
0.0
0.0
0.0
0.0
0.0
0.0
0.0
0.0
0.0
0.0
0.0
0.0
0.0
0.0
0.0
0.0
0.0
0.0
0.0
0.0
0.0
0.0
0.0
0.0
0.0
0.0
0.0
0.0
0.0
0.0
0.0
0.0
0.0
0.0
0.0
0.0
0.0
0.0
0.0
0.0
0.0
0.0
0.0
0.0
0.0
0.0
0.0
0.0
0.0
0.0
0.0
0.0
0.0
0.0
0.0
0.0
0.0
0.0
0.0
0.0
0.0
0.0
0.0
0.0
0.0
0.0
0.0
0.0
0.0
0.0
0.0
0.0
0.0
0.0
0.0
0.0
0.0
0.0
0.0
0.0
0.0
0.0
0.0
0.0
0.0
0.0
0.0
0.0
0.0
0.0
0.0
0.0
0.0
0.0
0.0
0.0
0.0
0.0
0.0
0.0
0.0
0.0
0.0
0.0
0.0
0.0
0.0
0.0
0.0
0.0
0.0
0.0
0.0
0.0
0.0
0.0
0.0
0.0
0.0
0.0
0.0
0.0
0.0
0.0
0.0
0.0
0.0
0.0
0.0
0.0
0.0
0.0
0.0
0.0
0.0
0.0
0.0
0.0
0.0
0.0
0.0
0.0
0.0
0.0
0.0
0.0
0.0
0.0
0.0
0.0
0.0
0.0
0.0
0.0
0.0
0.0
0.0
0.0
0.0
0.0
0.0
0.0
0.0
0.0
0.0
0.0
0.0
0.0
0.0
0.0
0.0
0.0
0.0
0.0
0.0
0.0
0.0
0.0
0.0
0.0
0.0
0.0
0.0
0.0
0.0
0.0
0.0
0.0
0.0
0.0
0.0
0.0
0.0
0.0
0.0
0.0
0.0
0.0
0.0
0.0
0.0
0.0
0.0
0.0
0.0
0.0
0.0
0.0
0.0
0.0
0.0
0.0
0.0
0.0
0.0
0.0
0.0
0.0
0.0
0.0
0.0
0.0
0.0
0.0
0.0
0.0
0.0
0.0
0.0
0.0
0.0
0.0
0.0
0.0
0.0
0.0
0.0
0.0
0.0
0.0
0.0
0.0
0.0
0.0
0.0
0.0
0.0
0.0
0.0
0.0
0.0
0.0
0.0
0.0
0.0
0.0
0.0
0.0
0.0
0.0
0.0
0.0
0.0
0.0
0.0
0.0
0.0
0.0
0.0
0.0
0.0
0.0
0.0
0.0
0.0
0.0
0.0
0.0
0.0
0.0
0.0
0.0
0.0
0.0
0.0
0.0
0.0
0.0
0.0
0.0
0.0
0.0
0.0
0.0
0.0
0.0
0.0
0.0
0.0
0.0
0.0
0.0
0.0
0.0
0.0
0.0
0.0
0.0
0.0
0.0
0.0
0.0
0.0
0.0
0.0
0.0
0.0
0.0
0.0
0.0
0.0
0.0
0.0
0.0
0.0
0.0
0.0
0.0
0.0
0.0
0.0
0.0
0.0
0.0
0.0
0.0
0.0
0.0
0.0
0.0
0.0
0.0
0.0
0.0
0.0
0.0
0.0
0.0
0.0
0.0
0.0
0.0
0.0
0.0
0.0
0.0
0.0
0.0
0.0
0.0
0.0
0.0
0.0
0.0
0.0
0.0
0.0
0.0
0.0
0.0
0.0
0.0
0.0
0.0
0.0
0.0
0.0
0.0
0.0
0.0
0.0
0.0
0.0
0.0
0.0
0.0
0.0
0.0
0.0
0.0
0.0
0.0
0.0
0.0
0.0
0.0
0.0
0.0
0.0
0.0
0.0
0.0
0.0
0.0
0.0
0.0
0.0
0.0
0.0
0.0
0.0
0.0
0.0
0.0
0.0
0.0
0.0
0.0
0.0
0.0
0.0
0.0
0.0
0.0
0.0
0.0
0.0
0.0
0.0
0.0
0.0
0.0
0.0
0.0
0.0
0.0
0.0
0.0
0.0
0.0
0.0
0.0
0.0
0.0
0.0
0.0
0.0
0.0
0.0
0.0
0.0
0.0
0.0
0.0
0.0
0.0
0.0
0.0
0.0
0.0
0.0
0.0
0.0
0.0
0.0
0.0
0.0
0.0
0.0
0.0
0.0
0.0
0.0
0.0
0.0
0.0
0.0
0.0
0.0
0.0
0.0
0.0
0.0
0.0
0.0
0.0
0.0
0.0
0.0
0.0
0.0
0.0
0.0
0.0
0.0
0.0
0.0
0.0
0.0
0.0
0.0
0.0
0.0
0.0
0.0
0.0
0.0
