29.0
6832.0
10538.0
11061.0
11101.0
10869.0
11065.0
10856.0
10834.0
10277.0
10688.0
10927.0
10888.0
10668.0
11373.0
11354.0
11127.0
10344.0
11330.0
11026.0
10840.0
10636.0
10786.0
10966.0
10960.0
11110.0
11162.0
11203.0
11279.0
11084.0
11433.0
11119.0
10650.0
10756.0
10867.0
11288.0
11296.0
11024.0
11427.0
10989.0
11225.0
10980.0
11185.0
10645.0
11090.0
11346.0
11293.0
11250.0
11239.0
11409.0
11102.0
11377.0
11232.0
11266.0
10931.0
11081.0
11157.0
10859.0
11291.0
11452.0
11172.0
11311.0
10252.0
10840.0
11014.0
11019.0
10858.0
11145.0
11236.0
11143.0
11105.0
11301.0
11111.0
11164.0
10975.0
11504.0
10941.0
10416.0
10641.0
10735.0
10902.0
11112.0
11294.0
10863.0
11141.0
11252.0
11262.0
11069.0
11316.0
10990.0
11014.0
11266.0
11513.0
11229.0
11375.0
11490.0
10910.0
10909.0
11373.0
11221.0
10902.0
10782.0
11053.0
11237.0
11319.0
11175.0
11158.0
11044.0
10611.0
10882.0
10997.0
11099.0
11302.0
11022.0
11335.0
11217.0
10974.0
10951.0
10911.0
11172.0
10683.0
10906.0
10922.0
9618.0
10285.0
11170.0
10704.0
11006.0
11041.0
10715.0
11246.0
10970.0
10925.0
11347.0
11334.0
11115.0
11224.0
11181.0
11292.0
11190.0
11267.0
11333.0
11196.0
10845.0
11323.0
11353.0
11399.0
11354.0
10778.0
11154.0
11005.0
11128.0
10981.0
10870.0
10429.0
10139.0
10514.0
10496.0
10569.0
10886.0
10383.0
11008.0
10583.0
11033.0
11130.0
10762.0
10859.0
11500.0
11015.0
10752.0
10929.0
11008.0
11087.0
10815.0
11354.0
10694.0
11089.0
10990.0
10829.0
11232.0
11328.0
11172.0
10907.0
11055.0
11241.0
11213.0
10901.0
11025.0
11145.0
10925.0
10905.0
10828.0
11405.0
11010.0
11096.0
11231.0
11481.0
11038.0
11415.0
11220.0
11187.0
11154.0
11162.0
10794.0
10898.0
10963.0
10705.0
10941.0
10819.0
10814.0
10987.0
11133.0
11365.0
10869.0
11338.0
11333.0
11303.0
11021.0
10980.0
11024.0
11251.0
11110.0
11225.0
10914.0
10965.0
11140.0
11027.0
11188.0
11265.0
11166.0
10862.0
11024.0
11326.0
11152.0
11090.0
11324.0
11117.0
11044.0
11124.0
10912.0
11184.0
11307.0
11015.0
10783.0
10466.0
10499.0
9140.0
10944.0
10253.0
10936.0
10707.0
11019.0
10944.0
10890.0
10894.0
11109.0
10240.0
10106.0
10367.0
10317.0
9703.0
10334.0
9548.0
10341.0
9853.0
8860.0
8101.0
6631.0
6709.0
6633.0
7066.0
4147.0
2092.0
1704.0
1894.0
2012.0
2108.0
899.0
463.0
0.0
0.0
0.0
0.0
0.0
0.0
0.0
0.0
0.0
0.0
0.0
0.0
0.0
0.0
0.0
0.0
0.0
0.0
0.0
0.0
0.0
0.0
0.0
0.0
0.0
0.0
0.0
0.0
0.0
0.0
0.0
0.0
0.0
0.0
0.0
0.0
0.0
0.0
0.0
0.0
0.0
0.0
0.0
0.0
0.0
0.0
0.0
0.0
0.0
0.0
0.0
0.0
0.0
0.0
0.0
0.0
0.0
0.0
0.0
0.0
0.0
0.0
0.0
0.0
0.0
0.0
0.0
0.0
0.0
0.0
0.0
0.0
0.0
0.0
0.0
0.0
0.0
0.0
0.0
0.0
0.0
0.0
0.0
0.0
0.0
0.0
0.0
0.0
0.0
0.0
0.0
0.0
0.0
0.0
0.0
0.0
0.0
0.0
0.0
0.0
0.0
0.0
0.0
0.0
0.0
0.0
0.0
0.0
0.0
0.0
0.0
0.0
0.0
0.0
0.0
0.0
0.0
0.0
0.0
0.0
0.0
0.0
0.0
0.0
0.0
0.0
0.0
0.0
0.0
0.0
0.0
0.0
0.0
0.0
0.0
0.0
0.0
0.0
0.0
0.0
0.0
0.0
0.0
0.0
0.0
0.0
0.0
0.0
0.0
0.0
0.0
0.0
0.0
0.0
0.0
0.0
0.0
0.0
0.0
0.0
0.0
0.0
0.0
0.0
0.0
0.0
0.0
0.0
0.0
0.0
0.0
0.0
0.0
0.0
0.0
0.0
0.0
0.0
0.0
0.0
0.0
0.0
0.0
0.0
0.0
0.0
0.0
0.0
0.0
0.0
0.0
0.0
0.0
0.0
0.0
0.0
0.0
0.0
0.0
0.0
0.0
0.0
0.0
0.0
0.0
0.0
0.0
0.0
0.0
0.0
0.0
0.0
0.0
0.0
0.0
0.0
0.0
0.0
0.0
0.0
0.0
0.0
0.0
0.0
0.0
0.0
0.0
0.0
0.0
0.0
0.0
0.0
0.0
0.0
0.0
0.0
0.0
0.0
0.0
0.0
0.0
0.0
0.0
0.0
0.0
0.0
0.0
0.0
0.0
0.0
0.0
0.0
0.0
0.0
0.0
0.0
0.0
0.0
0.0
0.0
0.0
0.0
0.0
0.0
0.0
0.0
0.0
0.0
0.0
0.0
0.0
0.0
0.0
0.0
0.0
0.0
0.0
0.0
0.0
0.0
0.0
0.0
0.0
0.0
0.0
0.0
0.0
0.0
0.0
0.0
0.0
0.0
0.0
0.0
0.0
0.0
0.0
0.0
0.0
0.0
0.0
0.0
0.0
0.0
0.0
0.0
0.0
0.0
0.0
0.0
0.0
0.0
0.0
0.0
0.0
0.0
0.0
0.0
0.0
0.0
0.0
0.0
0.0
0.0
0.0
0.0
0.0
0.0
0.0
0.0
0.0
0.0
0.0
0.0
0.0
0.0
0.0
0.0
0.0
0.0
0.0
0.0
0.0
0.0
0.0
0.0
0.0
0.0
0.0
0.0
0.0
0.0
0.0
0.0
0.0
0.0
0.0
0.0
0.0
0.0
0.0
0.0
0.0
0.0
0.0
0.0
0.0
0.0
0.0
0.0
0.0
0.0
0.0
0.0
0.0
0.0
0.0
0.0
0.0
0.0
0.0
0.0
0.0
0.0
0.0
0.0
0.0
0.0
0.0
0.0
0.0
0.0
0.0
0.0
0.0
0.0
0.0
0.0
0.0
0.0
0.0
0.0
0.0
0.0
0.0
0.0
0.0
0.0
0.0
0.0
0.0
0.0
0.0
0.0
0.0
0.0
0.0
0.0
0.0
0.0
0.0
0.0
0.0
0.0
0.0
0.0
0.0
0.0
0.0
0.0
0.0
0.0
0.0
0.0
0.0
0.0
0.0
0.0
0.0
0.0
0.0
0.0
0.0
0.0
0.0
0.0
0.0
0.0
0.0
0.0
0.0
0.0
0.0
0.0
0.0
0.0
0.0
0.0
0.0
0.0
0.0
0.0
0.0
0.0
0.0
0.0
0.0
0.0
0.0
0.0
0.0
0.0
0.0
0.0
0.0
0.0
0.0
0.0
0.0
0.0
0.0
0.0
0.0
0.0
0.0
0.0
0.0
0.0
0.0
0.0
0.0
0.0
0.0
0.0
0.0
0.0
0.0
0.0
0.0
0.0
0.0
0.0
0.0
0.0
0.0
0.0
0.0
0.0
0.0
0.0
0.0
0.0
0.0
0.0
0.0
0.0
0.0
0.0
0.0
0.0
0.0
0.0
0.0
0.0
0.0
0.0
0.0
0.0
0.0
0.0
0.0
0.0
0.0
0.0
0.0
0.0
0.0
0.0
0.0
0.0
0.0
0.0
0.0
0.0
0.0
0.0
0.0
0.0
0.0
0.0
0.0
0.0
0.0
0.0
0.0
0.0
0.0
0.0
0.0
0.0
0.0
0.0
0.0
0.0
0.0
0.0
0.0
0.0
0.0
0.0
0.0
0.0
0.0
0.0
0.0
0.0
0.0
0.0
0.0
0.0
0.0
0.0
0.0
0.0
0.0
0.0
0.0
0.0
0.0
0.0
0.0
0.0
0.0
0.0
0.0
0.0
0.0
0.0
0.0
0.0
0.0
0.0
0.0
0.0
0.0
0.0
0.0
0.0
0.0
0.0
0.0
0.0
0.0
0.0
0.0
0.0
0.0
0.0
0.0
0.0
0.0
0.0
0.0
0.0
0.0
0.0
0.0
0.0
0.0
0.0
0.0
0.0
0.0
0.0
0.0
0.0
0.0
0.0
0.0
0.0
0.0
0.0
0.0
0.0
0.0
0.0
0.0
0.0
0.0
0.0
0.0
0.0
0.0
0.0
0.0
0.0
0.0
0.0
0.0
0.0
0.0
0.0
0.0
0.0
0.0
0.0
0.0
0.0
0.0
0.0
0.0
0.0
0.0
0.0
0.0
0.0
0.0
0.0
0.0
0.0
0.0
0.0
0.0
0.0
0.0
0.0
0.0
0.0
0.0
0.0
0.0
0.0
0.0
0.0
0.0
0.0
0.0
0.0
0.0
0.0
0.0
0.0
0.0
0.0
0.0
0.0
0.0
0.0
0.0
0.0
0.0
0.0
0.0
0.0
0.0
0.0
0.0
0.0
0.0
0.0
0.0
