99.0
24940.4
36477.6
37338.8
37915.0
36765.8
37831.0
37436.8
36423.2
35812.4
35972.6
36395.4
36468.0
36800.2
37803.4
37775.0
36449.8
36435.0
37802.0
37212.0
36951.4
37428.4
35787.8
36843.4
36158.4
36846.4
37235.6
36710.6
37422.0
36959.8
37705.2
37001.0
35029.0
36017.8
36172.0
37007.0
35315.0
36491.2
35634.4
34934.0
33681.6
35578.6
35662.2
37061.6
36410.0
37681.2
37404.4
37465.0
37322.2
37168.2
36687.2
37186.0
37013.2
37299.8
36892.2
37311.4
36993.8
35145.2
37053.2
37649.6
36354.6
36896.2
32870.2
34479.6
35836.8
35884.2
36836.0
35742.0
36337.2
37112.0
37511.4
37125.0
37121.6
36798.2
37238.4
37147.6
37149.8
33753.6
34780.2
35276.6
36155.2
36659.2
36538.2
35578.8
36830.2
36725.6
37557.4
37802.0
37712.8
37183.2
37739.0
37753.0
38060.8
37288.4
37632.6
37234.4
36962.0
37007.0
36794.0
36120.8
37107.4
36158.8
35457.0
34803.8
36038.6
35584.2
37063.2
36917.0
37130.6
36579.6
35642.8
36739.0
36984.8
37263.6
36732.8
36696.0
36514.2
36382.8
36438.4
37314.4
36334.4
34651.0
35331.2
32786.4
33743.8
34329.4
35517.8
35914.2
35955.4
35807.0
36025.6
35822.4
35944.2
36577.6
36900.2
35972.2
36664.6
36862.0
36411.8
37461.0
37407.4
37426.0
37327.0
36910.8
36996.2
37400.2
36723.2
36868.4
36686.6
37004.4
37032.8
37505.2
36913.8
34606.4
31009.6
33180.8
34151.4
34925.4
35180.4
35546.2
35278.4
35212.0
36332.8
35749.6
35246.6
35355.0
35164.4
35574.4
35971.8
36465.2
36402.0
35999.2
36850.4
36875.6
36776.8
36512.0
36821.4
36465.2
37006.6
36907.4
37168.6
36868.6
36722.6
36346.2
36661.4
37361.4
37107.8
36054.4
36882.4
36765.0
36992.0
36707.0
36348.2
36721.0
37334.8
37001.8
36941.4
36425.6
36935.6
36530.0
36729.8
37216.0
37140.6
36300.2
35646.6
37331.8
36925.8
36293.4
36432.6
36590.8
37309.6
36879.6
36911.4
37454.0
36615.4
36908.4
36964.2
37454.8
36056.0
35867.0
36363.6
36520.6
36356.2
35947.2
35447.8
35513.6
35195.8
35536.6
35487.8
35651.8
36779.4
36910.0
36499.0
37115.2
36970.4
36530.2
35468.2
34202.2
34536.2
35270.2
35940.8
36365.0
36382.0
36741.8
36741.4
35952.0
33934.2
33062.6
33964.4
35836.8
34002.0
33726.0
34883.0
35476.6
34615.2
34678.6
33995.4
33486.8
33354.0
33755.8
32938.8
31504.0
30738.2
30590.2
30747.8
29813.6
29487.0
28982.8
27410.2
22830.8
18142.0
18276.8
15086.6
13439.0
13426.8
13032.8
11056.4
8651.6
8297.8
7755.2
5295.0
4175.2
3411.0
2252.0
1687.6
1210.2
893.8
724.0
295.8
167.6
0.0
0.0
0.0
0.0
0.0
0.0
0.0
0.0
0.0
0.0
0.0
0.0
0.0
0.0
0.0
0.0
0.0
0.0
0.0
0.0
0.0
0.0
0.0
0.0
0.0
0.0
0.0
0.0
0.0
0.0
0.0
0.0
0.0
0.0
0.0
0.0
0.0
0.0
0.0
0.0
0.0
0.0
0.0
0.0
0.0
0.0
0.0
0.0
0.0
0.0
0.0
0.0
0.0
0.0
0.0
0.0
0.0
0.0
0.0
0.0
0.0
0.0
0.0
0.0
0.0
0.0
0.0
0.0
0.0
0.0
0.0
0.0
0.0
0.0
0.0
0.0
0.0
0.0
0.0
0.0
0.0
0.0
0.0
0.0
0.0
0.0
0.0
0.0
0.0
0.0
0.0
0.0
0.0
0.0
0.0
0.0
0.0
0.0
0.0
0.0
0.0
0.0
0.0
0.0
0.0
0.0
0.0
0.0
0.0
0.0
0.0
0.0
0.0
0.0
0.0
0.0
0.0
0.0
0.0
0.0
0.0
0.0
0.0
0.0
0.0
0.0
0.0
0.0
0.0
0.0
0.0
0.0
0.0
0.0
0.0
0.0
0.0
0.0
0.0
0.0
0.0
0.0
0.0
0.0
0.0
0.0
0.0
0.0
0.0
0.0
0.0
0.0
0.0
0.0
0.0
0.0
0.0
0.0
0.0
0.0
0.0
0.0
0.0
0.0
0.0
0.0
0.0
0.0
0.0
0.0
0.0
0.0
0.0
0.0
0.0
0.0
0.0
0.0
0.0
0.0
0.0
0.0
0.0
0.0
0.0
0.0
0.0
0.0
0.0
0.0
0.0
0.0
0.0
0.0
0.0
0.0
0.0
0.0
0.0
0.0
0.0
0.0
0.0
0.0
0.0
0.0
0.0
0.0
0.0
0.0
0.0
0.0
0.0
0.0
0.0
0.0
0.0
0.0
0.0
0.0
0.0
0.0
0.0
0.0
0.0
0.0
0.0
0.0
0.0
0.0
0.0
0.0
0.0
0.0
0.0
0.0
0.0
0.0
0.0
0.0
0.0
0.0
0.0
0.0
0.0
0.0
0.0
0.0
0.0
0.0
0.0
0.0
0.0
0.0
0.0
0.0
0.0
0.0
0.0
0.0
0.0
0.0
0.0
0.0
0.0
0.0
0.0
0.0
0.0
0.0
0.0
0.0
0.0
0.0
0.0
0.0
0.0
0.0
0.0
0.0
0.0
0.0
0.0
0.0
0.0
0.0
0.0
0.0
0.0
0.0
0.0
0.0
0.0
0.0
0.0
0.0
0.0
0.0
0.0
0.0
0.0
0.0
0.0
0.0
0.0
0.0
0.0
0.0
0.0
0.0
0.0
0.0
0.0
0.0
0.0
0.0
0.0
0.0
0.0
0.0
0.0
0.0
0.0
0.0
0.0
0.0
0.0
0.0
0.0
0.0
0.0
0.0
0.0
0.0
0.0
0.0
0.0
0.0
0.0
0.0
0.0
0.0
0.0
0.0
0.0
0.0
0.0
0.0
0.0
0.0
0.0
0.0
0.0
0.0
0.0
0.0
0.0
0.0
0.0
0.0
0.0
0.0
0.0
0.0
0.0
0.0
0.0
0.0
0.0
0.0
0.0
0.0
0.0
0.0
0.0
0.0
0.0
0.0
0.0
0.0
0.0
0.0
0.0
0.0
0.0
0.0
0.0
0.0
0.0
0.0
0.0
0.0
0.0
0.0
0.0
0.0
0.0
0.0
0.0
0.0
0.0
0.0
0.0
0.0
0.0
0.0
0.0
0.0
0.0
0.0
0.0
0.0
0.0
0.0
0.0
0.0
0.0
0.0
0.0
0.0
0.0
0.0
0.0
0.0
0.0
0.0
0.0
0.0
0.0
0.0
0.0
0.0
0.0
0.0
0.0
0.0
0.0
0.0
0.0
0.0
0.0
0.0
0.0
0.0
0.0
0.0
0.0
0.0
0.0
0.0
0.0
0.0
0.0
0.0
0.0
0.0
0.0
0.0
0.0
0.0
0.0
0.0
0.0
0.0
0.0
0.0
0.0
0.0
0.0
0.0
0.0
0.0
0.0
0.0
0.0
0.0
0.0
0.0
0.0
0.0
0.0
0.0
0.0
0.0
0.0
0.0
0.0
0.0
0.0
0.0
0.0
0.0
0.0
0.0
0.0
0.0
0.0
0.0
0.0
0.0
0.0
0.0
0.0
0.0
0.0
0.0
0.0
0.0
0.0
0.0
0.0
0.0
0.0
0.0
0.0
0.0
0.0
0.0
0.0
0.0
0.0
0.0
0.0
0.0
0.0
0.0
0.0
0.0
0.0
0.0
0.0
0.0
0.0
0.0
0.0
0.0
0.0
0.0
0.0
0.0
0.0
0.0
0.0
0.0
0.0
0.0
0.0
0.0
0.0
0.0
0.0
0.0
0.0
0.0
0.0
0.0
0.0
0.0
0.0
0.0
0.0
0.0
0.0
0.0
0.0
0.0
0.0
0.0
0.0
0.0
0.0
0.0
0.0
0.0
0.0
0.0
0.0
0.0
0.0
0.0
0.0
0.0
0.0
0.0
0.0
0.0
0.0
0.0
0.0
0.0
0.0
0.0
0.0
0.0
0.0
0.0
0.0
0.0
0.0
0.0
0.0
0.0
0.0
0.0
0.0
0.0
0.0
0.0
0.0
0.0
0.0
0.0
0.0
0.0
0.0
0.0
0.0
0.0
0.0
0.0
0.0
0.0
0.0
0.0
0.0
0.0
0.0
0.0
0.0
0.0
0.0
0.0
0.0
0.0
0.0
0.0
0.0
0.0
0.0
0.0
0.0
0.0
0.0
0.0
0.0
0.0
0.0
0.0
0.0
0.0
0.0
0.0
0.0
0.0
0.0
0.0
0.0
0.0
0.0
0.0
0.0
0.0
0.0
0.0
0.0
0.0
0.0
0.0
0.0
0.0
0.0
0.0
0.0
0.0
0.0
0.0
0.0
0.0
0.0
0.0
0.0
0.0
0.0
0.0
0.0
0.0
0.0
0.0
0.0
0.0
0.0
0.0
0.0
0.0
0.0
0.0
0.0
0.0
0.0
0.0
0.0
0.0
0.0
0.0
0.0
0.0
0.0
0.0
0.0
0.0
