99.0
23281.0
36019.0
37450.0
38396.0
37341.0
37777.0
37526.0
37597.0
35651.0
36878.0
37377.0
37047.0
37362.0
37959.0
37772.0
38090.0
37172.0
38652.0
37871.0
37078.0
36412.0
37060.0
37328.0
37851.0
38088.0
38115.0
37743.0
38555.0
37662.0
37971.0
37238.0
35784.0
37299.0
37851.0
37876.0
37749.0
37277.0
37861.0
38093.0
38129.0
37859.0
37128.0
37432.0
37472.0
38381.0
37429.0
37796.0
37820.0
38336.0
37677.0
38547.0
37549.0
37581.0
37111.0
37695.0
37008.0
36639.0
36919.0
37984.0
38228.0
37833.0
36365.0
37563.0
37067.0
38238.0
35817.0
38037.0
38283.0
37695.0
38149.0
38690.0
37344.0
37705.0
37168.0
37633.0
37230.0
36602.0
36156.0
37832.0
37739.0
38477.0
37875.0
37447.0
37448.0
37845.0
38161.0
38241.0
38430.0
37281.0
37906.0
38912.0
38465.0
37422.0
38001.0
37732.0
37190.0
37752.0
37945.0
38018.0
39141.0
37303.0
37753.0
37710.0
38939.0
37413.0
37216.0
38209.0
37519.0
37207.0
37847.0
37247.0
37436.0
37627.0
38556.0
37735.0
37404.0
37128.0
37840.0
38174.0
37543.0
37019.0
36975.0
33642.0
36760.0
37166.0
37039.0
37412.0
37297.0
37302.0
37218.0
37402.0
37209.0
38583.0
37527.0
38404.0
37946.0
38080.0
37540.0
37756.0
37523.0
37993.0
37697.0
37872.0
37591.0
38684.0
37765.0
38029.0
37491.0
37807.0
36839.0
37400.0
37262.0
36265.0
35466.0
34586.0
35599.0
36286.0
37009.0
36999.0
37047.0
37256.0
37500.0
37409.0
37484.0
37268.0
36226.0
36885.0
38298.0
37103.0
37261.0
37379.0
37925.0
36771.0
36970.0
37090.0
37988.0
38152.0
37749.0
37969.0
37805.0
37893.0
37243.0
37392.0
38383.0
37104.0
37472.0
37249.0
38158.0
36881.0
37746.0
37041.0
38478.0
37751.0
38001.0
37770.0
38289.0
37899.0
39012.0
37972.0
38033.0
37989.0
37549.0
37440.0
37906.0
37059.0
37465.0
37565.0
36992.0
37529.0
37798.0
39393.0
38203.0
37533.0
37554.0
37722.0
37624.0
37449.0
37523.0
37576.0
37871.0
37913.0
37988.0
37043.0
37278.0
38011.0
37892.0
37774.0
37868.0
37896.0
37708.0
37757.0
38615.0
37947.0
38115.0
38121.0
37826.0
37388.0
37711.0
37793.0
38261.0
38144.0
37059.0
36248.0
36418.0
36366.0
32040.0
37775.0
36261.0
36821.0
37471.0
37717.0
36354.0
35912.0
36609.0
37014.0
34968.0
34930.0
33667.0
35699.0
33926.0
35238.0
34262.0
35070.0
33608.0
30836.0
28653.0
26766.0
24161.0
22311.0
19492.0
14771.0
6804.0
5285.0
4226.0
3550.0
2611.0
2186.0
1912.0
1271.0
1082.0
964.0
609.0
0.0
0.0
0.0
0.0
0.0
0.0
0.0
0.0
0.0
0.0
0.0
0.0
0.0
0.0
0.0
0.0
0.0
0.0
0.0
0.0
0.0
0.0
0.0
0.0
0.0
0.0
0.0
0.0
0.0
0.0
0.0
0.0
0.0
0.0
0.0
0.0
0.0
0.0
0.0
0.0
0.0
0.0
0.0
0.0
0.0
0.0
0.0
0.0
0.0
0.0
0.0
0.0
0.0
0.0
0.0
0.0
0.0
0.0
0.0
0.0
0.0
0.0
0.0
0.0
0.0
0.0
0.0
0.0
0.0
0.0
0.0
0.0
0.0
0.0
0.0
0.0
0.0
0.0
0.0
0.0
0.0
0.0
0.0
0.0
0.0
0.0
0.0
0.0
0.0
0.0
0.0
0.0
0.0
0.0
0.0
0.0
0.0
0.0
0.0
0.0
0.0
0.0
0.0
0.0
0.0
0.0
0.0
0.0
0.0
0.0
0.0
0.0
0.0
0.0
0.0
0.0
0.0
0.0
0.0
0.0
0.0
0.0
0.0
0.0
0.0
0.0
0.0
0.0
0.0
0.0
0.0
0.0
0.0
0.0
0.0
0.0
0.0
0.0
0.0
0.0
0.0
0.0
0.0
0.0
0.0
0.0
0.0
0.0
0.0
0.0
0.0
0.0
0.0
0.0
0.0
0.0
0.0
0.0
0.0
0.0
0.0
0.0
0.0
0.0
0.0
0.0
0.0
0.0
0.0
0.0
0.0
0.0
0.0
0.0
0.0
0.0
0.0
0.0
0.0
0.0
0.0
0.0
0.0
0.0
0.0
0.0
0.0
0.0
0.0
0.0
0.0
0.0
0.0
0.0
0.0
0.0
0.0
0.0
0.0
0.0
0.0
0.0
0.0
0.0
0.0
0.0
0.0
0.0
0.0
0.0
0.0
0.0
0.0
0.0
0.0
0.0
0.0
0.0
0.0
0.0
0.0
0.0
0.0
0.0
0.0
0.0
0.0
0.0
0.0
0.0
0.0
0.0
0.0
0.0
0.0
0.0
0.0
0.0
0.0
0.0
0.0
0.0
0.0
0.0
0.0
0.0
0.0
0.0
0.0
0.0
0.0
0.0
0.0
0.0
0.0
0.0
0.0
0.0
0.0
0.0
0.0
0.0
0.0
0.0
0.0
0.0
0.0
0.0
0.0
0.0
0.0
0.0
0.0
0.0
0.0
0.0
0.0
0.0
0.0
0.0
0.0
0.0
0.0
0.0
0.0
0.0
0.0
0.0
0.0
0.0
0.0
0.0
0.0
0.0
0.0
0.0
0.0
0.0
0.0
0.0
0.0
0.0
0.0
0.0
0.0
0.0
0.0
0.0
0.0
0.0
0.0
0.0
0.0
0.0
0.0
0.0
0.0
0.0
0.0
0.0
0.0
0.0
0.0
0.0
0.0
0.0
0.0
0.0
0.0
0.0
0.0
0.0
0.0
0.0
0.0
0.0
0.0
0.0
0.0
0.0
0.0
0.0
0.0
0.0
0.0
0.0
0.0
0.0
0.0
0.0
0.0
0.0
0.0
0.0
0.0
0.0
0.0
0.0
0.0
0.0
0.0
0.0
0.0
0.0
0.0
0.0
0.0
0.0
0.0
0.0
0.0
0.0
0.0
0.0
0.0
0.0
0.0
0.0
0.0
0.0
0.0
0.0
0.0
0.0
0.0
0.0
0.0
0.0
0.0
0.0
0.0
0.0
0.0
0.0
0.0
0.0
0.0
0.0
0.0
0.0
0.0
0.0
0.0
0.0
0.0
0.0
0.0
0.0
0.0
0.0
0.0
0.0
0.0
0.0
0.0
0.0
0.0
0.0
0.0
0.0
0.0
0.0
0.0
0.0
0.0
0.0
0.0
0.0
0.0
0.0
0.0
0.0
0.0
0.0
0.0
0.0
0.0
0.0
0.0
0.0
0.0
0.0
0.0
0.0
0.0
0.0
0.0
0.0
0.0
0.0
0.0
0.0
0.0
0.0
0.0
0.0
0.0
0.0
0.0
0.0
0.0
0.0
0.0
0.0
0.0
0.0
0.0
0.0
0.0
0.0
0.0
0.0
0.0
0.0
0.0
0.0
0.0
0.0
0.0
0.0
0.0
0.0
0.0
0.0
0.0
0.0
0.0
0.0
0.0
0.0
0.0
0.0
0.0
0.0
0.0
0.0
0.0
0.0
0.0
0.0
0.0
0.0
0.0
0.0
0.0
0.0
0.0
0.0
0.0
0.0
0.0
0.0
0.0
0.0
0.0
0.0
0.0
0.0
0.0
0.0
0.0
0.0
0.0
0.0
0.0
0.0
0.0
0.0
0.0
0.0
0.0
0.0
0.0
0.0
0.0
0.0
0.0
0.0
0.0
0.0
0.0
0.0
0.0
0.0
0.0
0.0
0.0
0.0
0.0
0.0
0.0
0.0
0.0
0.0
0.0
0.0
0.0
0.0
0.0
0.0
0.0
0.0
0.0
0.0
0.0
0.0
0.0
0.0
0.0
0.0
0.0
0.0
0.0
0.0
0.0
0.0
0.0
0.0
0.0
0.0
0.0
0.0
0.0
0.0
0.0
0.0
0.0
0.0
0.0
0.0
0.0
0.0
0.0
0.0
0.0
0.0
0.0
0.0
0.0
0.0
0.0
0.0
0.0
0.0
0.0
0.0
0.0
0.0
0.0
0.0
0.0
0.0
0.0
0.0
0.0
0.0
0.0
0.0
0.0
0.0
0.0
0.0
0.0
0.0
0.0
0.0
0.0
0.0
0.0
0.0
0.0
0.0
0.0
0.0
0.0
0.0
0.0
0.0
0.0
0.0
0.0
0.0
0.0
0.0
0.0
0.0
0.0
0.0
0.0
0.0
0.0
0.0
0.0
0.0
0.0
0.0
0.0
0.0
0.0
0.0
0.0
0.0
0.0
0.0
0.0
0.0
0.0
0.0
0.0
0.0
0.0
0.0
0.0
0.0
0.0
0.0
0.0
0.0
0.0
0.0
0.0
0.0
0.0
0.0
0.0
0.0
0.0
0.0
0.0
0.0
0.0
0.0
0.0
0.0
0.0
0.0
0.0
0.0
0.0
0.0
0.0
0.0
0.0
0.0
0.0
0.0
0.0
0.0
0.0
0.0
0.0
0.0
0.0
0.0
0.0
0.0
0.0
