205.49
168.03
2430.03
2800.02
2787.69
2784.16
2770.58
2776.91
2768.49
2768.04
2756.78
2764.1
2770.52
2767.22
2751.77
2757.94
2762.16
2751.59
2751.68
2755.37
2743.27
2744.15
2764.49
2754.48
2756.35
2740.05
2748.55
2740.92
2732.36
2747.38
2745.72
2747.56
2742.62
2740.06
2743.17
2749.99
2753.28
2733.33
2737.97
2736.04
2743.13
2739.63
2739.81
2742.24
2742.37
2738.18
2748.29
2739.61
2743.52
2737.7
2747.3
2730.67
2736.26
2752.61
2741.03
2740.91
2744.85
2739.08
2731.71
2752.12
2742.02
2725.43
2737.91
2746.67
2737.29
2747.66
2727.39
2729.91
2731.91
2736.29
2739.89
2736.58
2744.32
2731.65
2742.73
2728.3
2737.32
2746.09
2745.28
2725.47
2739.52
2727.3
2731.29
2733.29
2735.22
2732.74
2729.41
2732.38
2731.23
2727.95
2727.74
2726.19
2744.11
2735.8
2737.25
2734.57
2731.55
2732.31
2725.94
2728.67
2737.67
2732.44
2729.62
2736.44
2738.81
2719.58
2735.96
2725.72
2740.25
2716.08
2737.81
2729.63
2732.83
2727.03
2726.38
2736.0
2731.74
2723.31
2686.38
2617.77
2626.64
2629.67
2621.25
2619.2
2626.94
2620.64
2629.73
2626.78
2620.85
2617.94
2631.61
2624.77
2621.9
2617.47
2611.74
2632.88
2622.92
2641.65
2621.31
2633.29
2621.22
2628.55
2624.53
2627.98
2628.14
2622.87
2626.66
2620.72
2618.98
2612.16
2623.93
2630.87
2628.04
2616.99
2617.92
2625.39
2619.94
2615.56
2621.91
2614.22
2616.88
2620.17
2621.97
2617.81
2611.19
2623.63
2623.94
2621.83
2626.78
2630.97
2643.37
2686.78
2417.59
103.22
102.87
103.31
102.73
103.12
102.85
102.72
103.1
103.09
102.97
103.08
102.76
102.86
102.53
102.74
102.9
103.07
102.9
102.66
102.86
102.88
103.02
102.99
102.81
102.84
102.98
102.96
102.98
102.77
102.82
102.41
102.52
102.77
102.39
102.48
102.4
102.47
102.89
102.53
102.63
102.43
102.37
102.8
102.56
102.53
102.93
102.47
102.74
102.22
102.36
102.53
102.63
102.43
102.44
102.17
102.25
102.72
102.63
102.93
102.55
102.63
102.98
102.19
102.59
102.26
102.56
102.48
102.57
102.4
102.66
102.6
102.44
102.77
102.58
102.66
102.64
102.59
103.08
0.0
0.0
0.0
0.0
0.0
0.0
0.0
0.0
0.0
0.0
0.0
0.0
0.0
0.0
0.0
0.0
0.0
0.0
0.0
0.0
0.0
0.0
0.0
0.0
0.0
0.0
0.0
0.0
0.0
0.0
0.0
0.0
0.0
0.0
0.0
0.0
0.0
0.0
0.0
0.0
0.0
0.0
0.0
0.0
0.0
0.0
0.0
0.0
0.0
0.0
0.0
0.0
0.0
0.0
0.0
0.0
0.0
0.0
0.0
0.0
0.0
0.0
0.0
0.0
0.0
0.0
0.0
0.0
0.0
0.0
0.0
0.0
0.0
0.0
0.0
0.0
0.0
0.0
0.0
0.0
0.0
0.0
0.0
0.0
0.0
0.0
0.0
0.0
0.0
0.0
0.0
0.0
0.0
0.0
0.0
0.0
0.0
0.0
0.0
0.0
0.0
0.0
0.0
0.0
0.0
0.0
0.0
0.0
0.0
0.0
0.0
0.0
0.0
0.0
0.0
0.0
0.0
0.0
0.0
0.0
0.0
0.0
0.0
0.0
0.0
0.0
0.0
0.0
0.0
0.0
0.0
0.0
0.0
0.0
0.0
0.0
0.0
0.0
0.0
0.0
0.0
0.0
0.0
0.0
0.0
0.0
0.0
0.0
0.0
0.0
0.0
0.0
0.0
0.0
0.0
0.0
0.0
0.0
0.0
0.0
0.0
0.0
0.0
0.0
0.0
0.0
0.0
0.0
0.0
0.0
0.0
0.0
0.0
0.0
0.0
0.0
0.0
0.0
0.0
0.0
0.0
0.0
0.0
0.0
0.0
0.0
0.0
0.0
0.0
0.0
0.0
0.0
0.0
0.0
0.0
0.0
0.0
0.0
0.0
0.0
0.0
0.0
0.0
0.0
0.0
0.0
0.0
0.0
0.0
0.0
0.0
0.0
0.0
0.0
0.0
0.0
0.0
0.0
0.0
0.0
0.0
0.0
0.0
0.0
0.0
0.0
0.0
0.0
0.0
0.0
0.0
0.0
0.0
0.0
0.0
0.0
0.0
0.0
0.0
0.0
0.0
0.0
0.0
0.0
0.0
0.0
0.0
0.0
0.0
0.0
0.0
0.0
0.0
0.0
0.0
0.0
0.0
0.0
0.0
0.0
0.0
0.0
0.0
0.0
0.0
0.0
0.0
0.0
0.0
0.0
0.0
0.0
0.0
0.0
0.0
0.0
0.0
0.0
0.0
0.0
0.0
0.0
0.0
0.0
0.0
0.0
0.0
0.0
0.0
0.0
0.0
0.0
0.0
0.0
0.0
0.0
0.0
0.0
0.0
0.0
0.0
0.0
0.0
0.0
0.0
0.0
0.0
0.0
0.0
0.0
0.0
0.0
0.0
0.0
0.0
0.0
0.0
0.0
0.0
0.0
0.0
0.0
0.0
0.0
0.0
0.0
0.0
0.0
0.0
0.0
0.0
0.0
0.0
0.0
0.0
0.0
0.0
0.0
0.0
0.0
0.0
0.0
0.0
0.0
0.0
0.0
0.0
0.0
0.0
0.0
0.0
0.0
0.0
0.0
0.0
0.0
0.0
0.0
0.0
0.0
0.0
0.0
0.0
0.0
0.0
0.0
0.0
0.0
0.0
0.0
0.0
0.0
0.0
0.0
0.0
0.0
0.0
0.0
0.0
0.0
0.0
0.0
0.0
0.0
0.0
0.0
0.0
0.0
0.0
0.0
0.0
0.0
0.0
0.0
0.0
0.0
0.0
0.0
0.0
0.0
0.0
0.0
0.0
0.0
0.0
0.0
0.0
0.0
0.0
0.0
0.0
0.0
0.0
0.0
0.0
0.0
0.0
0.0
0.0
0.0
0.0
0.0
0.0
0.0
0.0
0.0
0.0
0.0
0.0
0.0
0.0
0.0
0.0
0.0
0.0
0.0
0.0
0.0
0.0
0.0
0.0
0.0
0.0
0.0
0.0
0.0
0.0
0.0
0.0
