102.84
165.71
186.06
193.25
2256.82
2262.69
2255.44
2250.65
2241.74
2251.56
2244.7
2233.94
2240.52
2234.72
2235.61
2230.13
2230.7
2242.44
2231.51
2228.31
2233.65
2223.48
2230.76
2225.79
2228.99
2226.74
2232.37
2226.62
2226.37
2218.98
2225.97
2225.51
2210.69
2221.69
2223.8
2215.37
2214.24
2218.67
2222.36
2228.92
2213.23
2225.26
2226.86
2215.43
2208.0
2217.82
2222.2
2225.01
2214.76
2220.0
2223.43
2222.89
2219.15
2216.5
2211.53
2223.25
2210.32
2222.46
2208.47
2215.53
2217.32
2207.45
2215.34
2208.58
2210.7
2212.98
2212.22
2211.15
2219.29
2227.82
2205.17
2218.7
2208.29
2210.57
2199.16
2219.68
2210.13
2218.85
2209.2
2206.28
2206.97
2220.92
2207.42
2209.57
2204.54
2206.05
2215.75
2205.84
2201.63
2204.25
2213.06
2213.89
2203.35
2209.79
2218.54
2218.25
2213.6
2214.31
2200.7
2203.71
2201.91
2209.16
2201.34
2206.74
2217.97
2217.35
2213.13
2211.98
2211.14
2221.9
2215.05
2206.31
2218.46
2213.61
2215.0
2210.93
2221.72
2210.55
2218.04
2118.72
2117.76
2119.58
2117.55
2121.51
2118.48
2112.06
2118.39
2116.57
2111.8
2117.46
2118.07
2115.96
2116.19
2121.68
2124.89
2122.39
2124.67
2124.39
2118.14
2114.52
2116.62
2114.16
2120.25
2119.65
2109.78
2117.46
2116.91
2116.69
2123.17
2119.86
2111.91
2110.18
2117.0
2110.07
2116.1
2122.0
2134.38
2122.19
2112.52
2116.09
2112.59
2114.9
2113.18
2104.34
2112.56
2113.58
2116.82
2119.79
2116.84
2126.07
2126.58
2149.51
2166.52
110.45
102.88
103.36
102.85
102.94
102.88
102.97
103.21
102.79
103.01
102.67
102.8
102.92
102.65
102.43
102.74
102.39
103.23
102.71
102.86
102.48
102.73
102.99
102.72
102.86
102.28
102.96
101.93
102.7
101.72
102.62
103.03
102.64
102.34
103.16
102.84
102.6
103.04
102.79
102.64
103.11
0.0
0.0
0.0
0.0
0.0
0.0
0.0
0.0
0.0
0.0
0.0
0.0
0.0
0.0
0.0
0.0
0.0
0.0
0.0
0.0
0.0
0.0
0.0
0.0
0.0
0.0
0.0
0.0
0.0
0.0
0.0
0.0
0.0
0.0
0.0
0.0
0.0
0.0
0.0
0.0
0.0
0.0
0.0
0.0
0.0
0.0
0.0
0.0
0.0
0.0
0.0
0.0
0.0
0.0
0.0
0.0
0.0
0.0
0.0
0.0
0.0
0.0
0.0
0.0
0.0
0.0
0.0
0.0
0.0
0.0
0.0
0.0
0.0
0.0
0.0
0.0
0.0
0.0
0.0
0.0
0.0
0.0
0.0
0.0
0.0
0.0
0.0
0.0
0.0
0.0
0.0
0.0
0.0
0.0
0.0
0.0
0.0
0.0
0.0
0.0
0.0
0.0
0.0
0.0
0.0
0.0
0.0
0.0
0.0
0.0
0.0
0.0
0.0
0.0
0.0
0.0
0.0
0.0
0.0
0.0
0.0
0.0
0.0
0.0
0.0
0.0
0.0
0.0
0.0
0.0
0.0
0.0
0.0
0.0
0.0
0.0
0.0
0.0
0.0
0.0
0.0
0.0
0.0
0.0
0.0
0.0
0.0
0.0
0.0
0.0
0.0
0.0
0.0
0.0
0.0
0.0
0.0
0.0
0.0
0.0
0.0
0.0
0.0
0.0
0.0
0.0
0.0
0.0
0.0
0.0
0.0
0.0
0.0
0.0
0.0
0.0
0.0
0.0
0.0
0.0
0.0
0.0
0.0
0.0
0.0
0.0
0.0
0.0
0.0
0.0
0.0
0.0
0.0
0.0
0.0
0.0
0.0
0.0
0.0
0.0
0.0
0.0
0.0
0.0
0.0
0.0
0.0
0.0
0.0
0.0
0.0
0.0
0.0
0.0
0.0
0.0
0.0
0.0
0.0
0.0
0.0
0.0
0.0
0.0
0.0
0.0
0.0
0.0
0.0
0.0
0.0
0.0
0.0
0.0
0.0
0.0
0.0
0.0
0.0
0.0
0.0
0.0
0.0
0.0
0.0
0.0
0.0
0.0
0.0
0.0
0.0
0.0
0.0
0.0
0.0
0.0
0.0
0.0
0.0
0.0
0.0
0.0
0.0
0.0
0.0
0.0
0.0
0.0
0.0
0.0
0.0
0.0
0.0
0.0
0.0
0.0
0.0
0.0
0.0
0.0
0.0
0.0
0.0
0.0
0.0
0.0
0.0
0.0
0.0
0.0
0.0
0.0
0.0
0.0
0.0
0.0
0.0
0.0
0.0
0.0
0.0
0.0
0.0
0.0
0.0
0.0
0.0
0.0
0.0
0.0
0.0
0.0
0.0
0.0
0.0
0.0
0.0
0.0
0.0
0.0
0.0
0.0
0.0
0.0
0.0
0.0
0.0
0.0
0.0
0.0
0.0
0.0
0.0
0.0
0.0
0.0
0.0
0.0
0.0
0.0
0.0
0.0
0.0
0.0
0.0
0.0
0.0
0.0
0.0
0.0
0.0
0.0
0.0
0.0
0.0
0.0
0.0
0.0
0.0
0.0
0.0
0.0
0.0
0.0
0.0
0.0
0.0
0.0
0.0
0.0
0.0
0.0
0.0
0.0
0.0
0.0
0.0
0.0
0.0
0.0
0.0
0.0
0.0
0.0
0.0
0.0
0.0
0.0
0.0
0.0
0.0
0.0
0.0
0.0
0.0
0.0
0.0
0.0
0.0
0.0
0.0
0.0
0.0
0.0
0.0
0.0
0.0
0.0
0.0
0.0
0.0
0.0
0.0
0.0
0.0
0.0
0.0
0.0
0.0
0.0
0.0
0.0
0.0
0.0
0.0
0.0
0.0
0.0
0.0
0.0
0.0
0.0
0.0
0.0
0.0
0.0
0.0
0.0
0.0
0.0
0.0
0.0
0.0
0.0
0.0
0.0
0.0
0.0
0.0
0.0
0.0
0.0
0.0
0.0
0.0
0.0
0.0
0.0
0.0
0.0
0.0
0.0
0.0
0.0
0.0
0.0
0.0
0.0
0.0
0.0
0.0
0.0
0.0
0.0
0.0
0.0
0.0
0.0
0.0
0.0
0.0
0.0
0.0
0.0
0.0
0.0
