165.53
171.72
165.53
3316.59
3306.45
3300.61
3301.54
3282.59
3285.05
3304.54
3288.45
3288.29
3285.69
3287.59
3283.98
3306.32
3285.25
3274.84
3283.8
3281.77
3270.28
3286.0
3280.1
3276.95
3273.74
3270.74
3266.82
3262.2
3258.57
3266.78
3268.78
3268.1
3268.52
3251.46
3266.26
3264.83
3273.59
3269.26
3273.78
3262.03
3244.56
3257.13
3270.24
3256.56
3265.46
3263.51
3260.72
3264.84
3255.17
3260.58
3274.55
3276.63
3246.2
3252.84
3259.57
3261.95
3257.97
3259.85
3260.84
3272.02
3259.46
3257.05
3263.26
3266.23
3259.03
3252.24
3265.94
3260.47
3255.67
3256.51
3252.29
3257.69
3259.77
3256.62
3258.75
3255.63
3259.01
3256.69
3256.46
3259.63
3254.17
3259.08
3269.84
3251.29
3252.69
3258.42
3259.26
3255.97
3254.8
3252.35
3262.35
3261.87
3260.89
3269.47
3262.36
3267.97
3249.96
3257.97
3255.48
3268.26
3262.82
3237.83
3258.08
3256.8
3256.47
3243.45
3264.83
3263.82
3254.12
3258.85
3243.2
3254.76
3259.34
3267.85
3248.25
3256.35
3261.51
3246.09
3179.09
3128.82
3124.01
3116.17
3116.9
3127.15
3123.5
3123.03
3126.28
3121.09
3125.37
3122.79
3118.2
3126.96
3129.04
3128.82
3123.77
3124.69
3132.47
3127.85
3124.19
3121.15
3122.55
3122.65
3114.88
3127.59
3122.18
3130.08
3122.74
3130.97
3109.0
3123.38
3118.84
3122.25
3127.51
3123.56
3118.34
3133.42
3120.65
3118.16
3126.17
3118.83
3125.65
3119.16
3120.34
3115.81
3124.6
3122.37
3116.2
3124.81
3135.27
3131.38
3163.55
3249.07
3204.23
102.57
102.9
103.1
102.67
102.87
102.69
102.95
102.78
102.51
102.31
102.31
102.23
102.73
102.14
102.32
102.49
102.49
102.56
102.37
102.73
101.95
102.48
101.66
102.28
102.06
102.15
0.0
0.0
0.0
0.0
0.0
0.0
0.0
0.0
0.0
0.0
0.0
0.0
0.0
0.0
0.0
0.0
0.0
0.0
0.0
0.0
0.0
0.0
0.0
0.0
0.0
0.0
0.0
0.0
0.0
0.0
0.0
0.0
0.0
0.0
0.0
0.0
0.0
0.0
0.0
0.0
0.0
0.0
0.0
0.0
0.0
0.0
0.0
0.0
0.0
0.0
0.0
0.0
0.0
0.0
0.0
0.0
0.0
0.0
0.0
0.0
0.0
0.0
0.0
0.0
0.0
0.0
0.0
0.0
0.0
0.0
0.0
0.0
0.0
0.0
0.0
0.0
0.0
0.0
0.0
0.0
0.0
0.0
0.0
0.0
0.0
0.0
0.0
0.0
0.0
0.0
0.0
0.0
0.0
0.0
0.0
0.0
0.0
0.0
0.0
0.0
0.0
0.0
0.0
0.0
0.0
0.0
0.0
0.0
0.0
0.0
0.0
0.0
0.0
0.0
0.0
0.0
0.0
0.0
0.0
0.0
0.0
0.0
0.0
0.0
0.0
0.0
0.0
0.0
0.0
0.0
0.0
0.0
0.0
0.0
0.0
0.0
0.0
0.0
0.0
0.0
0.0
0.0
0.0
0.0
0.0
0.0
0.0
0.0
0.0
0.0
0.0
0.0
0.0
0.0
0.0
0.0
0.0
0.0
0.0
0.0
0.0
0.0
0.0
0.0
0.0
0.0
0.0
0.0
0.0
0.0
0.0
0.0
0.0
0.0
0.0
0.0
0.0
0.0
0.0
0.0
0.0
0.0
0.0
0.0
0.0
0.0
0.0
0.0
0.0
0.0
0.0
0.0
0.0
0.0
0.0
0.0
0.0
0.0
0.0
0.0
0.0
0.0
0.0
0.0
0.0
0.0
0.0
0.0
0.0
0.0
0.0
0.0
0.0
0.0
0.0
0.0
0.0
0.0
0.0
0.0
0.0
0.0
0.0
0.0
0.0
0.0
0.0
0.0
0.0
0.0
0.0
0.0
0.0
0.0
0.0
0.0
0.0
0.0
0.0
0.0
0.0
0.0
0.0
0.0
0.0
0.0
0.0
0.0
0.0
0.0
0.0
0.0
0.0
0.0
0.0
0.0
0.0
0.0
0.0
0.0
0.0
0.0
0.0
0.0
0.0
0.0
0.0
0.0
0.0
0.0
0.0
0.0
0.0
0.0
0.0
0.0
0.0
0.0
0.0
0.0
0.0
0.0
0.0
0.0
0.0
0.0
0.0
0.0
0.0
0.0
0.0
0.0
0.0
0.0
0.0
0.0
0.0
0.0
0.0
0.0
0.0
0.0
0.0
0.0
0.0
0.0
0.0
0.0
0.0
0.0
0.0
0.0
0.0
0.0
0.0
0.0
0.0
0.0
0.0
0.0
0.0
0.0
0.0
0.0
0.0
0.0
0.0
0.0
0.0
0.0
0.0
0.0
0.0
0.0
0.0
0.0
0.0
0.0
0.0
0.0
0.0
0.0
0.0
0.0
0.0
0.0
0.0
0.0
0.0
0.0
0.0
0.0
0.0
0.0
0.0
0.0
0.0
0.0
0.0
0.0
0.0
0.0
0.0
0.0
0.0
0.0
0.0
0.0
0.0
0.0
0.0
0.0
0.0
0.0
0.0
0.0
0.0
0.0
0.0
0.0
0.0
0.0
0.0
0.0
0.0
0.0
0.0
0.0
0.0
0.0
0.0
0.0
0.0
0.0
0.0
0.0
0.0
0.0
0.0
0.0
0.0
0.0
0.0
0.0
0.0
0.0
0.0
0.0
0.0
0.0
0.0
0.0
0.0
0.0
0.0
0.0
0.0
0.0
0.0
0.0
0.0
0.0
0.0
0.0
0.0
0.0
0.0
0.0
0.0
0.0
0.0
0.0
0.0
0.0
0.0
0.0
0.0
0.0
0.0
0.0
0.0
0.0
0.0
0.0
0.0
0.0
0.0
0.0
0.0
0.0
0.0
0.0
0.0
0.0
0.0
0.0
0.0
0.0
0.0
0.0
0.0
0.0
0.0
0.0
0.0
0.0
0.0
0.0
0.0
0.0
0.0
0.0
0.0
0.0
0.0
0.0
0.0
0.0
0.0
0.0
0.0
0.0
0.0
0.0
0.0
0.0
0.0
0.0
0.0
0.0
0.0
0.0
0.0
0.0
0.0
0.0
0.0
0.0
0.0
0.0
0.0
