562.4699999999999
563.61
634.1
871.86
869.31
872.24
874.41
873.62
877.74
878.26
875.7899999999998
875.03
877.75
879.4599999999999
879.86
881.18
883.3500000000001
880.8299999999999
884.21
878.6700000000001
878.03
878.58
880.6
877.1600000000001
877.6600000000001
877.5000000000001
879.94
879.24
883.5700000000002
878.67
880.01
876.97
879.75
880.9800000000001
879.78
883.8599999999999
874.99
878.39
878.79
875.5
875.21
877.6099999999999
881.1800000000001
874.8
876.3199999999999
878.6300000000001
877.65
875.12
878.1100000000001
889.02
881.3999999999999
876.0500000000001
878.3
875.47
876.3399999999999
879.2
880.58
876.23
875.65
884.4599999999999
880.99
877.6099999999999
877.48
877.24
877.0699999999999
878.47
878.4300000000001
877.32
873.59
873.65
877.55
876.02
883.3599999999999
875.3
878.66
875.8
873.1
873.9399999999999
877.32
874.1500000000001
881.22
876.9699999999999
879.3199999999999
880.6400000000001
877.6200000000001
876.5900000000001
881.1
876.9300000000001
880.0500000000001
877.9000000000001
878.42
875.09
878.9
878.23
878.8199999999999
878.6299999999999
877.71
879.25
874.0600000000001
873.7500000000001
878.27
871.7699999999999
874.9
877.59
883.47
878.06
873.62
869.4
876.1899999999999
875.47
887.1999999999999
872.35
874.3599999999999
876.55
872.87
869.4499999999999
873.5699999999999
873.8
876.4399999999999
871.4399999999999
536.71
565.97
553.3
547.86
559.1099999999999
546.89
535.21
524.21
554.2700000000001
536.0799999999999
545.73
542.7700000000001
534.85
541.81
541.05
533.9
535.16
540.97
547.33
546.72
550.47
556.89
541.39
542.29
549.09
537.49
541.5
534.6700000000001
548.85
538.28
540.13
539.0699999999999
554.16
536.72
546.85
540.56
541.16
542.59
534.03
545.74
540.3199999999999
535.44
551.24
541.85
533.29
545.27
542.97
556.81
549.1
543.73
541.1099999999999
537.12
545.65
542.0600000000001
547.2
548.21
538.19
551.34
541.4499999999999
554.1
551.1800000000001
545.77
559.01
540.25
545.76
536.86
540.16
547.75
557.3299999999999
548.5699999999999
535.88
554.8399999999999
559.16
545.08
532.75
555.46
534.01
531.85
554.1500000000001
550.6
537.21
527.3100000000001
540.44
525.51
537.15
521.8
528.97
522.4200000000001
523.11
524.1899999999999
521.88
529.28
522.6600000000001
530.92
532.77
533.08
516.51
537.72
530.24
513.52
509.82000000000005
522.24
544.1
523.51
531.53
529.53
523.75
516.7
506.85
537.48
550.0
529.9
516.63
502.69
522.39
531.05
524.12
534.34
561.29
527.4
530.78
535.29
548.16
493.99
527.45
523.0
526.69
541.12
519.8299999999999
0.0
0.0
0.0
0.0
0.0
0.0
0.0
0.0
0.0
0.0
0.0
0.0
0.0
0.0
0.0
0.0
0.0
0.0
0.0
0.0
0.0
0.0
0.0
0.0
0.0
0.0
0.0
0.0
0.0
0.0
0.0
0.0
0.0
0.0
0.0
0.0
0.0
0.0
0.0
0.0
0.0
0.0
0.0
0.0
0.0
0.0
0.0
0.0
0.0
0.0
0.0
0.0
0.0
0.0
0.0
0.0
0.0
0.0
0.0
0.0
0.0
0.0
0.0
0.0
0.0
0.0
0.0
0.0
0.0
0.0
0.0
0.0
0.0
0.0
0.0
0.0
0.0
0.0
0.0
0.0
0.0
0.0
0.0
0.0
0.0
0.0
0.0
0.0
0.0
0.0
0.0
0.0
0.0
0.0
0.0
0.0
0.0
0.0
0.0
0.0
0.0
0.0
0.0
0.0
0.0
0.0
0.0
0.0
0.0
0.0
0.0
0.0
0.0
0.0
0.0
0.0
0.0
0.0
0.0
0.0
0.0
0.0
0.0
0.0
0.0
0.0
0.0
0.0
0.0
0.0
0.0
0.0
0.0
0.0
0.0
0.0
0.0
0.0
0.0
0.0
0.0
0.0
0.0
0.0
0.0
0.0
0.0
0.0
0.0
0.0
0.0
0.0
0.0
0.0
0.0
0.0
0.0
0.0
0.0
0.0
0.0
0.0
0.0
0.0
0.0
0.0
0.0
0.0
0.0
0.0
0.0
0.0
0.0
0.0
0.0
0.0
0.0
0.0
0.0
0.0
0.0
0.0
0.0
0.0
0.0
0.0
0.0
0.0
0.0
0.0
0.0
0.0
0.0
0.0
0.0
0.0
0.0
0.0
0.0
0.0
0.0
0.0
0.0
0.0
0.0
0.0
0.0
0.0
0.0
0.0
0.0
0.0
0.0
0.0
0.0
0.0
0.0
0.0
0.0
0.0
0.0
0.0
0.0
0.0
0.0
0.0
0.0
0.0
0.0
0.0
0.0
0.0
0.0
0.0
0.0
0.0
0.0
0.0
0.0
0.0
0.0
0.0
0.0
0.0
0.0
0.0
0.0
0.0
0.0
0.0
0.0
0.0
0.0
0.0
0.0
0.0
0.0
0.0
0.0
0.0
0.0
0.0
0.0
0.0
0.0
0.0
0.0
0.0
0.0
0.0
0.0
0.0
0.0
0.0
0.0
0.0
0.0
0.0
0.0
0.0
0.0
0.0
0.0
0.0
0.0
0.0
0.0
0.0
0.0
0.0
0.0
0.0
0.0
0.0
0.0
0.0
0.0
0.0
0.0
0.0
0.0
0.0
0.0
0.0
0.0
0.0
0.0
0.0
0.0
0.0
0.0
0.0
0.0
0.0
0.0
0.0
0.0
0.0
0.0
0.0
0.0
0.0
0.0
0.0
0.0
0.0
0.0
0.0
0.0
0.0
0.0
0.0
0.0
0.0
0.0
0.0
0.0
0.0
0.0
0.0
0.0
0.0
0.0
0.0
0.0
0.0
0.0
0.0
0.0
0.0
0.0
0.0
0.0
0.0
0.0
0.0
0.0
0.0
0.0
0.0
0.0
0.0
0.0
0.0
0.0
0.0
0.0
0.0
0.0
0.0
0.0
0.0
0.0
0.0
0.0
0.0
0.0
0.0
0.0
0.0
0.0
0.0
0.0
0.0
0.0
0.0
0.0
0.0
0.0
0.0
0.0
0.0
0.0
0.0
0.0
0.0
0.0
0.0
0.0
0.0
0.0
0.0
0.0
0.0
0.0
0.0
0.0
0.0
0.0
0.0
0.0
0.0
0.0
0.0
0.0
0.0
0.0
0.0
0.0
0.0
0.0
0.0
0.0
0.0
0.0
0.0
0.0
0.0
0.0
0.0
0.0
0.0
0.0
0.0
0.0
0.0
0.0
0.0
0.0
0.0
0.0
0.0
0.0
0.0
0.0
0.0
0.0
0.0
0.0
0.0
0.0
