167.57
197.42
166.96
2275.21
2268.31
2249.77
2265.67
2248.16
2247.21
2251.05
2239.22
2245.41
2235.94
2237.08
2246.16
2230.98
2234.98
2227.24
2219.6
2230.59
2225.97
2234.98
2230.83
2220.46
2243.7
2228.25
2222.39
2217.13
2216.16
2218.79
2229.31
2216.65
2224.65
2224.21
2223.11
2219.0
2229.64
2218.4
2229.09
2219.44
2216.32
2216.84
2213.94
2212.7
2220.25
2214.69
2226.4
2236.6
2223.23
2221.45
2223.36
2213.26
2224.34
2210.94
2220.34
2208.54
2205.6
2203.19
2216.3
2206.83
2220.29
2206.86
2228.29
2223.21
2210.33
2216.12
2221.49
2213.27
2207.53
2221.78
2218.21
2225.3
2218.88
2221.53
2217.71
2208.07
2209.53
2213.04
2209.78
2219.24
2212.92
2208.73
2218.69
2216.36
2207.3
2213.43
2205.61
2210.82
2213.6
2218.41
2213.55
2205.71
2216.51
2201.1
2216.43
2214.67
2211.58
2203.77
2193.87
2206.8
2205.08
2205.01
2209.82
2207.39
2205.3
2209.37
2203.68
2200.65
2214.79
2201.02
2204.86
2207.29
2199.94
2203.95
2203.02
2207.48
2209.1
2210.57
2179.23
2127.51
2123.86
2117.18
2125.82
2120.44
2117.57
2120.93
2129.11
2118.9
2129.47
2115.14
2127.8
2131.67
2118.53
2114.48
2121.03
2111.86
2120.86
2126.41
2127.99
2123.42
2123.5
2134.13
2118.46
2118.2
2137.41
2122.85
2121.4
2113.61
2114.46
2121.82
2139.86
2122.92
2108.66
2112.28
2122.64
2125.89
2130.51
2133.56
2119.48
2130.54
2126.99
2128.03
2119.84
2127.5
2125.05
2129.45
2116.84
2115.55
2119.88
2127.26
2147.55
2175.81
120.88
103.37
103.55
103.59
103.64
103.3
103.73
104.01
103.69
103.17
103.4
103.28
103.09
103.73
103.39
103.13
103.27
103.82
103.79
103.22
103.29
102.99
102.85
102.89
0.0
0.0
0.0
0.0
0.0
0.0
0.0
0.0
0.0
0.0
0.0
0.0
0.0
0.0
0.0
0.0
0.0
0.0
0.0
0.0
0.0
0.0
0.0
0.0
0.0
0.0
0.0
0.0
0.0
0.0
0.0
0.0
0.0
0.0
0.0
0.0
0.0
0.0
0.0
0.0
0.0
0.0
0.0
0.0
0.0
0.0
0.0
0.0
0.0
0.0
0.0
0.0
0.0
0.0
0.0
0.0
0.0
0.0
0.0
0.0
0.0
0.0
0.0
0.0
0.0
0.0
0.0
0.0
0.0
0.0
0.0
0.0
0.0
0.0
0.0
0.0
0.0
0.0
0.0
0.0
0.0
0.0
0.0
0.0
0.0
0.0
0.0
0.0
0.0
0.0
0.0
0.0
0.0
0.0
0.0
0.0
0.0
0.0
0.0
0.0
0.0
0.0
0.0
0.0
0.0
0.0
0.0
0.0
0.0
0.0
0.0
0.0
0.0
0.0
0.0
0.0
0.0
0.0
0.0
0.0
0.0
0.0
0.0
0.0
0.0
0.0
0.0
0.0
0.0
0.0
0.0
0.0
0.0
0.0
0.0
0.0
0.0
0.0
0.0
0.0
0.0
0.0
0.0
0.0
0.0
0.0
0.0
0.0
0.0
0.0
0.0
0.0
0.0
0.0
0.0
0.0
0.0
0.0
0.0
0.0
0.0
0.0
0.0
0.0
0.0
0.0
0.0
0.0
0.0
0.0
0.0
0.0
0.0
0.0
0.0
0.0
0.0
0.0
0.0
0.0
0.0
0.0
0.0
0.0
0.0
0.0
0.0
0.0
0.0
0.0
0.0
0.0
0.0
0.0
0.0
0.0
0.0
0.0
0.0
0.0
0.0
0.0
0.0
0.0
0.0
0.0
0.0
0.0
0.0
0.0
0.0
0.0
0.0
0.0
0.0
0.0
0.0
0.0
0.0
0.0
0.0
0.0
0.0
0.0
0.0
0.0
0.0
0.0
0.0
0.0
0.0
0.0
0.0
0.0
0.0
0.0
0.0
0.0
0.0
0.0
0.0
0.0
0.0
0.0
0.0
0.0
0.0
0.0
0.0
0.0
0.0
0.0
0.0
0.0
0.0
0.0
0.0
0.0
0.0
0.0
0.0
0.0
0.0
0.0
0.0
0.0
0.0
0.0
0.0
0.0
0.0
0.0
0.0
0.0
0.0
0.0
0.0
0.0
0.0
0.0
0.0
0.0
0.0
0.0
0.0
0.0
0.0
0.0
0.0
0.0
0.0
0.0
0.0
0.0
0.0
0.0
0.0
0.0
0.0
0.0
0.0
0.0
0.0
0.0
0.0
0.0
0.0
0.0
0.0
0.0
0.0
0.0
0.0
0.0
0.0
0.0
0.0
0.0
0.0
0.0
0.0
0.0
0.0
0.0
0.0
0.0
0.0
0.0
0.0
0.0
0.0
0.0
0.0
0.0
0.0
0.0
0.0
0.0
0.0
0.0
0.0
0.0
0.0
0.0
0.0
0.0
0.0
0.0
0.0
0.0
0.0
0.0
0.0
0.0
0.0
0.0
0.0
0.0
0.0
0.0
0.0
0.0
0.0
0.0
0.0
0.0
0.0
0.0
0.0
0.0
0.0
0.0
0.0
0.0
0.0
0.0
0.0
0.0
0.0
0.0
0.0
0.0
0.0
0.0
0.0
0.0
0.0
0.0
0.0
0.0
0.0
0.0
0.0
0.0
0.0
0.0
0.0
0.0
0.0
0.0
0.0
0.0
0.0
0.0
0.0
0.0
0.0
0.0
0.0
0.0
0.0
0.0
0.0
0.0
0.0
0.0
0.0
0.0
0.0
0.0
0.0
0.0
0.0
0.0
0.0
0.0
0.0
0.0
0.0
0.0
0.0
0.0
0.0
0.0
0.0
0.0
0.0
0.0
0.0
0.0
0.0
0.0
0.0
0.0
0.0
0.0
0.0
0.0
0.0
0.0
0.0
0.0
0.0
0.0
0.0
0.0
0.0
0.0
0.0
0.0
0.0
0.0
0.0
0.0
0.0
0.0
0.0
0.0
0.0
0.0
0.0
0.0
0.0
0.0
0.0
0.0
0.0
0.0
0.0
0.0
0.0
0.0
0.0
0.0
0.0
0.0
0.0
0.0
0.0
0.0
0.0
0.0
0.0
0.0
0.0
0.0
0.0
0.0
0.0
0.0
0.0
0.0
0.0
0.0
