166.84
171.66
195.85
2266.8
2261.95
2260.77
2261.79
2247.64
2236.77
2242.08
2244.56
2235.24
2241.81
2229.93
2240.28
2230.39
2227.37
2228.55
2232.54
2238.02
2221.37
2215.88
2237.4
2228.17
2231.18
2226.15
2229.21
2219.89
2220.56
2232.32
2225.02
2215.01
2222.26
2227.03
2224.29
2225.69
2220.68
2214.3
2219.32
2219.34
2223.42
2214.18
2224.48
2218.68
2222.59
2210.85
2213.98
2217.77
2216.58
2219.35
2222.08
2211.9
2203.64
2216.06
2216.25
2211.87
2213.69
2214.25
2220.16
2217.99
2216.71
2203.81
2217.37
2211.83
2217.53
2215.53
2219.52
2217.05
2214.85
2218.11
2206.62
2211.12
2210.01
2220.22
2216.3
2219.32
2213.04
2207.78
2204.74
2216.76
2212.52
2213.9
2211.43
2212.81
2221.33
2209.11
2211.95
2205.95
2214.55
2210.91
2213.39
2201.98
2211.78
2220.63
2211.04
2207.24
2216.22
2202.98
2212.06
2200.72
2212.65
2202.75
2207.93
2204.97
2214.44
2197.92
2206.23
2198.49
2211.7
2213.4
2203.97
2211.05
2204.67
2214.89
2211.89
2214.5
2211.21
2209.02
2181.44
2132.78
2118.48
2130.65
2122.59
2117.47
2121.3
2122.34
2120.15
2121.35
2112.77
2111.69
2121.1
2114.8
2124.21
2128.07
2114.53
2114.57
2121.43
2115.47
2118.9
2120.68
2125.42
2113.94
2117.66
2119.72
2119.6
2124.19
2114.78
2115.64
2110.98
2117.57
2115.03
2114.16
2115.56
2114.36
2111.98
2120.51
2128.93
2129.87
2125.61
2124.19
2123.12
2121.27
2124.69
2121.12
2122.92
2117.66
2111.2
2117.19
2116.46
2114.75
2128.0
2170.07
227.12
103.02
102.86
102.73
103.04
103.08
103.16
103.2
103.14
103.16
102.99
103.1
103.09
103.04
103.2
103.31
102.85
102.84
102.93
102.84
103.37
103.35
102.77
102.75
103.23
102.72
103.11
102.3
102.79
102.67
102.8
102.63
102.35
102.8
102.32
102.78
0.0
0.0
0.0
0.0
0.0
0.0
0.0
0.0
0.0
0.0
0.0
0.0
0.0
0.0
0.0
0.0
0.0
0.0
0.0
0.0
0.0
0.0
0.0
0.0
0.0
0.0
0.0
0.0
0.0
0.0
0.0
0.0
0.0
0.0
0.0
0.0
0.0
0.0
0.0
0.0
0.0
0.0
0.0
0.0
0.0
0.0
0.0
0.0
0.0
0.0
0.0
0.0
0.0
0.0
0.0
0.0
0.0
0.0
0.0
0.0
0.0
0.0
0.0
0.0
0.0
0.0
0.0
0.0
0.0
0.0
0.0
0.0
0.0
0.0
0.0
0.0
0.0
0.0
0.0
0.0
0.0
0.0
0.0
0.0
0.0
0.0
0.0
0.0
0.0
0.0
0.0
0.0
0.0
0.0
0.0
0.0
0.0
0.0
0.0
0.0
0.0
0.0
0.0
0.0
0.0
0.0
0.0
0.0
0.0
0.0
0.0
0.0
0.0
0.0
0.0
0.0
0.0
0.0
0.0
0.0
0.0
0.0
0.0
0.0
0.0
0.0
0.0
0.0
0.0
0.0
0.0
0.0
0.0
0.0
0.0
0.0
0.0
0.0
0.0
0.0
0.0
0.0
0.0
0.0
0.0
0.0
0.0
0.0
0.0
0.0
0.0
0.0
0.0
0.0
0.0
0.0
0.0
0.0
0.0
0.0
0.0
0.0
0.0
0.0
0.0
0.0
0.0
0.0
0.0
0.0
0.0
0.0
0.0
0.0
0.0
0.0
0.0
0.0
0.0
0.0
0.0
0.0
0.0
0.0
0.0
0.0
0.0
0.0
0.0
0.0
0.0
0.0
0.0
0.0
0.0
0.0
0.0
0.0
0.0
0.0
0.0
0.0
0.0
0.0
0.0
0.0
0.0
0.0
0.0
0.0
0.0
0.0
0.0
0.0
0.0
0.0
0.0
0.0
0.0
0.0
0.0
0.0
0.0
0.0
0.0
0.0
0.0
0.0
0.0
0.0
0.0
0.0
0.0
0.0
0.0
0.0
0.0
0.0
0.0
0.0
0.0
0.0
0.0
0.0
0.0
0.0
0.0
0.0
0.0
0.0
0.0
0.0
0.0
0.0
0.0
0.0
0.0
0.0
0.0
0.0
0.0
0.0
0.0
0.0
0.0
0.0
0.0
0.0
0.0
0.0
0.0
0.0
0.0
0.0
0.0
0.0
0.0
0.0
0.0
0.0
0.0
0.0
0.0
0.0
0.0
0.0
0.0
0.0
0.0
0.0
0.0
0.0
0.0
0.0
0.0
0.0
0.0
0.0
0.0
0.0
0.0
0.0
0.0
0.0
0.0
0.0
0.0
0.0
0.0
0.0
0.0
0.0
0.0
0.0
0.0
0.0
0.0
0.0
0.0
0.0
0.0
0.0
0.0
0.0
0.0
0.0
0.0
0.0
0.0
0.0
0.0
0.0
0.0
0.0
0.0
0.0
0.0
0.0
0.0
0.0
0.0
0.0
0.0
0.0
0.0
0.0
0.0
0.0
0.0
0.0
0.0
0.0
0.0
0.0
0.0
0.0
0.0
0.0
0.0
0.0
0.0
0.0
0.0
0.0
0.0
0.0
0.0
0.0
0.0
0.0
0.0
0.0
0.0
0.0
0.0
0.0
0.0
0.0
0.0
0.0
0.0
0.0
0.0
0.0
0.0
0.0
0.0
0.0
0.0
0.0
0.0
0.0
0.0
0.0
0.0
0.0
0.0
0.0
0.0
0.0
0.0
0.0
0.0
0.0
0.0
0.0
0.0
0.0
0.0
0.0
0.0
0.0
0.0
0.0
0.0
0.0
0.0
0.0
0.0
0.0
0.0
0.0
0.0
0.0
0.0
0.0
0.0
0.0
0.0
0.0
0.0
0.0
0.0
0.0
0.0
0.0
0.0
0.0
0.0
0.0
0.0
0.0
0.0
0.0
0.0
0.0
0.0
0.0
0.0
0.0
0.0
0.0
0.0
0.0
0.0
0.0
0.0
0.0
0.0
0.0
0.0
0.0
0.0
0.0
0.0
0.0
0.0
0.0
0.0
0.0
0.0
0.0
0.0
0.0
0.0
0.0
0.0
0.0
0.0
0.0
0.0
0.0
0.0
0.0
0.0
0.0
0.0
0.0
0.0
0.0
0.0
0.0
