166.01
176.47
178.36
1232.38
1223.67
1226.25
1224.76
1217.25
1219.82
1217.39
1219.34
1216.83
1214.68
1214.02
1213.51
1214.96
1210.78
1208.73
1208.17
1208.13
1202.57
1202.49
1207.05
1206.28
1199.77
1208.27
1203.05
1201.3
1199.45
1198.0
1195.41
1206.04
1194.61
1191.49
1195.02
1198.09
1193.84
1196.93
1192.22
1199.33
1192.48
1194.11
1192.87
1190.92
1191.13
1194.24
1188.87
1191.26
1190.18
1193.28
1192.15
1190.91
1194.39
1190.56
1193.83
1191.29
1191.73
1190.06
1190.21
1188.2
1187.26
1187.61
1189.69
1189.04
1185.89
1184.79
1185.22
1184.02
1189.5
1184.73
1187.35
1188.14
1189.97
1189.46
1188.24
1185.43
1187.26
1188.07
1183.5
1183.67
1187.87
1185.25
1187.42
1178.84
1182.54
1183.85
1179.88
1179.92
1179.19
1187.22
1179.09
1179.5
1178.23
1179.41
1180.85
1185.45
1184.27
1181.8
1186.0
1178.14
1181.69
1180.14
1181.64
1181.05
1178.8
1176.7
1179.49
1179.12
1183.77
1182.08
1181.38
1181.07
1183.99
1184.12
1182.25
1183.84
1185.12
1182.41
1178.42
1123.39
1123.8
1120.83
1126.4
1117.64
1124.38
1122.15
1121.37
1123.28
1122.37
1119.45
1123.77
1122.21
1121.94
1122.14
1118.31
1119.53
1119.98
1121.99
1121.73
1123.9
1120.34
1120.48
1120.8
1121.71
1118.25
1122.58
1119.76
1122.3
1121.5
1121.1
1120.08
1121.31
1120.0
1120.75
1118.92
1120.98
1122.38
1122.5
1122.2
1121.46
1122.32
1120.22
1121.45
1118.63
1119.39
1122.16
1119.45
1122.01
1117.06
1119.27
1125.92
1132.2
111.16
105.49
105.28
105.16
105.27
105.23
105.6
105.25
105.34
105.17
105.3
105.43
105.41
105.54
105.47
105.28
105.12
105.34
105.37
105.17
105.22
105.25
105.43
105.45
105.21
105.02
105.11
105.28
105.19
105.37
105.22
105.12
105.33
105.11
105.12
105.18
105.08
105.11
105.1
105.2
105.23
105.42
105.11
105.03
105.18
105.16
105.13
105.07
105.22
104.95
105.21
105.21
105.2
105.16
105.14
105.38
105.05
104.99
105.03
105.06
105.38
104.92
105.07
105.3
105.06
105.2
105.21
105.21
105.13
105.06
105.1
105.29
105.02
105.18
105.35
104.49
105.11
105.31
105.15
104.93
105.21
104.92
104.85
105.15
105.1
105.14
105.29
105.53
105.27
105.29
105.03
104.87
104.85
104.72
105.27
104.67
104.97
105.26
105.15
105.2
105.12
105.24
105.19
105.05
105.14
105.08
104.92
105.28
105.41
105.16
105.14
105.05
105.0
105.29
104.97
105.32
105.33
105.34
105.17
105.32
105.65
105.27
105.41
105.77
105.09
105.1
105.14
104.9
105.17
104.72
104.75
104.84
105.03
104.96
104.9
105.33
105.43
104.75
104.81
104.97
104.95
105.23
105.11
105.21
104.91
105.24
105.11
105.15
105.08
105.45
105.09
104.82
105.2
105.24
104.79
105.58
105.18
105.31
105.07
104.95
105.23
104.66
105.06
104.75
105.24
104.84
104.99
105.03
105.3
105.18
105.11
104.63
104.43
105.13
105.23
104.92
104.96
104.71
104.95
104.95
105.09
104.92
105.08
104.81
105.06
105.0
105.16
105.02
105.12
105.24
105.25
104.88
104.99
104.73
104.76
104.92
105.22
105.0
104.98
104.88
105.07
105.13
105.18
104.88
105.18
104.66
105.12
104.89
104.88
105.02
104.78
104.75
105.11
105.0
105.04
105.09
104.62
104.92
104.87
104.84
105.0
104.96
105.03
104.7
104.77
105.1
105.22
105.04
105.05
104.98
105.09
104.74
104.83
105.11
104.87
104.4
105.03
104.96
105.17
105.29
105.31
105.08
105.09
104.76
105.24
105.25
104.96
104.91
104.89
104.94
105.05
105.12
105.17
104.98
105.36
104.84
105.01
104.61
105.22
104.99
104.86
104.73
105.35
105.16
105.36
105.41
105.12
105.02
105.03
105.06
104.92
104.61
105.15
104.74
104.99
105.26
105.12
104.73
105.18
105.16
104.75
105.01
104.51
105.07
105.01
105.11
105.16
105.23
105.12
104.8
104.75
104.88
105.1
105.0
105.23
104.96
105.05
105.07
104.97
104.93
105.63
104.68
105.34
105.51
104.97
104.93
105.09
104.92
105.09
105.13
105.35
104.25
105.4
105.21
105.2
105.28
104.74
104.64
104.94
105.02
105.06
105.06
104.71
105.24
105.29
105.14
104.94
105.03
105.13
105.0
105.2
105.35
105.04
105.03
104.9
104.85
104.95
104.98
104.9
104.9
104.95
104.96
104.89
104.88
105.0
104.8
104.57
104.69
105.2
105.04
104.87
104.72
105.09
104.72
105.18
105.19
105.03
104.95
0.0
0.0
0.0
0.0
0.0
0.0
0.0
0.0
0.0
0.0
0.0
0.0
0.0
0.0
0.0
0.0
0.0
0.0
0.0
0.0
0.0
0.0
0.0
0.0
0.0
0.0
0.0
0.0
0.0
0.0
0.0
0.0
0.0
0.0
0.0
0.0
0.0
0.0
0.0
0.0
0.0
0.0
0.0
0.0
0.0
0.0
0.0
0.0
0.0
0.0
0.0
0.0
0.0
0.0
0.0
0.0
0.0
0.0
0.0
0.0
0.0
0.0
0.0
0.0
0.0
0.0
0.0
0.0
0.0
0.0
0.0
0.0
0.0
0.0
0.0
0.0
0.0
0.0
0.0
0.0
0.0
0.0
0.0
0.0
0.0
0.0
0.0
0.0
0.0
0.0
0.0
0.0
0.0
0.0
0.0
0.0
0.0
0.0
0.0
0.0
0.0
0.0
0.0
0.0
0.0
0.0
0.0
0.0
0.0
0.0
0.0
0.0
0.0
0.0
0.0
0.0
0.0
0.0
0.0
0.0
0.0
0.0
0.0
0.0
0.0
0.0
0.0
0.0
0.0
0.0
0.0
0.0
0.0
0.0
0.0
0.0
0.0
0.0
0.0
0.0
0.0
0.0
0.0
0.0
0.0
0.0
0.0
0.0
0.0
0.0
0.0
0.0
0.0
0.0
0.0
0.0
0.0
0.0
0.0
0.0
0.0
0.0
0.0
0.0
0.0
0.0
0.0
0.0
0.0
0.0
