531.8599999999999
534.05
542.43
518.58
539.49
549.88
549.83
754.34
825.47
832.92
830.63
824.68
830.73
833.53
839.2099999999999
832.6
834.0899999999999
838.65
842.4699999999999
836.75
838.48
836.52
832.88
837.77
835.97
832.7700000000001
834.44
840.1999999999999
839.1200000000001
838.11
835.08
839.82
834.26
839.22
837.4
832.62
841.27
837.37
839.69
829.9300000000001
840.73
836.51
831.5799999999999
831.4799999999999
830.4200000000001
821.17
832.28
832.23
838.91
840.8
830.4899999999999
834.54
829.53
832.4300000000001
829.26
835.82
839.9899999999999
838.13
833.0600000000001
840.0800000000002
836.3499999999999
838.55
834.7199999999999
831.73
829.0500000000001
832.46
828.45
837.04
827.65
835.39
834.97
834.23
839.21
838.45
835.4900000000001
844.39
838.09
840.0600000000001
835.85
835.4200000000001
833.5600000000001
839.9000000000001
834.36
841.5600000000001
832.21
838.16
838.1000000000001
839.7700000000001
838.03
834.14
835.2000000000002
834.7800000000001
836.84
834.59
834.5699999999999
833.64
826.74
839.46
837.42
842.99
831.4
840.09
835.88
836.99
835.8899999999999
833.02
833.22
837.28
835.56
833.9
832.8299999999999
836.03
836.1600000000001
830.7
834.23
834.01
841.71
839.5999999999999
837.6999999999999
833.2
551.76
538.53
765.56
537.35
677.8199999999999
531.1
532.99
533.66
551.05
538.74
550.5500000000001
545.08
536.54
528.58
535.22
550.8
548.24
536.5600000000001
539.3000000000001
538.3199999999999
544.39
535.1800000000001
530.14
533.58
535.23
544.88
526.2700000000001
530.49
536.48
533.72
530.29
535.3299999999999
552.4100000000001
540.1
550.5799999999999
551.74
541.99
559.89
537.53
522.01
544.22
663.29
545.36
567.23
543.56
540.1
536.5
547.05
543.62
535.61
542.73
538.89
544.4499999999999
544.22
545.51
536.99
549.9200000000001
530.84
541.0
538.15
543.96
534.16
549.64
536.2
539.54
531.89
540.51
538.3100000000001
544.1800000000001
536.71
548.1800000000001
530.9599999999999
524.65
539.4300000000001
529.3199999999999
526.05
531.18
525.71
533.0899999999999
532.0
541.76
536.59
539.02
546.04
547.04
542.62
558.31
535.9100000000001
542.29
538.76
529.25
515.75
543.4
525.15
534.78
525.9399999999999
520.76
531.47
509.61999999999995
527.18
526.51
523.52
530.56
552.98
532.56
539.89
522.38
540.28
537.3900000000001
528.59
534.8599999999999
525.9
528.28
527.71
525.3199999999999
526.92
534.9200000000001
527.14
543.36
525.22
521.98
535.23
534.81
521.24
536.92
538.86
547.84
513.61
529.1700000000001
536.01
503.04
531.14
535.72
521.29
545.71
528.97
529.71
532.5699999999999
547.31
519.5500000000001
528.8
539.5600000000001
518.74
521.27
536.22
521.22
544.38
534.85
527.1500000000001
520.39
538.63
517.8
527.49
512.96
541.32
538.29
534.48
538.25
536.61
542.6700000000001
533.2
525.9200000000001
519.53
533.73
525.97
513.95
539.26
529.13
536.9300000000001
515.5
541.11
530.38
537.1
532.0799999999999
524.6999999999999
532.46
508.19
519.38
530.64
534.94
524.36
513.11
530.01
523.71
522.92
517.05
497.15000000000003
511.63000000000005
529.67
526.68
516.46
519.29
521.8100000000001
527.9499999999999
506.29
509.88000000000005
535.55
515.89
538.88
533.56
512.47
527.02
533.6800000000001
524.14
535.64
524.04
509.3
535.5
527.38
504.17
517.82
529.78
507.26
513.04
516.44
492.66
529.34
508.28
493.87
514.9300000000001
497.83000000000004
510.46999999999997
549.01
519.03
522.6600000000001
534.63
522.9
522.88
526.4
524.8
518.37
520.86
538.3499999999999
512.86
523.24
539.75
509.51
496.08
531.63
516.86
465.46999999999997
524.59
524.73
526.63
497.87
525.3100000000001
533.34
527.15
522.46
498.87
531.36
524.99
534.93
515.86
523.15
540.89
522.07
520.6899999999999
505.64
528.66
521.8100000000001
523.3100000000001
517.8499999999999
493.78000000000003
521.07
526.4499999999999
503.84000000000003
529.01
518.34
546.62
520.7399999999999
526.23
537.74
533.7600000000001
490.84
524.87
506.34
511.59000000000003
516.92
497.00999999999993
517.11
532.37
513.66
516.28
540.41
528.23
538.2
513.85
497.85
527.86
533.07
528.15
511.58000000000004
518.8
551.81
517.89
501.6
516.86
528.39
516.18
535.26
521.13
476.8599999999999
521.95
523.9699999999999
516.8
526.79
507.65999999999997
507.64
523.05
513.65
506.78
541.95
518.48
522.0500000000001
520.13
506.78
532.1899999999999
532.63
513.14
519.88
532.25
501.76
524.6700000000001
510.56
531.75
514.86
501.73
516.43
503.98
558.66
517.8199999999999
504.78999999999996
529.65
503.44
527.17
534.43
522.89
499.96000000000004
523.81
529.28
506.56
544.31
511.02000000000004
534.38
524.8299999999999
472.21000000000004
518.8
540.74
508.90000000000003
536.17
530.23
551.66
535.67
520.5
512.7
531.05
511.98999999999995
535.21
520.1700000000001
543.73
510.62
480.93999999999994
491.13000000000005
523.37
511.03000000000003
504.31
518.9
545.78
522.26
521.0
504.79999999999995
523.77
536.03
529.43
506.94
495.76
553.52
529.7
516.83
534.56
526.49
514.0500000000001
515.99
516.75
523.33
516.18
518.9499999999999
526.77
527.72
515.72
531.99
527.11
517.56
518.65
536.6700000000001
502.11
0.0
0.0
0.0
0.0
0.0
0.0
0.0
0.0
0.0
0.0
0.0
0.0
0.0
0.0
0.0
0.0
0.0
0.0
0.0
0.0
0.0
0.0
0.0
0.0
0.0
0.0
0.0
0.0
0.0
0.0
0.0
0.0
0.0
0.0
0.0
0.0
0.0
0.0
0.0
0.0
0.0
0.0
0.0
0.0
0.0
0.0
0.0
0.0
0.0
0.0
0.0
0.0
0.0
0.0
0.0
0.0
0.0
0.0
0.0
0.0
0.0
0.0
0.0
0.0
0.0
0.0
0.0
0.0
0.0
0.0
0.0
0.0
0.0
0.0
0.0
0.0
0.0
0.0
0.0
0.0
0.0
0.0
0.0
0.0
0.0
0.0
0.0
0.0
0.0
0.0
0.0
0.0
0.0
0.0
0.0
0.0
0.0
0.0
0.0
0.0
0.0
0.0
0.0
0.0
0.0
0.0
0.0
0.0
0.0
0.0
0.0
0.0
0.0
0.0
0.0
0.0
0.0
0.0
0.0
0.0
0.0
0.0
0.0
0.0
0.0
0.0
0.0
0.0
0.0
0.0
0.0
0.0
0.0
0.0
0.0
0.0
0.0
0.0
0.0
0.0
0.0
0.0
0.0
0.0
0.0
0.0
0.0
0.0
0.0
0.0
0.0
0.0
0.0
0.0
0.0
0.0
0.0
0.0
0.0
0.0
0.0
0.0
0.0
0.0
0.0
0.0
0.0
0.0
0.0
0.0
0.0
0.0
0.0
0.0
0.0
0.0
0.0
0.0
0.0
0.0
0.0
0.0
0.0
