533.5500000000001
528.02
512.39
546.46
530.05
526.27
551.7
911.6600000000001
912.9000000000001
917.62
913.91
915.5500000000001
915.63
921.95
913.1099999999999
915.1299999999999
915.67
915.09
918.7199999999999
921.13
915.94
918.1299999999999
920.6
918.01
915.0900000000001
919.39
920.1800000000001
919.6800000000001
913.1700000000001
915.29
916.01
921.48
917.9699999999999
918.43
915.8899999999999
919.41
917.65
918.22
919.69
918.31
917.22
918.82
919.22
919.5799999999999
916.53
917.53
918.81
919.76
918.9000000000001
921.01
925.5300000000001
917.78
918.5300000000001
922.99
928.37
926.63
919.09
925.6300000000001
920.49
922.05
918.71
915.98
919.1099999999999
919.1199999999999
916.0799999999999
919.5100000000002
966.26
919.5999999999999
919.49
916.4000000000001
922.3699999999999
920.21
918.69
916.76
917.94
919.4799999999998
919.79
917.78
915.8199999999999
921.92
918.1100000000001
916.5699999999999
917.75
920.13
920.5800000000002
916.9200000000001
918.3299999999999
920.6200000000001
917.27
918.61
917.3199999999999
920.8599999999999
918.26
918.48
917.09
919.98
921.6500000000001
919.26
924.74
920.6
918.2900000000001
923.16
929.83
928.4399999999999
925.76
924.3399999999999
926.3900000000001
922.9800000000001
925.99
921.62
921.8499999999999
921.0699999999999
919.48
923.1300000000001
918.74
918.0
920.52
918.6500000000001
734.31
534.37
533.94
535.29
532.19
537.22
534.04
529.65
533.0699999999999
536.17
536.4000000000001
544.1800000000001
542.47
530.6800000000001
522.7
540.07
546.5699999999999
533.19
538.53
546.77
533.89
528.4399999999999
552.81
587.26
533.05
538.9000000000001
554.3399999999999
544.11
543.7900000000001
553.96
539.39
545.97
541.88
536.23
534.86
544.9599999999999
534.48
542.94
535.95
531.3299999999999
536.17
544.13
534.76
548.21
545.65
532.17
543.25
539.6
542.54
537.64
528.69
524.75
524.43
539.51
544.34
521.7
533.14
549.76
547.96
525.55
526.3100000000001
519.42
570.4200000000001
540.0500000000001
532.15
549.43
546.23
539.94
546.82
546.88
549.12
535.83
518.27
524.77
522.69
518.9499999999999
521.78
534.24
531.65
527.19
517.77
521.36
511.35
517.73
0.0
0.0
0.0
0.0
0.0
0.0
0.0
0.0
0.0
0.0
0.0
0.0
0.0
0.0
0.0
0.0
0.0
0.0
0.0
0.0
0.0
0.0
0.0
0.0
0.0
0.0
0.0
0.0
0.0
0.0
0.0
0.0
0.0
0.0
0.0
0.0
0.0
0.0
0.0
0.0
0.0
0.0
0.0
0.0
0.0
0.0
0.0
0.0
0.0
0.0
0.0
0.0
0.0
0.0
0.0
0.0
0.0
0.0
0.0
0.0
0.0
0.0
0.0
0.0
0.0
0.0
0.0
0.0
0.0
0.0
0.0
0.0
0.0
0.0
0.0
0.0
0.0
0.0
0.0
0.0
0.0
0.0
0.0
0.0
0.0
0.0
0.0
0.0
0.0
0.0
0.0
0.0
0.0
0.0
0.0
0.0
0.0
0.0
0.0
0.0
0.0
0.0
0.0
0.0
0.0
0.0
0.0
0.0
0.0
0.0
0.0
0.0
0.0
0.0
0.0
0.0
0.0
0.0
0.0
0.0
0.0
0.0
0.0
0.0
0.0
0.0
0.0
0.0
0.0
0.0
0.0
0.0
0.0
0.0
0.0
0.0
0.0
0.0
0.0
0.0
0.0
0.0
0.0
0.0
0.0
0.0
0.0
0.0
0.0
0.0
0.0
0.0
0.0
0.0
0.0
0.0
0.0
0.0
0.0
0.0
0.0
0.0
0.0
0.0
0.0
0.0
0.0
0.0
0.0
0.0
0.0
0.0
0.0
0.0
0.0
0.0
0.0
0.0
0.0
0.0
0.0
0.0
0.0
0.0
0.0
0.0
0.0
0.0
0.0
0.0
0.0
0.0
0.0
0.0
0.0
0.0
0.0
0.0
0.0
0.0
0.0
0.0
0.0
0.0
0.0
0.0
0.0
0.0
0.0
0.0
0.0
0.0
0.0
0.0
0.0
0.0
0.0
0.0
0.0
0.0
0.0
0.0
0.0
0.0
0.0
0.0
0.0
0.0
0.0
0.0
0.0
0.0
0.0
0.0
0.0
0.0
0.0
0.0
0.0
0.0
0.0
0.0
0.0
0.0
0.0
0.0
0.0
0.0
0.0
0.0
0.0
0.0
0.0
0.0
0.0
0.0
0.0
0.0
0.0
0.0
0.0
0.0
0.0
0.0
0.0
0.0
0.0
0.0
0.0
0.0
0.0
0.0
0.0
0.0
0.0
0.0
0.0
0.0
0.0
0.0
0.0
0.0
0.0
0.0
0.0
0.0
0.0
0.0
0.0
0.0
0.0
0.0
0.0
0.0
0.0
0.0
0.0
0.0
0.0
0.0
0.0
0.0
0.0
0.0
0.0
0.0
0.0
0.0
0.0
0.0
0.0
0.0
0.0
0.0
0.0
0.0
0.0
0.0
0.0
0.0
0.0
0.0
0.0
0.0
0.0
0.0
0.0
0.0
0.0
0.0
0.0
0.0
0.0
0.0
0.0
0.0
0.0
0.0
0.0
0.0
0.0
0.0
0.0
0.0
0.0
0.0
0.0
0.0
0.0
0.0
0.0
0.0
0.0
0.0
0.0
0.0
0.0
0.0
0.0
0.0
0.0
0.0
0.0
0.0
0.0
0.0
0.0
0.0
0.0
0.0
0.0
0.0
0.0
0.0
0.0
0.0
0.0
0.0
0.0
0.0
0.0
0.0
0.0
0.0
0.0
0.0
0.0
0.0
0.0
0.0
0.0
0.0
0.0
0.0
0.0
0.0
0.0
0.0
0.0
0.0
0.0
0.0
0.0
0.0
0.0
0.0
0.0
0.0
0.0
0.0
0.0
0.0
0.0
0.0
0.0
0.0
0.0
0.0
0.0
0.0
0.0
0.0
0.0
0.0
0.0
0.0
0.0
0.0
0.0
0.0
0.0
0.0
0.0
0.0
0.0
0.0
0.0
0.0
0.0
0.0
0.0
0.0
0.0
0.0
0.0
0.0
0.0
0.0
0.0
0.0
0.0
0.0
0.0
0.0
0.0
0.0
0.0
0.0
0.0
0.0
0.0
0.0
0.0
0.0
0.0
0.0
0.0
0.0
0.0
0.0
0.0
0.0
0.0
0.0
0.0
0.0
0.0
0.0
0.0
0.0
0.0
0.0
0.0
0.0
0.0
0.0
0.0
0.0
0.0
0.0
0.0
0.0
0.0
0.0
0.0
0.0
0.0
0.0
