551.93
534.06
551.81
536.3499999999999
540.85
558.24
539.28
880.23
885.56
886.5600000000002
887.81
884.02
885.75
884.21
885.5899999999999
884.52
886.4
886.4699999999999
890.8500000000001
888.8199999999999
886.2399999999999
883.5500000000001
887.4300000000001
886.96
885.5799999999998
888.55
888.64
889.31
887.9199999999998
888.8100000000001
887.4
883.52
882.71
880.74
885.1899999999999
891.96
881.9100000000001
886.6000000000001
886.5900000000001
888.19
891.8199999999999
883.0799999999999
886.4300000000001
887.77
889.5799999999999
885.1899999999999
885.83
882.5400000000001
888.2299999999999
886.9
885.29
882.27
883.1500000000001
897.11
922.6199999999999
886.36
885.31
888.3100000000001
898.73
886.4000000000001
887.01
889.1099999999999
883.9
880.58
883.02
896.3
885.1699999999998
895.1700000000001
885.54
886.8199999999999
884.35
885.3
885.68
882.5500000000001
884.79
885.73
902.1800000000001
883.1500000000001
882.5799999999999
907.22
965.14
1003.24
1000.03
1004.63
1004.51
999.14
993.79
968.4999999999999
959.3900000000001
889.23
887.38
919.69
881.5500000000002
899.1
900.2
906.4300000000001
909.3000000000001
894.6700000000001
910.04
895.5
1001.1
998.1
988.9399999999999
993.41
988.9200000000001
906.98
907.2099999999999
914.99
915.3499999999999
905.19
824.21
894.43
903.26
910.52
897.9
904.45
873.5
897.51
905.4399999999998
859.8499999999999
878.64
879.75
875.61
919.2399999999999
856.43
524.6
524.03
526.23
524.16
525.52
523.7
523.3
523.76
524.9
523.69
523.0699999999999
524.88
523.63
525.1600000000001
524.1700000000001
526.53
522.95
524.87
522.87
522.97
523.96
618.64
524.48
604.26
672.25
532.98
522.64
715.9200000000001
619.2800000000001
618.3
617.63
523.34
617.57
618.18
524.1899999999999
522.6
522.0
522.36
522.65
525.3499999999999
522.7
522.02
522.73
522.27
521.25
519.82
523.9200000000001
522.71
522.73
520.23
521.76
519.61
521.5400000000001
519.34
520.62
521.15
519.43
520.8199999999999
518.0600000000001
518.04
522.01
521.55
521.6
522.42
519.95
519.13
522.51
536.22
518.62
519.49
517.48
517.49
295.43
152.12
193.68
197.54999999999998
241.44000000000003
309.96
251.44000000000003
232.98
0.0
0.0
0.0
0.0
0.0
0.0
0.0
0.0
0.0
0.0
0.0
0.0
0.0
0.0
0.0
0.0
0.0
0.0
0.0
0.0
0.0
0.0
0.0
0.0
0.0
0.0
0.0
0.0
0.0
0.0
0.0
0.0
0.0
0.0
0.0
0.0
0.0
0.0
0.0
0.0
0.0
0.0
0.0
0.0
0.0
0.0
0.0
0.0
0.0
0.0
0.0
0.0
0.0
0.0
0.0
0.0
0.0
0.0
0.0
0.0
0.0
0.0
0.0
0.0
0.0
0.0
0.0
0.0
0.0
0.0
0.0
0.0
0.0
0.0
0.0
0.0
0.0
0.0
0.0
0.0
0.0
0.0
0.0
0.0
0.0
0.0
0.0
0.0
0.0
0.0
0.0
0.0
0.0
0.0
0.0
0.0
0.0
0.0
0.0
0.0
0.0
0.0
0.0
0.0
0.0
0.0
0.0
0.0
0.0
0.0
0.0
0.0
0.0
0.0
0.0
0.0
0.0
0.0
0.0
0.0
0.0
0.0
0.0
0.0
0.0
0.0
0.0
0.0
0.0
0.0
0.0
0.0
0.0
0.0
0.0
0.0
0.0
0.0
0.0
0.0
0.0
0.0
0.0
0.0
0.0
0.0
0.0
0.0
0.0
0.0
0.0
0.0
0.0
0.0
0.0
0.0
0.0
0.0
0.0
0.0
0.0
0.0
0.0
0.0
0.0
0.0
0.0
0.0
0.0
0.0
0.0
0.0
0.0
0.0
0.0
0.0
0.0
0.0
0.0
0.0
0.0
0.0
0.0
0.0
0.0
0.0
0.0
0.0
0.0
0.0
0.0
0.0
0.0
0.0
0.0
0.0
0.0
0.0
0.0
0.0
0.0
0.0
0.0
0.0
0.0
0.0
0.0
0.0
0.0
0.0
0.0
0.0
0.0
0.0
0.0
0.0
0.0
0.0
0.0
0.0
0.0
0.0
0.0
0.0
0.0
0.0
0.0
0.0
0.0
0.0
0.0
0.0
0.0
0.0
0.0
0.0
0.0
0.0
0.0
0.0
0.0
0.0
0.0
0.0
0.0
0.0
0.0
0.0
0.0
0.0
0.0
0.0
0.0
0.0
0.0
0.0
0.0
0.0
0.0
0.0
0.0
0.0
0.0
0.0
0.0
0.0
0.0
0.0
0.0
0.0
0.0
0.0
0.0
0.0
0.0
0.0
0.0
0.0
0.0
0.0
0.0
0.0
0.0
0.0
0.0
0.0
0.0
0.0
0.0
0.0
0.0
0.0
0.0
0.0
0.0
0.0
0.0
0.0
0.0
0.0
0.0
0.0
0.0
0.0
0.0
0.0
0.0
0.0
0.0
0.0
0.0
0.0
0.0
0.0
0.0
0.0
0.0
0.0
0.0
0.0
0.0
0.0
0.0
0.0
0.0
0.0
0.0
0.0
0.0
0.0
0.0
0.0
0.0
0.0
0.0
0.0
0.0
0.0
0.0
0.0
0.0
0.0
0.0
0.0
0.0
0.0
0.0
0.0
0.0
0.0
0.0
0.0
0.0
0.0
0.0
0.0
0.0
0.0
0.0
0.0
0.0
0.0
0.0
0.0
0.0
0.0
0.0
0.0
0.0
0.0
0.0
0.0
0.0
0.0
0.0
0.0
0.0
0.0
0.0
0.0
0.0
0.0
0.0
0.0
0.0
0.0
0.0
0.0
0.0
0.0
0.0
0.0
0.0
0.0
0.0
0.0
0.0
0.0
0.0
0.0
0.0
0.0
0.0
0.0
0.0
0.0
0.0
0.0
0.0
0.0
0.0
0.0
0.0
0.0
0.0
0.0
0.0
0.0
0.0
0.0
0.0
0.0
0.0
0.0
0.0
0.0
0.0
0.0
0.0
0.0
0.0
0.0
0.0
0.0
0.0
0.0
0.0
0.0
0.0
0.0
0.0
0.0
0.0
0.0
0.0
0.0
0.0
0.0
0.0
0.0
0.0
0.0
0.0
0.0
0.0
0.0
0.0
0.0
0.0
0.0
0.0
0.0
0.0
0.0
0.0
0.0
0.0
0.0
0.0
0.0
0.0
0.0
0.0
0.0
0.0
0.0
0.0
0.0
0.0
0.0
0.0
0.0
0.0
0.0
0.0
0.0
0.0
0.0
0.0
0.0
0.0
0.0
0.0
0.0
0.0
