516.6600000000001
543.52
538.3000000000001
555.1800000000001
569.96
867.71
867.21
852.3399999999999
865.9699999999999
861.0500000000001
873.3399999999999
864.4499999999999
882.95
878.57
870.38
882.0200000000001
872.93
873.2900000000001
875.22
873.51
870.5000000000001
875.06
876.7599999999999
874.0799999999999
873.6999999999999
876.3599999999999
878.27
876.39
873.53
876.76
864.9099999999999
872.1899999999999
871.5500000000001
867.1899999999999
864.17
873.19
867.27
872.3100000000001
873.2300000000001
871.1899999999999
873.55
872.31
868.9200000000001
866.81
865.01
868.3399999999999
869.78
864.49
873.08
871.1500000000001
868.13
870.25
874.59
874.24
872.0799999999999
869.34
872.0300000000001
875.35
869.85
883.1800000000001
868.8299999999999
868.2400000000001
865.7800000000001
875.29
872.9100000000001
865.9899999999999
882.8599999999999
859.8299999999999
891.66
868.4099999999999
868.62
869.46
873.5899999999999
874.92
871.0999999999999
871.45
873.44
872.03
873.4000000000001
873.38
872.9
868.63
866.06
871.3199999999999
895.14
868.8700000000001
874.59
869.2499999999999
876.24
870.0300000000001
870.19
871.9399999999999
868.4999999999999
880.25
868.5100000000001
866.5599999999998
869.6899999999999
875.7
877.3899999999999
875.2700000000001
870.85
873.5699999999999
875.43
870.7199999999999
874.3000000000001
872.02
864.1100000000001
867.61
863.59
866.8199999999999
870.6999999999999
872.5500000000001
868.8
869.75
872.36
872.23
870.0200000000001
869.3000000000001
869.1800000000001
870.09
864.51
566.41
554.48
593.4100000000001
561.69
556.25
554.94
569.24
558.09
549.04
555.58
552.49
542.7
552.22
574.72
547.46
640.33
552.95
545.49
571.8
556.25
544.46
541.6
531.34
575.22
545.4
646.5100000000001
559.3
540.88
547.96
548.8399999999999
552.5200000000001
546.13
544.8299999999999
564.39
564.37
569.6800000000001
534.65
531.92
538.5600000000001
570.14
561.6899999999999
579.43
560.28
558.5
558.61
551.67
552.95
573.19
567.06
558.02
553.57
552.22
553.2
549.77
644.56
577.81
544.04
567.14
540.9000000000001
553.01
561.9499999999999
549.86
537.6999999999999
540.51
619.5600000000001
561.84
550.9200000000001
522.03
511.4
533.59
516.06
522.17
0.0
0.0
0.0
0.0
0.0
0.0
0.0
0.0
0.0
0.0
0.0
0.0
0.0
0.0
0.0
0.0
0.0
0.0
0.0
0.0
0.0
0.0
0.0
0.0
0.0
0.0
0.0
0.0
0.0
0.0
0.0
0.0
0.0
0.0
0.0
0.0
0.0
0.0
0.0
0.0
0.0
0.0
0.0
0.0
0.0
0.0
0.0
0.0
0.0
0.0
0.0
0.0
0.0
0.0
0.0
0.0
0.0
0.0
0.0
0.0
0.0
0.0
0.0
0.0
0.0
0.0
0.0
0.0
0.0
0.0
0.0
0.0
0.0
0.0
0.0
0.0
0.0
0.0
0.0
0.0
0.0
0.0
0.0
0.0
0.0
0.0
0.0
0.0
0.0
0.0
0.0
0.0
0.0
0.0
0.0
0.0
0.0
0.0
0.0
0.0
0.0
0.0
0.0
0.0
0.0
0.0
0.0
0.0
0.0
0.0
0.0
0.0
0.0
0.0
0.0
0.0
0.0
0.0
0.0
0.0
0.0
0.0
0.0
0.0
0.0
0.0
0.0
0.0
0.0
0.0
0.0
0.0
0.0
0.0
0.0
0.0
0.0
0.0
0.0
0.0
0.0
0.0
0.0
0.0
0.0
0.0
0.0
0.0
0.0
0.0
0.0
0.0
0.0
0.0
0.0
0.0
0.0
0.0
0.0
0.0
0.0
0.0
0.0
0.0
0.0
0.0
0.0
0.0
0.0
0.0
0.0
0.0
0.0
0.0
0.0
0.0
0.0
0.0
0.0
0.0
0.0
0.0
0.0
0.0
0.0
0.0
0.0
0.0
0.0
0.0
0.0
0.0
0.0
0.0
0.0
0.0
0.0
0.0
0.0
0.0
0.0
0.0
0.0
0.0
0.0
0.0
0.0
0.0
0.0
0.0
0.0
0.0
0.0
0.0
0.0
0.0
0.0
0.0
0.0
0.0
0.0
0.0
0.0
0.0
0.0
0.0
0.0
0.0
0.0
0.0
0.0
0.0
0.0
0.0
0.0
0.0
0.0
0.0
0.0
0.0
0.0
0.0
0.0
0.0
0.0
0.0
0.0
0.0
0.0
0.0
0.0
0.0
0.0
0.0
0.0
0.0
0.0
0.0
0.0
0.0
0.0
0.0
0.0
0.0
0.0
0.0
0.0
0.0
0.0
0.0
0.0
0.0
0.0
0.0
0.0
0.0
0.0
0.0
0.0
0.0
0.0
0.0
0.0
0.0
0.0
0.0
0.0
0.0
0.0
0.0
0.0
0.0
0.0
0.0
0.0
0.0
0.0
0.0
0.0
0.0
0.0
0.0
0.0
0.0
0.0
0.0
0.0
0.0
0.0
0.0
0.0
0.0
0.0
0.0
0.0
0.0
0.0
0.0
0.0
0.0
0.0
0.0
0.0
0.0
0.0
0.0
0.0
0.0
0.0
0.0
0.0
0.0
0.0
0.0
0.0
0.0
0.0
0.0
0.0
0.0
0.0
0.0
0.0
0.0
0.0
0.0
0.0
0.0
0.0
0.0
0.0
0.0
0.0
0.0
0.0
0.0
0.0
0.0
0.0
0.0
0.0
0.0
0.0
0.0
0.0
0.0
0.0
0.0
0.0
0.0
0.0
0.0
0.0
0.0
0.0
0.0
0.0
0.0
0.0
0.0
0.0
0.0
0.0
0.0
0.0
0.0
0.0
0.0
0.0
0.0
0.0
0.0
0.0
0.0
0.0
0.0
0.0
0.0
0.0
0.0
0.0
0.0
0.0
0.0
0.0
0.0
0.0
0.0
0.0
0.0
0.0
0.0
0.0
0.0
0.0
0.0
0.0
0.0
0.0
0.0
0.0
0.0
0.0
0.0
0.0
0.0
0.0
0.0
0.0
0.0
0.0
0.0
0.0
0.0
0.0
0.0
0.0
0.0
0.0
0.0
0.0
0.0
0.0
0.0
0.0
0.0
0.0
0.0
0.0
0.0
0.0
0.0
0.0
0.0
0.0
0.0
0.0
0.0
0.0
0.0
0.0
0.0
0.0
0.0
0.0
0.0
0.0
0.0
0.0
0.0
0.0
0.0
0.0
0.0
0.0
0.0
0.0
0.0
0.0
0.0
0.0
0.0
0.0
0.0
0.0
0.0
0.0
0.0
0.0
0.0
0.0
0.0
0.0
0.0
0.0
0.0
0.0
0.0
0.0
0.0
0.0
0.0
0.0
0.0
0.0
0.0
0.0
