542.7700000000001
539.7299999999999
534.91
544.5899999999999
545.8
537.1999999999999
811.8
811.8
833.8
820.0699999999999
849.17
840.98
839.29
836.8
842.8699999999999
841.3
833.6299999999999
847.24
838.28
841.75
843.43
841.98
838.24
840.8299999999999
845.7
843.24
844.36
852.6600000000001
851.0400000000001
845.74
848.96
840.93
843.5799999999999
841.27
850.84
837.13
851.04
847.81
843.04
854.36
841.09
852.96
849.92
849.2
849.62
853.9300000000001
848.28
859.1700000000001
846.8
855.27
851.6
847.4399999999999
846.08
846.8899999999999
876.6300000000001
851.29
846.45
848.6800000000001
852.29
850.35
856.4599999999999
856.34
852.47
856.1600000000001
852.09
858.5
849.81
859.35
849.74
858.22
851.36
852.8100000000001
854.9200000000001
847.7099999999999
848.7900000000001
847.67
849.27
850.91
851.7900000000001
853.43
849.1199999999999
852.5400000000001
850.85
847.74
851.94
846.22
850.7700000000001
856.8899999999999
858.77
863.77
858.08
851.8899999999999
855.86
848.92
853.8399999999999
857.18
851.57
858.3
855.19
858.58
849.13
857.62
860.23
856.3600000000001
848.3
851.63
853.66
850.55
855.97
856.28
851.5500000000001
855.66
867.07
858.68
849.9100000000001
850.6300000000001
853.39
855.73
852.52
858.87
827.63
542.72
539.64
531.9699999999999
539.96
529.5699999999999
542.41
536.22
521.79
535.8299999999999
536.39
545.94
530.79
536.6899999999999
546.83
530.7
533.36
529.37
548.69
533.25
544.48
523.05
561.2
547.37
528.69
538.9000000000001
531.9399999999999
551.8
541.61
537.31
547.98
562.9
546.3
533.58
537.98
523.67
535.47
555.18
549.72
539.78
537.73
547.77
538.12
538.59
524.46
532.26
534.51
544.56
529.04
527.18
544.23
536.22
526.4200000000001
531.56
541.3399999999999
531.61
551.3199999999999
529.81
519.01
537.01
516.5799999999999
522.24
543.18
514.9599999999999
523.86
534.97
558.97
541.89
554.75
540.33
534.9300000000001
535.97
537.88
537.04
532.19
524.88
537.45
543.3100000000001
527.44
523.17
530.99
497.38
501.57000000000005
530.56
530.12
513.73
521.17
533.7800000000001
503.34
528.43
532.3299999999999
511.60999999999996
514.07
507.17
513.66
523.01
502.42999999999995
534.48
525.95
509.7
0.0
0.0
0.0
0.0
0.0
0.0
0.0
0.0
0.0
0.0
0.0
0.0
0.0
0.0
0.0
0.0
0.0
0.0
0.0
0.0
0.0
0.0
0.0
0.0
0.0
0.0
0.0
0.0
0.0
0.0
0.0
0.0
0.0
0.0
0.0
0.0
0.0
0.0
0.0
0.0
0.0
0.0
0.0
0.0
0.0
0.0
0.0
0.0
0.0
0.0
0.0
0.0
0.0
0.0
0.0
0.0
0.0
0.0
0.0
0.0
0.0
0.0
0.0
0.0
0.0
0.0
0.0
0.0
0.0
0.0
0.0
0.0
0.0
0.0
0.0
0.0
0.0
0.0
0.0
0.0
0.0
0.0
0.0
0.0
0.0
0.0
0.0
0.0
0.0
0.0
0.0
0.0
0.0
0.0
0.0
0.0
0.0
0.0
0.0
0.0
0.0
0.0
0.0
0.0
0.0
0.0
0.0
0.0
0.0
0.0
0.0
0.0
0.0
0.0
0.0
0.0
0.0
0.0
0.0
0.0
0.0
0.0
0.0
0.0
0.0
0.0
0.0
0.0
0.0
0.0
0.0
0.0
0.0
0.0
0.0
0.0
0.0
0.0
0.0
0.0
0.0
0.0
0.0
0.0
0.0
0.0
0.0
0.0
0.0
0.0
0.0
0.0
0.0
0.0
0.0
0.0
0.0
0.0
0.0
0.0
0.0
0.0
0.0
0.0
0.0
0.0
0.0
0.0
0.0
0.0
0.0
0.0
0.0
0.0
0.0
0.0
0.0
0.0
0.0
0.0
0.0
0.0
0.0
0.0
0.0
0.0
0.0
0.0
0.0
0.0
0.0
0.0
0.0
0.0
0.0
0.0
0.0
0.0
0.0
0.0
0.0
0.0
0.0
0.0
0.0
0.0
0.0
0.0
0.0
0.0
0.0
0.0
0.0
0.0
0.0
0.0
0.0
0.0
0.0
0.0
0.0
0.0
0.0
0.0
0.0
0.0
0.0
0.0
0.0
0.0
0.0
0.0
0.0
0.0
0.0
0.0
0.0
0.0
0.0
0.0
0.0
0.0
0.0
0.0
0.0
0.0
0.0
0.0
0.0
0.0
0.0
0.0
0.0
0.0
0.0
0.0
0.0
0.0
0.0
0.0
0.0
0.0
0.0
0.0
0.0
0.0
0.0
0.0
0.0
0.0
0.0
0.0
0.0
0.0
0.0
0.0
0.0
0.0
0.0
0.0
0.0
0.0
0.0
0.0
0.0
0.0
0.0
0.0
0.0
0.0
0.0
0.0
0.0
0.0
0.0
0.0
0.0
0.0
0.0
0.0
0.0
0.0
0.0
0.0
0.0
0.0
0.0
0.0
0.0
0.0
0.0
0.0
0.0
0.0
0.0
0.0
0.0
0.0
0.0
0.0
0.0
0.0
0.0
0.0
0.0
0.0
0.0
0.0
0.0
0.0
0.0
0.0
0.0
0.0
0.0
0.0
0.0
0.0
0.0
0.0
0.0
0.0
0.0
0.0
0.0
0.0
0.0
0.0
0.0
0.0
0.0
0.0
0.0
0.0
0.0
0.0
0.0
0.0
0.0
0.0
0.0
0.0
0.0
0.0
0.0
0.0
0.0
0.0
0.0
0.0
0.0
0.0
0.0
0.0
0.0
0.0
0.0
0.0
0.0
0.0
0.0
0.0
0.0
0.0
0.0
0.0
0.0
0.0
0.0
0.0
0.0
0.0
0.0
0.0
0.0
0.0
0.0
0.0
0.0
0.0
0.0
0.0
0.0
0.0
0.0
0.0
0.0
0.0
0.0
0.0
0.0
0.0
0.0
0.0
0.0
0.0
0.0
0.0
0.0
0.0
0.0
0.0
0.0
0.0
0.0
0.0
0.0
0.0
0.0
0.0
0.0
0.0
0.0
0.0
0.0
0.0
0.0
0.0
0.0
0.0
0.0
0.0
0.0
0.0
0.0
0.0
0.0
0.0
0.0
0.0
0.0
0.0
0.0
0.0
0.0
0.0
0.0
0.0
0.0
0.0
0.0
0.0
0.0
0.0
0.0
0.0
0.0
0.0
0.0
0.0
0.0
0.0
0.0
0.0
0.0
0.0
0.0
0.0
0.0
0.0
