552.1
526.9300000000001
538.46
533.47
538.6700000000001
543.15
556.5899999999999
540.19
541.55
722.8
884.9599999999999
878.9300000000001
879.0500000000001
882.1999999999999
887.0900000000001
881.17
887.4200000000001
880.6
885.5499999999998
884.63
888.1600000000001
885.53
882.1400000000001
887.1
881.9599999999999
882.01
885.45
879.33
884.49
880.62
911.0200000000001
882.52
882.44
882.01
880.83
878.86
878.41
880.11
888.29
882.8399999999999
880.1
879.29
880.61
916.52
880.94
883.29
882.6200000000001
889.77
882.3899999999999
883.6299999999999
882.0899999999999
885.4300000000001
886.24
876.9499999999999
879.4699999999999
881.92
904.9499999999999
884.96
884.5500000000001
879.22
883.5600000000001
884.82
886.55
879.0899999999999
877.4199999999998
874.94
877.72
879.06
881.3800000000001
879.5000000000001
881.94
880.99
882.71
881.54
882.3600000000001
879.6200000000001
899.8599999999999
882.1200000000001
883.8100000000001
881.5699999999999
882.78
878.9200000000001
880.09
879.1
878.03
873.43
881.35
879.16
881.25
879.86
885.98
877.99
882.2300000000001
881.26
893.53
900.8800000000001
892.24
878.48
881.2000000000002
875.9699999999999
883.08
876.22
882.84
879.2800000000001
881.4
879.6
881.21
884.45
880.1800000000001
878.58
882.3800000000001
881.1099999999999
872.8199999999999
875.4300000000001
878.0899999999999
876.0
876.43
874.1899999999998
876.2500000000001
872.9
875.79
549.3499999999999
549.6
541.64
545.5600000000001
529.97
533.77
540.77
549.66
539.86
539.41
547.62
542.05
548.28
627.48
564.1700000000001
546.66
535.22
546.4300000000001
535.61
538.88
547.37
545.47
522.46
539.84
524.8399999999999
539.76
533.48
534.29
559.39
545.95
548.65
543.18
529.48
565.48
530.66
544.54
534.62
531.9
534.11
540.1
563.4300000000001
549.22
537.82
538.75
544.73
551.18
531.84
551.5500000000001
539.89
560.92
534.46
549.59
639.1
588.0
569.5699999999999
546.9399999999999
540.25
528.54
532.64
526.46
545.85
539.74
536.1
543.4399999999999
538.22
537.21
537.28
528.1600000000001
529.95
537.0799999999999
519.18
518.22
521.62
540.5999999999999
530.16
520.88
523.35
518.41
0.0
0.0
0.0
0.0
0.0
0.0
0.0
0.0
0.0
0.0
0.0
0.0
0.0
0.0
0.0
0.0
0.0
0.0
0.0
0.0
0.0
0.0
0.0
0.0
0.0
0.0
0.0
0.0
0.0
0.0
0.0
0.0
0.0
0.0
0.0
0.0
0.0
0.0
0.0
0.0
0.0
0.0
0.0
0.0
0.0
0.0
0.0
0.0
0.0
0.0
0.0
0.0
0.0
0.0
0.0
0.0
0.0
0.0
0.0
0.0
0.0
0.0
0.0
0.0
0.0
0.0
0.0
0.0
0.0
0.0
0.0
0.0
0.0
0.0
0.0
0.0
0.0
0.0
0.0
0.0
0.0
0.0
0.0
0.0
0.0
0.0
0.0
0.0
0.0
0.0
0.0
0.0
0.0
0.0
0.0
0.0
0.0
0.0
0.0
0.0
0.0
0.0
0.0
0.0
0.0
0.0
0.0
0.0
0.0
0.0
0.0
0.0
0.0
0.0
0.0
0.0
0.0
0.0
0.0
0.0
0.0
0.0
0.0
0.0
0.0
0.0
0.0
0.0
0.0
0.0
0.0
0.0
0.0
0.0
0.0
0.0
0.0
0.0
0.0
0.0
0.0
0.0
0.0
0.0
0.0
0.0
0.0
0.0
0.0
0.0
0.0
0.0
0.0
0.0
0.0
0.0
0.0
0.0
0.0
0.0
0.0
0.0
0.0
0.0
0.0
0.0
0.0
0.0
0.0
0.0
0.0
0.0
0.0
0.0
0.0
0.0
0.0
0.0
0.0
0.0
0.0
0.0
0.0
0.0
0.0
0.0
0.0
0.0
0.0
0.0
0.0
0.0
0.0
0.0
0.0
0.0
0.0
0.0
0.0
0.0
0.0
0.0
0.0
0.0
0.0
0.0
0.0
0.0
0.0
0.0
0.0
0.0
0.0
0.0
0.0
0.0
0.0
0.0
0.0
0.0
0.0
0.0
0.0
0.0
0.0
0.0
0.0
0.0
0.0
0.0
0.0
0.0
0.0
0.0
0.0
0.0
0.0
0.0
0.0
0.0
0.0
0.0
0.0
0.0
0.0
0.0
0.0
0.0
0.0
0.0
0.0
0.0
0.0
0.0
0.0
0.0
0.0
0.0
0.0
0.0
0.0
0.0
0.0
0.0
0.0
0.0
0.0
0.0
0.0
0.0
0.0
0.0
0.0
0.0
0.0
0.0
0.0
0.0
0.0
0.0
0.0
0.0
0.0
0.0
0.0
0.0
0.0
0.0
0.0
0.0
0.0
0.0
0.0
0.0
0.0
0.0
0.0
0.0
0.0
0.0
0.0
0.0
0.0
0.0
0.0
0.0
0.0
0.0
0.0
0.0
0.0
0.0
0.0
0.0
0.0
0.0
0.0
0.0
0.0
0.0
0.0
0.0
0.0
0.0
0.0
0.0
0.0
0.0
0.0
0.0
0.0
0.0
0.0
0.0
0.0
0.0
0.0
0.0
0.0
0.0
0.0
0.0
0.0
0.0
0.0
0.0
0.0
0.0
0.0
0.0
0.0
0.0
0.0
0.0
0.0
0.0
0.0
0.0
0.0
0.0
0.0
0.0
0.0
0.0
0.0
0.0
0.0
0.0
0.0
0.0
0.0
0.0
0.0
0.0
0.0
0.0
0.0
0.0
0.0
0.0
0.0
0.0
0.0
0.0
0.0
0.0
0.0
0.0
0.0
0.0
0.0
0.0
0.0
0.0
0.0
0.0
0.0
0.0
0.0
0.0
0.0
0.0
0.0
0.0
0.0
0.0
0.0
0.0
0.0
0.0
0.0
0.0
0.0
0.0
0.0
0.0
0.0
0.0
0.0
0.0
0.0
0.0
0.0
0.0
0.0
0.0
0.0
0.0
0.0
0.0
0.0
0.0
0.0
0.0
0.0
0.0
0.0
0.0
0.0
0.0
0.0
0.0
0.0
0.0
0.0
0.0
0.0
0.0
0.0
0.0
0.0
0.0
0.0
0.0
0.0
0.0
0.0
0.0
0.0
0.0
0.0
0.0
0.0
0.0
0.0
0.0
0.0
0.0
0.0
0.0
0.0
0.0
0.0
0.0
0.0
0.0
0.0
0.0
0.0
0.0
0.0
0.0
0.0
0.0
0.0
0.0
0.0
0.0
0.0
0.0
0.0
0.0
0.0
0.0
0.0
0.0
0.0
0.0
0.0
0.0
0.0
