535.04
534.75
540.73
542.94
542.25
535.9300000000001
537.79
536.53
827.0799999999999
830.6500000000001
829.7399999999999
832.91
832.0700000000002
832.0799999999999
841.45
837.6999999999999
837.62
836.39
833.15
840.1099999999999
835.51
836.86
838.65
838.18
834.3499999999999
840.34
835.0799999999999
829.03
836.7
840.32
837.4899999999999
841.9499999999999
839.0500000000001
833.5
838.47
844.6899999999999
840.62
835.72
832.98
838.5
832.9000000000001
834.56
840.86
839.75
838.88
843.95
835.0999999999999
840.05
838.0099999999999
839.37
836.45
836.1099999999999
836.21
842.55
844.6899999999999
838.61
836.1100000000001
837.5400000000001
839.9699999999999
839.06
844.8199999999999
842.99
838.15
840.52
840.22
838.4200000000001
835.91
834.47
834.74
843.54
837.4
844.3499999999999
836.76
838.15
840.87
836.15
830.27
839.21
836.5799999999999
841.6500000000001
837.9
842.14
840.61
835.26
837.55
860.42
831.3499999999999
839.3299999999999
843.5699999999999
844.0
832.3699999999999
836.89
841.02
836.9000000000001
839.99
845.7
836.5
841.1999999999999
835.58
836.1
839.49
848.44
840.51
839.35
841.89
841.6399999999999
845.31
862.1600000000001
840.85
837.4100000000001
841.3699999999999
838.53
835.1700000000001
837.27
845.47
838.84
835.14
843.36
840.55
837.81
815.9999999999999
839.46
542.05
532.68
524.36
546.24
535.4699999999999
541.67
522.55
530.16
528.12
534.86
518.5500000000001
520.29
541.6600000000001
525.8900000000001
546.78
542.39
533.22
520.8900000000001
534.19
532.28
552.69
543.0
554.5
538.77
621.99
524.97
531.82
534.14
550.12
533.66
528.2
538.3399999999999
547.25
528.6
541.6700000000001
536.35
518.49
526.85
548.95
537.36
533.19
540.13
540.05
535.94
540.28
531.8299999999999
547.25
529.8100000000001
537.0600000000001
529.62
536.4399999999999
528.42
524.49
536.91
536.99
525.01
539.12
538.58
543.66
505.5300000000001
546.86
535.65
534.31
529.25
517.75
533.2
526.6700000000001
498.96000000000004
542.28
531.49
509.81
508.24
519.49
519.85
518.1899999999999
520.58
518.16
517.3
526.5600000000001
535.18
509.94
519.98
535.77
518.12
537.22
509.86
512.72
524.38
527.74
532.85
0.0
0.0
0.0
0.0
0.0
0.0
0.0
0.0
0.0
0.0
0.0
0.0
0.0
0.0
0.0
0.0
0.0
0.0
0.0
0.0
0.0
0.0
0.0
0.0
0.0
0.0
0.0
0.0
0.0
0.0
0.0
0.0
0.0
0.0
0.0
0.0
0.0
0.0
0.0
0.0
0.0
0.0
0.0
0.0
0.0
0.0
0.0
0.0
0.0
0.0
0.0
0.0
0.0
0.0
0.0
0.0
0.0
0.0
0.0
0.0
0.0
0.0
0.0
0.0
0.0
0.0
0.0
0.0
0.0
0.0
0.0
0.0
0.0
0.0
0.0
0.0
0.0
0.0
0.0
0.0
0.0
0.0
0.0
0.0
0.0
0.0
0.0
0.0
0.0
0.0
0.0
0.0
0.0
0.0
0.0
0.0
0.0
0.0
0.0
0.0
0.0
0.0
0.0
0.0
0.0
0.0
0.0
0.0
0.0
0.0
0.0
0.0
0.0
0.0
0.0
0.0
0.0
0.0
0.0
0.0
0.0
0.0
0.0
0.0
0.0
0.0
0.0
0.0
0.0
0.0
0.0
0.0
0.0
0.0
0.0
0.0
0.0
0.0
0.0
0.0
0.0
0.0
0.0
0.0
0.0
0.0
0.0
0.0
0.0
0.0
0.0
0.0
0.0
0.0
0.0
0.0
0.0
0.0
0.0
0.0
0.0
0.0
0.0
0.0
0.0
0.0
0.0
0.0
0.0
0.0
0.0
0.0
0.0
0.0
0.0
0.0
0.0
0.0
0.0
0.0
0.0
0.0
0.0
0.0
0.0
0.0
0.0
0.0
0.0
0.0
0.0
0.0
0.0
0.0
0.0
0.0
0.0
0.0
0.0
0.0
0.0
0.0
0.0
0.0
0.0
0.0
0.0
0.0
0.0
0.0
0.0
0.0
0.0
0.0
0.0
0.0
0.0
0.0
0.0
0.0
0.0
0.0
0.0
0.0
0.0
0.0
0.0
0.0
0.0
0.0
0.0
0.0
0.0
0.0
0.0
0.0
0.0
0.0
0.0
0.0
0.0
0.0
0.0
0.0
0.0
0.0
0.0
0.0
0.0
0.0
0.0
0.0
0.0
0.0
0.0
0.0
0.0
0.0
0.0
0.0
0.0
0.0
0.0
0.0
0.0
0.0
0.0
0.0
0.0
0.0
0.0
0.0
0.0
0.0
0.0
0.0
0.0
0.0
0.0
0.0
0.0
0.0
0.0
0.0
0.0
0.0
0.0
0.0
0.0
0.0
0.0
0.0
0.0
0.0
0.0
0.0
0.0
0.0
0.0
0.0
0.0
0.0
0.0
0.0
0.0
0.0
0.0
0.0
0.0
0.0
0.0
0.0
0.0
0.0
0.0
0.0
0.0
0.0
0.0
0.0
0.0
0.0
0.0
0.0
0.0
0.0
0.0
0.0
0.0
0.0
0.0
0.0
0.0
0.0
0.0
0.0
0.0
0.0
0.0
0.0
0.0
0.0
0.0
0.0
0.0
0.0
0.0
0.0
0.0
0.0
0.0
0.0
0.0
0.0
0.0
0.0
0.0
0.0
0.0
0.0
0.0
0.0
0.0
0.0
0.0
0.0
0.0
0.0
0.0
0.0
0.0
0.0
0.0
0.0
0.0
0.0
0.0
0.0
0.0
0.0
0.0
0.0
0.0
0.0
0.0
0.0
0.0
0.0
0.0
0.0
0.0
0.0
0.0
0.0
0.0
0.0
0.0
0.0
0.0
0.0
0.0
0.0
0.0
0.0
0.0
0.0
0.0
0.0
0.0
0.0
0.0
0.0
0.0
0.0
0.0
0.0
0.0
0.0
0.0
0.0
0.0
0.0
0.0
0.0
0.0
0.0
0.0
0.0
0.0
0.0
0.0
0.0
0.0
0.0
0.0
0.0
0.0
0.0
0.0
0.0
0.0
0.0
0.0
0.0
0.0
0.0
0.0
0.0
0.0
0.0
0.0
0.0
0.0
0.0
0.0
0.0
0.0
0.0
0.0
0.0
0.0
0.0
0.0
0.0
0.0
0.0
0.0
0.0
0.0
0.0
0.0
0.0
0.0
0.0
0.0
0.0
0.0
0.0
0.0
0.0
0.0
0.0
0.0
0.0
0.0
0.0
0.0
0.0
