166.44
197.14
166.27
2279.78
2258.17
2265.58
2259.6
2252.55
2246.65
2248.44
2244.13
2234.56
2246.53
2240.33
2235.1
2242.34
2241.21
2238.01
2236.93
2237.97
2231.52
2228.82
2241.28
2233.06
2231.04
2230.55
2232.97
2224.58
2221.05
2237.45
2222.01
2224.27
2232.21
2219.95
2231.26
2223.58
2238.83
2227.41
2225.1
2225.46
2219.46
2226.45
2221.54
2227.07
2225.98
2217.35
2220.24
2223.87
2222.69
2222.88
2219.32
2223.77
2215.15
2214.85
2219.29
2222.17
2225.57
2224.53
2223.95
2232.56
2217.36
2219.53
2216.61
2226.15
2218.99
2214.76
2224.67
2213.67
2221.36
2221.43
2213.39
2223.01
2223.18
2216.02
2221.27
2215.31
2223.5
2216.89
2216.67
2216.56
2215.79
2226.68
2218.85
2217.62
2211.57
2205.49
2216.52
2223.46
2213.15
2218.51
2223.2
2225.34
2222.64
2207.71
2215.6
2218.89
2214.0
2227.83
2216.57
2213.51
2220.63
2223.98
2213.44
2207.51
2212.72
2215.61
2218.1
2210.68
2209.19
2215.51
2217.19
2210.81
2219.74
2223.11
2220.99
2218.08
2213.51
2202.55
2194.61
2127.34
2132.62
2113.55
2118.98
2124.46
2121.83
2121.5
2123.81
2117.79
2133.08
2122.69
2109.15
2124.19
2127.13
2124.31
2115.76
2123.32
2116.81
2124.09
2118.6
2125.84
2116.43
2115.04
2118.16
2121.08
2113.46
2115.71
2114.84
2118.62
2107.5
2119.67
2109.91
2119.26
2114.66
2116.03
2130.81
2110.19
2116.23
2120.57
2120.94
2115.89
2120.98
2116.05
2117.58
2117.89
2116.2
2112.77
2115.35
2116.04
2117.58
2121.4
2120.83
2165.94
114.35
103.18
102.83
103.04
102.82
102.8
102.83
103.08
103.09
103.06
103.2
102.93
102.82
103.12
103.03
103.08
102.98
102.77
102.83
102.76
102.91
102.9
102.84
102.8
102.53
102.78
102.76
102.52
102.7
102.81
102.77
102.49
102.8
102.66
102.63
102.79
102.9
102.72
102.72
102.45
102.94
102.61
102.54
102.54
102.48
102.66
102.32
102.76
102.87
102.75
102.92
102.17
102.92
102.79
0.0
0.0
0.0
0.0
0.0
0.0
0.0
0.0
0.0
0.0
0.0
0.0
0.0
0.0
0.0
0.0
0.0
0.0
0.0
0.0
0.0
0.0
0.0
0.0
0.0
0.0
0.0
0.0
0.0
0.0
0.0
0.0
0.0
0.0
0.0
0.0
0.0
0.0
0.0
0.0
0.0
0.0
0.0
0.0
0.0
0.0
0.0
0.0
0.0
0.0
0.0
0.0
0.0
0.0
0.0
0.0
0.0
0.0
0.0
0.0
0.0
0.0
0.0
0.0
0.0
0.0
0.0
0.0
0.0
0.0
0.0
0.0
0.0
0.0
0.0
0.0
0.0
0.0
0.0
0.0
0.0
0.0
0.0
0.0
0.0
0.0
0.0
0.0
0.0
0.0
0.0
0.0
0.0
0.0
0.0
0.0
0.0
0.0
0.0
0.0
0.0
0.0
0.0
0.0
0.0
0.0
0.0
0.0
0.0
0.0
0.0
0.0
0.0
0.0
0.0
0.0
0.0
0.0
0.0
0.0
0.0
0.0
0.0
0.0
0.0
0.0
0.0
0.0
0.0
0.0
0.0
0.0
0.0
0.0
0.0
0.0
0.0
0.0
0.0
0.0
0.0
0.0
0.0
0.0
0.0
0.0
0.0
0.0
0.0
0.0
0.0
0.0
0.0
0.0
0.0
0.0
0.0
0.0
0.0
0.0
0.0
0.0
0.0
0.0
0.0
0.0
0.0
0.0
0.0
0.0
0.0
0.0
0.0
0.0
0.0
0.0
0.0
0.0
0.0
0.0
0.0
0.0
0.0
0.0
0.0
0.0
0.0
0.0
0.0
0.0
0.0
0.0
0.0
0.0
0.0
0.0
0.0
0.0
0.0
0.0
0.0
0.0
0.0
0.0
0.0
0.0
0.0
0.0
0.0
0.0
0.0
0.0
0.0
0.0
0.0
0.0
0.0
0.0
0.0
0.0
0.0
0.0
0.0
0.0
0.0
0.0
0.0
0.0
0.0
0.0
0.0
0.0
0.0
0.0
0.0
0.0
0.0
0.0
0.0
0.0
0.0
0.0
0.0
0.0
0.0
0.0
0.0
0.0
0.0
0.0
0.0
0.0
0.0
0.0
0.0
0.0
0.0
0.0
0.0
0.0
0.0
0.0
0.0
0.0
0.0
0.0
0.0
0.0
0.0
0.0
0.0
0.0
0.0
0.0
0.0
0.0
0.0
0.0
0.0
0.0
0.0
0.0
0.0
0.0
0.0
0.0
0.0
0.0
0.0
0.0
0.0
0.0
0.0
0.0
0.0
0.0
0.0
0.0
0.0
0.0
0.0
0.0
0.0
0.0
0.0
0.0
0.0
0.0
0.0
0.0
0.0
0.0
0.0
0.0
0.0
0.0
0.0
0.0
0.0
0.0
0.0
0.0
0.0
0.0
0.0
0.0
0.0
0.0
0.0
0.0
0.0
0.0
0.0
0.0
0.0
0.0
0.0
0.0
0.0
0.0
0.0
0.0
0.0
0.0
0.0
0.0
0.0
0.0
0.0
0.0
0.0
0.0
0.0
0.0
0.0
0.0
0.0
0.0
0.0
0.0
0.0
0.0
0.0
0.0
0.0
0.0
0.0
0.0
0.0
0.0
0.0
0.0
0.0
0.0
0.0
0.0
0.0
0.0
0.0
0.0
0.0
0.0
0.0
0.0
0.0
0.0
0.0
0.0
0.0
0.0
0.0
0.0
0.0
0.0
0.0
0.0
0.0
0.0
0.0
0.0
0.0
0.0
0.0
0.0
0.0
0.0
0.0
0.0
0.0
0.0
0.0
0.0
0.0
0.0
0.0
0.0
0.0
0.0
0.0
0.0
0.0
0.0
0.0
0.0
0.0
0.0
0.0
0.0
0.0
0.0
0.0
0.0
0.0
0.0
0.0
0.0
0.0
0.0
0.0
0.0
0.0
0.0
0.0
0.0
0.0
0.0
0.0
0.0
0.0
0.0
0.0
0.0
0.0
0.0
0.0
0.0
0.0
0.0
0.0
0.0
0.0
0.0
0.0
0.0
0.0
0.0
0.0
0.0
0.0
0.0
0.0
0.0
0.0
0.0
