10321.8
10067.6
10019.4
9295.8
10007.2
9970.4
10034.4
10329.8
10589.0
10763.4
9639.2
10645.6
10156.6
10127.8
10440.2
10635.6
10270.4
9904.6
10349.8
10602.0
10607.6
9473.4
10618.6
9924.0
9810.4
10696.6
9479.4
10172.8
10978.8
10031.2
10236.4
10263.6
10142.2
10635.6
9920.8
11243.6
10587.2
10575.2
10137.2
9996.4
10139.8
10926.4
10531.6
10036.4
9954.8
10738.0
10278.0
10233.6
10901.8
10477.6
10771.0
10202.4
10243.4
10373.2
10286.4
10580.0
9906.0
10831.8
10898.2
10966.8
10680.4
10201.4
11044.0
11375.2
10718.2
10363.6
9899.8
10097.6
10432.2
11543.2
9403.2
10317.0
10285.6
9777.8
10169.2
9910.0
10097.4
11066.6
9393.6
9988.6
10140.6
11165.2
10495.4
10291.8
9767.4
9411.2
10136.2
10011.4
10595.4
10505.4
10963.0
9670.2
10125.0
9766.8
10608.8
10388.8
10393.0
10455.4
10653.0
10743.0
10384.0
9849.6
10064.6
10847.0
9986.2
10715.6
10073.0
10858.6
10560.6
10725.2
10533.4
9558.8
10053.6
9955.2
10765.2
10360.4
10014.4
10783.8
9907.4
10522.0
10434.2
10025.6
9949.2
10651.8
10633.8
10353.8
10399.0
10285.4
10982.2
10296.0
10526.2
10596.0
10068.0
10803.8
10224.2
10482.8
10017.6
10660.2
10546.0
10469.2
10827.6
10243.4
10307.4
10266.6
10708.2
11060.6
9917.4
9885.2
9952.6
10261.0
10979.2
10094.6
10092.2
10179.0
10157.0
10191.0
10333.2
10410.8
10771.2
9893.2
10442.6
10060.6
10918.6
10787.8
11263.0
10510.2
10197.0
10819.4
10642.0
10916.0
10009.0
10909.8
10477.4
10287.8
10051.2
10167.0
10295.8
9765.4
10472.4
9931.4
10193.4
11236.2
10280.4
10446.2
10365.0
10228.2
10245.4
10241.4
10531.4
10624.2
10566.0
10243.4
10110.8
10073.2
9297.4
10575.0
10514.4
10302.6
10658.6
11206.0
10321.4
10452.6
10046.2
10077.8
10394.8
10420.6
10230.0
10291.4
10412.6
11407.8
10374.8
11208.6
10275.0
10265.6
10672.2
10642.6
10137.0
10506.0
10320.8
10482.4
10249.8
10403.2
10718.0
10139.0
10035.8
10635.2
10750.2
10145.4
9938.0
9858.8
10539.6
10122.8
10257.8
10448.8
10095.4
10340.6
10305.4
9911.2
10533.6
10705.8
9585.0
10041.8
10394.2
10890.6
9454.0
9476.0
10388.6
9617.6
10236.4
9879.0
10826.0
10272.2
10742.8
10827.6
10636.0
10436.0
10705.6
9427.0
10436.4
10485.4
10692.8
10594.4
10236.2
10374.8
9648.8
10115.4
10573.8
9891.8
10652.4
10319.8
10346.6
11054.6
10196.0
10398.4
9504.4
11178.2
10106.6
11205.8
10561.2
10354.8
10717.6
10302.2
10215.4
11349.6
10636.0
10265.4
10586.6
10010.0
10460.8
10320.8
10566.0
11119.4
10216.6
10644.2
10071.0
10360.0
10005.2
10203.6
10204.2
10651.0
10176.6
10337.4
9912.2
9931.2
10772.0
10609.2
9719.4
10178.6
9873.4
9998.6
10804.2
10495.6
10119.0
10303.0
10054.4
10339.8
10544.4
10250.2
10058.2
10240.4
9713.4
10290.4
10854.2
10427.2
9668.4
9980.0
10199.0
10382.2
10246.2
10535.2
10444.6
10296.6
10915.4
10492.6
11329.0
10247.4
10667.6
10430.4
10432.8
9973.6
10151.2
10175.2
10322.2
10358.0
10624.6
11083.4
11128.6
9327.4
2.6
0.0
0.0
0.0
0.0
0.0
0.0
0.0
0.0
0.0
0.0
0.0
0.0
0.0
0.0
0.0
0.0
0.0
0.0
0.0
0.0
0.0
0.0
0.0
0.0
0.0
0.0
0.0
0.0
0.0
0.0
0.0
0.0
0.0
0.0
0.0
0.0
0.0
0.0
0.0
0.0
0.0
0.0
0.0
0.0
0.0
0.0
0.0
0.0
0.0
0.0
0.0
0.0
0.0
0.0
0.0
0.0
0.0
0.0
0.0
0.0
0.0
0.0
0.0
0.0
0.0
0.0
0.0
0.0
0.0
0.0
0.0
0.0
0.0
0.0
0.0
0.0
0.0
0.0
0.0
0.0
0.0
0.0
0.0
0.0
0.0
0.0
0.0
0.0
0.0
0.0
0.0
0.0
0.0
0.0
0.0
0.0
0.0
0.0
0.0
0.0
0.0
0.0
0.0
0.0
0.0
0.0
0.0
0.0
0.0
0.0
0.0
0.0
0.0
0.0
0.0
0.0
0.0
0.0
0.0
0.0
0.0
0.0
0.0
0.0
0.0
0.0
0.0
0.0
0.0
0.0
0.0
0.0
0.0
0.0
0.0
0.0
0.0
0.0
0.0
0.0
0.0
0.0
0.0
0.0
0.0
0.0
0.0
0.0
0.0
0.0
0.0
0.0
0.0
0.0
0.0
0.0
0.0
0.0
0.0
0.0
0.0
0.0
0.0
0.0
0.0
0.0
0.0
0.0
0.0
0.0
0.0
0.0
0.0
0.0
0.0
0.0
0.0
0.0
0.0
0.0
0.0
0.0
0.0
0.0
0.0
0.0
0.0
0.0
0.0
0.0
0.0
0.0
0.0
0.0
0.0
0.0
0.0
0.0
0.0
0.0
0.0
0.0
0.0
0.0
0.0
0.0
0.0
0.0
0.0
0.0
0.0
0.0
0.0
0.0
0.0
0.0
0.0
0.0
0.0
0.0
0.0
0.0
0.0
0.0
0.0
0.0
0.0
0.0
0.0
0.0
0.0
0.0
0.0
0.0
0.0
0.0
0.0
0.0
0.0
0.0
0.0
0.0
0.0
0.0
0.0
0.0
0.0
0.0
0.0
0.0
0.0
0.0
0.0
0.0
0.0
0.0
0.0
0.0
0.0
0.0
0.0
0.0
0.0
0.0
0.0
0.0
0.0
0.0
0.0
0.0
0.0
0.0
0.0
0.0
0.0
0.0
0.0
0.0
0.0
0.0
0.0
0.0
0.0
0.0
0.0
0.0
0.0
0.0
0.0
0.0
0.0
0.0
0.0
0.0
0.0
0.0
0.0
0.0
0.0
0.0
0.0
0.0
0.0
0.0
0.0
0.0
0.0
0.0
0.0
0.0
0.0
0.0
0.0
0.0
0.0
0.0
0.0
0.0
0.0
0.0
0.0
0.0
0.0
0.0
0.0
0.0
0.0
0.0
0.0
0.0
0.0
0.0
0.0
0.0
0.0
0.0
0.0
0.0
0.0
0.0
0.0
0.0
0.0
0.0
0.0
0.0
0.0
0.0
0.0
0.0
0.0
0.0
0.0
0.0
0.0
0.0
0.0
0.0
0.0
0.0
0.0
0.0
0.0
0.0
0.0
0.0
0.0
0.0
0.0
0.0
0.0
0.0
0.0
0.0
0.0
0.0
0.0
0.0
0.0
0.0
0.0
0.0
0.0
0.0
0.0
0.0
0.0
0.0
0.0
0.0
0.0
0.0
0.0
0.0
0.0
0.0
0.0
0.0
0.0
0.0
0.0
0.0
0.0
0.0
0.0
0.0
0.0
0.0
0.0
0.0
0.0
0.0
0.0
0.0
0.0
0.0
0.0
0.0
0.0
0.0
0.0
0.0
0.0
0.0
0.0
0.0
0.0
0.0
0.0
0.0
0.0
0.0
0.0
0.0
0.0
0.0
0.0
0.0
0.0
0.0
0.0
0.0
0.0
0.0
0.0
0.0
0.0
0.0
0.0
0.0
0.0
0.0
0.0
0.0
0.0
0.0
0.0
0.0
0.0
0.0
0.0
0.0
0.0
0.0
0.0
0.0
0.0
0.0
0.0
0.0
0.0
0.0
0.0
0.0
0.0
0.0
0.0
0.0
0.0
0.0
0.0
0.0
0.0
0.0
0.0
0.0
0.0
0.0
0.0
0.0
0.0
0.0
0.0
0.0
0.0
0.0
0.0
0.0
0.0
0.0
0.0
0.0
0.0
0.0
0.0
0.0
0.0
0.0
0.0
0.0
0.0
0.0
0.0
0.0
0.0
0.0
0.0
0.0
0.0
0.0
0.0
0.0
0.0
0.0
0.0
0.0
0.0
0.0
0.0
0.0
0.0
0.0
0.0
0.0
0.0
0.0
0.0
0.0
0.0
0.0
0.0
0.0
0.0
0.0
0.0
0.0
0.0
0.0
0.0
0.0
0.0
0.0
0.0
0.0
0.0
0.0
0.0
0.0
0.0
0.0
0.0
0.0
0.0
0.0
0.0
0.0
0.0
0.0
0.0
0.0
0.0
0.0
0.0
0.0
0.0
0.0
0.0
0.0
0.0
0.0
0.0
0.0
0.0
0.0
0.0
0.0
0.0
0.0
0.0
0.0
0.0
0.0
0.0
0.0
0.0
0.0
0.0
0.0
0.0
0.0
0.0
0.0
0.0
0.0
0.0
0.0
0.0
0.0
0.0
0.0
0.0
0.0
0.0
0.0
0.0
0.0
0.0
0.0
0.0
0.0
0.0
0.0
0.0
0.0
0.0
0.0
0.0
0.0
0.0
0.0
0.0
0.0
0.0
0.0
0.0
0.0
0.0
0.0
0.0
0.0
0.0
0.0
0.0
0.0
0.0
0.0
0.0
0.0
0.0
0.0
0.0
