4802.6
4602.8
4607.4
4280.4
4623.6
4616.8
4641.6
4793.4
4864.4
4963.4
4462.0
4906.8
4678.6
4690.2
4837.4
4857.4
4768.4
4553.0
4771.0
4899.0
4895.4
4351.6
4891.4
4580.6
4512.0
4933.0
4361.0
4724.4
5069.0
4612.4
4703.4
4720.6
4641.8
4920.2
4593.8
5174.8
4899.6
4888.2
4682.2
4608.0
4675.8
5037.0
4864.4
4631.4
4591.6
4953.8
4750.2
4682.4
5035.8
4822.0
4987.4
4709.6
4702.8
4766.0
4759.4
4887.0
4564.2
5013.4
5022.8
5036.8
4928.2
4694.0
5055.8
5256.0
4992.8
4798.2
4492.0
4696.4
4826.8
5317.2
4380.4
4736.6
4766.4
4499.8
4684.0
4634.2
4644.0
5118.0
4379.4
4599.2
4684.4
5168.0
4831.2
4744.8
4529.8
4350.8
4680.0
4554.6
4898.8
4820.6
5000.8
4478.4
4733.0
4495.8
4882.0
4739.2
4720.4
4784.2
4793.8
4862.6
4733.0
4387.8
4573.0
4788.4
4542.2
4770.4
4564.6
4810.4
4777.6
4821.8
4715.6
4367.0
4490.6
4362.0
4836.8
4654.6
4618.0
4766.0
4454.6
4639.0
4601.2
4532.0
4506.8
4696.0
4824.8
4738.4
4817.0
4738.0
4994.0
4785.2
4825.8
4893.2
4630.0
4975.2
4746.6
4838.6
4671.6
4939.0
4844.4
4822.8
4948.0
4679.0
4817.4
4751.4
4924.2
5012.6
4598.2
4628.2
4632.2
4710.2
4977.8
4648.0
4706.6
4676.8
4725.2
4779.0
4719.6
4822.2
4815.8
4604.4
4806.4
4716.6
4983.8
4851.0
5129.6
4933.4
4713.8
5014.4
4882.2
4987.8
4731.2
4941.2
4874.4
4781.4
4652.0
4762.8
4756.8
4476.6
4881.0
4600.2
4667.2
5099.6
4775.0
4787.4
4806.4
4737.0
4713.8
4719.2
4834.0
4833.6
4924.8
4689.6
4698.0
4785.2
4309.8
4844.4
4770.2
4709.8
4877.0
5045.0
4799.6
4864.4
4732.0
4664.6
4765.8
4756.8
4735.2
4749.0
4667.4
5205.8
4829.6
5055.4
4789.6
4815.6
4819.6
4903.8
4790.2
4824.4
4758.4
4801.2
4808.2
4711.8
4890.6
4715.6
4724.6
4805.0
4908.6
4784.8
4633.8
4636.4
4761.6
4657.8
4690.4
4854.8
4659.0
4704.2
4792.0
4584.0
4818.2
4911.2
4564.8
4655.6
4759.6
4925.2
4445.2
4568.4
4618.4
4513.0
4682.2
4500.6
4898.4
4658.2
4852.6
5011.2
4835.4
4832.4
4968.2
4404.8
4903.2
4788.0
4864.0
4866.0
4688.0
4794.2
4565.6
4744.4
4754.8
4574.0
4812.0
4808.2
4741.4
5004.6
4677.4
4887.4
4477.0
5009.4
4695.8
5000.8
4926.8
4832.2
4781.8
4896.8
4626.2
5233.2
4847.8
4789.2
4885.2
4690.0
4929.4
4722.8
4746.8
5075.6
4783.2
4825.0
4756.6
4761.8
4686.6
4817.6
4637.4
4783.6
4764.6
4719.2
4656.2
4578.4
4913.6
4866.0
4587.4
4694.8
4638.6
4599.8
4900.2
4745.0
4721.4
4747.8
4728.8
4726.6
4803.8
4680.8
4711.4
4791.2
4527.0
4641.2
4985.2
4700.2
4602.2
4566.6
4734.6
4800.8
4743.8
4768.0
4887.4
4730.0
4873.0
4909.4
5095.8
4832.6
4890.6
4865.8
4820.8
4619.4
4765.0
4608.8
4760.0
4780.2
4912.8
4894.2
5140.6
4782.8
1373.0
1082.2
724.0
431.4
334.0
80.0
0.0
0.0
0.0
0.0
0.0
0.0
0.0
0.0
0.0
0.0
0.0
0.0
0.0
0.0
0.0
0.0
0.0
0.0
0.0
0.0
0.0
0.0
0.0
0.0
0.0
0.0
0.0
0.0
0.0
0.0
0.0
0.0
0.0
0.0
0.0
0.0
0.0
0.0
0.0
0.0
0.0
0.0
0.0
0.0
0.0
0.0
0.0
0.0
0.0
0.0
0.0
0.0
0.0
0.0
0.0
0.0
0.0
0.0
0.0
0.0
0.0
0.0
0.0
0.0
0.0
0.0
0.0
0.0
0.0
0.0
0.0
0.0
0.0
0.0
0.0
0.0
0.0
0.0
0.0
0.0
0.0
0.0
0.0
0.0
0.0
0.0
0.0
0.0
0.0
0.0
0.0
0.0
0.0
0.0
0.0
0.0
0.0
0.0
0.0
0.0
0.0
0.0
0.0
0.0
0.0
0.0
0.0
0.0
0.0
0.0
0.0
0.0
0.0
0.0
0.0
0.0
0.0
0.0
0.0
0.0
0.0
0.0
0.0
0.0
0.0
0.0
0.0
0.0
0.0
0.0
0.0
0.0
0.0
0.0
0.0
0.0
0.0
0.0
0.0
0.0
0.0
0.0
0.0
0.0
0.0
0.0
0.0
0.0
0.0
0.0
0.0
0.0
0.0
0.0
0.0
0.0
0.0
0.0
0.0
0.0
0.0
0.0
0.0
0.0
0.0
0.0
0.0
0.0
0.0
0.0
0.0
0.0
0.0
0.0
0.0
0.0
0.0
0.0
0.0
0.0
0.0
0.0
0.0
0.0
0.0
0.0
0.0
0.0
0.0
0.0
0.0
0.0
0.0
0.0
0.0
0.0
0.0
0.0
0.0
0.0
0.0
0.0
0.0
0.0
0.0
0.0
0.0
0.0
0.0
0.0
0.0
0.0
0.0
0.0
0.0
0.0
0.0
0.0
0.0
0.0
0.0
0.0
0.0
0.0
0.0
0.0
0.0
0.0
0.0
0.0
0.0
0.0
0.0
0.0
0.0
0.0
0.0
0.0
0.0
0.0
0.0
0.0
0.0
0.0
0.0
0.0
0.0
0.0
0.0
0.0
0.0
0.0
0.0
0.0
0.0
0.0
0.0
0.0
0.0
0.0
0.0
0.0
0.0
0.0
0.0
0.0
0.0
0.0
0.0
0.0
0.0
0.0
0.0
0.0
0.0
0.0
0.0
0.0
0.0
0.0
0.0
0.0
0.0
0.0
0.0
0.0
0.0
0.0
0.0
0.0
0.0
0.0
0.0
0.0
0.0
0.0
0.0
0.0
0.0
0.0
0.0
0.0
0.0
0.0
0.0
0.0
0.0
0.0
0.0
0.0
0.0
0.0
0.0
0.0
0.0
0.0
0.0
0.0
0.0
0.0
0.0
0.0
0.0
0.0
0.0
0.0
0.0
0.0
0.0
0.0
0.0
0.0
0.0
0.0
0.0
0.0
0.0
0.0
0.0
0.0
0.0
0.0
0.0
0.0
0.0
0.0
0.0
0.0
0.0
0.0
0.0
0.0
0.0
0.0
0.0
0.0
0.0
0.0
0.0
0.0
0.0
0.0
0.0
0.0
0.0
0.0
0.0
0.0
0.0
0.0
0.0
0.0
0.0
0.0
0.0
0.0
0.0
0.0
0.0
0.0
0.0
0.0
0.0
0.0
0.0
0.0
0.0
0.0
0.0
0.0
0.0
0.0
0.0
0.0
0.0
0.0
0.0
0.0
0.0
0.0
0.0
0.0
0.0
0.0
0.0
0.0
0.0
0.0
0.0
0.0
0.0
0.0
0.0
0.0
0.0
0.0
0.0
0.0
0.0
0.0
0.0
0.0
0.0
0.0
0.0
0.0
0.0
0.0
0.0
0.0
0.0
0.0
0.0
0.0
0.0
0.0
0.0
0.0
0.0
0.0
0.0
0.0
0.0
0.0
0.0
0.0
0.0
0.0
0.0
0.0
0.0
0.0
0.0
0.0
0.0
0.0
0.0
0.0
0.0
0.0
0.0
0.0
0.0
0.0
0.0
0.0
0.0
0.0
0.0
0.0
0.0
0.0
0.0
0.0
0.0
0.0
0.0
0.0
0.0
0.0
0.0
0.0
0.0
0.0
0.0
0.0
0.0
0.0
0.0
0.0
0.0
0.0
0.0
0.0
0.0
0.0
0.0
0.0
0.0
0.0
0.0
0.0
0.0
0.0
0.0
0.0
0.0
0.0
0.0
0.0
0.0
0.0
0.0
0.0
0.0
0.0
0.0
0.0
0.0
0.0
0.0
0.0
0.0
0.0
0.0
0.0
0.0
0.0
0.0
0.0
0.0
0.0
0.0
0.0
0.0
0.0
0.0
0.0
0.0
0.0
0.0
0.0
0.0
0.0
0.0
0.0
0.0
0.0
0.0
0.0
0.0
0.0
0.0
0.0
0.0
0.0
0.0
0.0
0.0
0.0
0.0
0.0
0.0
0.0
0.0
0.0
0.0
0.0
0.0
0.0
0.0
0.0
0.0
0.0
0.0
0.0
0.0
0.0
0.0
0.0
0.0
0.0
0.0
0.0
0.0
0.0
0.0
0.0
0.0
0.0
0.0
0.0
0.0
0.0
0.0
0.0
0.0
0.0
0.0
0.0
0.0
0.0
0.0
0.0
0.0
0.0
0.0
0.0
0.0
0.0
0.0
0.0
0.0
0.0
0.0
0.0
0.0
0.0
0.0
0.0
0.0
0.0
0.0
0.0
0.0
0.0
0.0
0.0
0.0
0.0
0.0
0.0
0.0
0.0
0.0
0.0
0.0
0.0
0.0
0.0
0.0
0.0
0.0
0.0
0.0
0.0
