18076.6
17450.0
17455.8
16154.6
17557.2
17425.4
17507.8
18156.8
18311.2
18764.2
16836.8
18551.4
17694.6
17763.4
18244.2
18428.2
18003.8
17321.8
18026.6
18436.0
18493.4
16467.6
18592.0
17259.0
17096.8
18614.4
16632.2
17747.0
19045.0
17564.6
17784.2
17734.2
17761.8
18483.6
17186.4
19700.8
18542.2
18409.0
17754.0
17391.2
17673.0
19043.6
18402.0
17582.0
17398.0
18677.2
17819.0
17672.2
19144.0
18216.8
18763.2
17881.4
17778.4
18056.0
17959.8
18407.8
17243.0
19177.0
19020.4
19077.8
18613.0
17796.2
19211.2
19792.0
18624.6
18105.6
17263.4
17636.0
18225.4
20236.0
15614.6
18800.0
17871.2
17094.8
17759.2
17272.4
17622.2
19485.4
16467.4
17391.4
17770.4
19448.2
18451.4
17784.4
17129.6
16333.2
17607.8
17693.0
18283.0
18336.2
19065.6
16818.8
17519.0
17138.8
18497.6
18157.8
17699.8
18455.8
18841.2
18797.6
18065.2
17164.2
17740.8
18906.2
17454.6
18624.0
17638.0
18922.4
18475.2
18618.4
18440.2
16332.0
17774.8
16828.6
19343.4
18030.8
17512.8
18678.0
17441.0
18434.8
18064.6
17411.2
17394.8
18365.6
18740.2
17820.4
18073.0
18025.0
19205.6
18138.2
17995.4
18506.0
17684.2
18734.6
17952.8
18346.6
17669.0
18665.4
18297.0
18117.0
18598.0
16618.8
18693.2
17620.0
16787.6
17517.0
15395.6
14827.6
14664.8
15260.6
15876.6
14617.4
14198.4
14407.2
14868.0
15052.6
14702.0
14849.2
15388.0
14433.2
15721.6
15105.0
15896.4
15321.6
16541.6
14476.2
16178.4
14767.2
14583.8
44001.0
27788.8
16637.8
14429.2
16120.8
14058.4
14003.0
14335.2
13485.2
14697.0
28642.2
21578.2
15509.4
14176.8
22680.0
14497.2
14450.6
14418.2
15519.2
14594.8
14592.8
14548.8
15228.8
14258.8
17638.6
12982.0
14724.4
14335.8
14260.2
14549.4
15530.0
15468.6
14269.8
13828.8
20662.4
14566.8
14295.4
13819.4
14219.4
14584.0
22049.4
14252.0
15181.2
14088.8
14579.6
22449.8
14643.6
14156.4
14628.0
33460.0
14441.6
13805.8
14702.4
14719.4
14039.4
13712.4
15082.4
12698.8
13559.4
12427.4
12010.8
8248.4
14415.0
8011.2
20766.2
43798.0
8843.2
39163.2
8585.0
8186.8
8734.4
7318.8
7845.4
8962.6
8405.2
7626.4
8215.2
9270.2
7553.2
8635.8
8175.8
12433.0
8440.4
12456.8
34521.0
7538.0
33256.0
9701.2
7166.4
7795.0
7833.6
8156.6
7148.4
34979.8
6882.8
6657.0
9246.8
20405.6
6591.0
7089.8
6798.0
6858.6
13876.0
7023.0
9693.4
6438.0
7226.6
13587.8
11552.6
6855.8
75079.4
9243.8
10516.6
35910.2
14271.0
29632.2
8974.4
2441.0
2675.6
8767.8
45135.2
3531.4
3180.0
25238.0
1765.6
9770.4
2186.0
2063.0
40313.4
1839.4
2348.8
2465.6
1990.0
2891.2
3784.8
2144.0
2376.4
2038.4
3665.0
3076.0
2380.6
3102.4
2424.8
2155.4
2409.2
2593.8
2083.4
1528.8
1728.0
1732.0
1665.6
1469.6
1573.6
38584.6
11417.2
1355.6
1386.8
1579.2
1668.6
1540.4
1850.8
37810.4
1590.6
1837.0
20996.0
1895.6
1830.8
2004.2
2255.0
1916.8
2358.0
2131.2
2557.2
2228.0
2150.6
2368.2
2336.0
2385.2
2126.2
2287.4
2352.2
2446.4
2539.0
2241.2
2341.8
2389.2
2117.4
2245.0
2236.0
2173.2
2166.2
1956.8
1774.6
1966.8
1976.0
1613.4
1822.4
1954.0
1757.2
1910.0
1946.4
2097.0
1769.4
2308.4
1488.8
1926.6
1729.0
1805.8
1752.2
2056.0
1663.4
1682.4
1747.0
2030.0
1931.4
1772.8
1422.4
1792.6
1920.2
1977.0
1833.2
1547.4
1556.8
1545.4
1665.6
1592.2
1636.4
1337.2
1559.0
1405.8
1285.2
1606.8
1358.6
1681.4
1377.8
1265.8
1347.6
1186.0
1161.2
1068.0
1173.0
958.6
1130.4
1188.2
1063.8
1328.2
1323.0
1251.4
1258.2
1368.0
1030.4
902.4
1231.8
1123.6
1287.0
1092.2
980.8
1110.8
656.6
696.6
947.4
1222.6
783.4
795.8
664.6
973.2
760.4
596.0
864.6
735.4
722.4
684.2
593.2
850.8
763.8
622.6
619.0
514.4
444.4
496.0
385.8
491.8
456.2
294.4
439.0
342.2
306.4
334.4
236.8
440.6
345.8
430.4
302.6
416.6
534.6
373.2
468.2
511.2
265.2
455.4
522.6
479.2
486.6
398.8
397.6
365.6
389.4
348.0
342.0
330.4
147.0
172.6
110.8
199.8
66.8
28.8
98.8
82.0
57.6
38.6
0.0
0.0
0.0
0.0
0.0
0.0
0.0
0.0
0.0
0.0
0.0
0.0
0.0
0.0
0.0
0.0
0.0
0.0
0.0
0.0
0.0
0.0
0.0
0.0
0.0
0.0
0.0
0.0
0.0
0.0
0.0
0.0
0.0
0.0
0.0
0.0
0.0
0.0
0.0
0.0
0.0
0.0
0.0
0.0
0.0
0.0
0.0
0.0
0.0
0.0
0.0
0.0
0.0
0.0
0.0
0.0
0.0
0.0
0.0
0.0
0.0
0.0
0.0
0.0
0.0
0.0
0.0
0.0
0.0
0.0
0.0
0.0
0.0
0.0
0.0
0.0
0.0
0.0
0.0
0.0
0.0
0.0
0.0
0.0
0.0
0.0
0.0
0.0
0.0
0.0
0.0
0.0
0.0
0.0
0.0
0.0
0.0
0.0
0.0
0.0
0.0
0.0
0.0
0.0
0.0
0.0
0.0
0.0
0.0
0.0
0.0
0.0
0.0
0.0
0.0
0.0
0.0
0.0
0.0
0.0
0.0
0.0
0.0
0.0
0.0
0.0
0.0
0.0
0.0
0.0
0.0
0.0
0.0
0.0
0.0
0.0
0.0
0.0
0.0
0.0
0.0
0.0
0.0
0.0
0.0
0.0
0.0
0.0
0.0
0.0
0.0
0.0
0.0
0.0
0.0
0.0
0.0
0.0
0.0
0.0
0.0
0.0
0.0
0.0
0.0
0.0
0.0
0.0
0.0
0.0
0.0
0.0
0.0
0.0
0.0
0.0
0.0
0.0
0.0
0.0
0.0
0.0
0.0
0.0
0.0
0.0
0.0
0.0
0.0
0.0
0.0
0.0
0.0
0.0
0.0
0.0
0.0
0.0
0.0
0.0
0.0
0.0
0.0
0.0
0.0
0.0
0.0
0.0
0.0
0.0
0.0
0.0
0.0
0.0
0.0
0.0
0.0
0.0
0.0
0.0
0.0
0.0
0.0
0.0
0.0
0.0
0.0
0.0
0.0
0.0
0.0
0.0
0.0
0.0
0.0
0.0
0.0
0.0
0.0
0.0
0.0
0.0
0.0
0.0
0.0
0.0
0.0
0.0
0.0
0.0
0.0
0.0
0.0
0.0
0.0
0.0
0.0
0.0
0.0
0.0
0.0
0.0
0.0
0.0
0.0
0.0
0.0
0.0
0.0
0.0
0.0
0.0
0.0
0.0
0.0
0.0
0.0
0.0
0.0
0.0
0.0
0.0
0.0
0.0
0.0
0.0
0.0
0.0
0.0
0.0
0.0
0.0
0.0
0.0
0.0
0.0
0.0
0.0
0.0
0.0
0.0
0.0
0.0
0.0
0.0
0.0
0.0
0.0
0.0
0.0
0.0
0.0
0.0
0.0
0.0
0.0
0.0
0.0
0.0
0.0
0.0
0.0
0.0
0.0
0.0
0.0
0.0
0.0
0.0
0.0
0.0
0.0
0.0
0.0
0.0
0.0
0.0
0.0
0.0
0.0
0.0
0.0
0.0
0.0
0.0
0.0
0.0
0.0
0.0
0.0
0.0
0.0
0.0
0.0
0.0
0.0
0.0
0.0
0.0
0.0
0.0
0.0
0.0
0.0
0.0
0.0
0.0
0.0
0.0
0.0
0.0
0.0
0.0
0.0
0.0
0.0
0.0
0.0
0.0
0.0
0.0
0.0
0.0
0.0
0.0
0.0
0.0
0.0
0.0
0.0
0.0
0.0
0.0
0.0
0.0
0.0
0.0
0.0
0.0
0.0
0.0
0.0
0.0
0.0
0.0
0.0
0.0
0.0
0.0
0.0
0.0
0.0
0.0
0.0
0.0
0.0
0.0
0.0
0.0
0.0
0.0
0.0
0.0
0.0
0.0
0.0
0.0
0.0
0.0
0.0
0.0
0.0
0.0
0.0
0.0
0.0
0.0
0.0
0.0
0.0
0.0
0.0
0.0
0.0
0.0
0.0
0.0
0.0
0.0
0.0
0.0
0.0
0.0
0.0
0.0
0.0
0.0
0.0
0.0
0.0
0.0
0.0
0.0
0.0
0.0
0.0
0.0
0.0
0.0
0.0
0.0
0.0
0.0
0.0
0.0
0.0
0.0
0.0
0.0
0.0
0.0
0.0
0.0
0.0
0.0
0.0
0.0
0.0
0.0
0.0
0.0
0.0
0.0
0.0
0.0
0.0
0.0
0.0
0.0
0.0
0.0
0.0
0.0
0.0
0.0
0.0
0.0
0.0
0.0
0.0
0.0
