9867.6
9460.2
9523.8
8826.4
9495.6
9427.0
9515.2
9839.2
9991.6
10170.2
9200.8
10104.8
9560.8
9573.6
9923.0
9984.8
9763.0
9437.8
9817.8
10067.2
9986.8
8975.6
10125.0
9402.2
9276.6
10099.8
9055.4
9718.8
10372.2
9545.6
9660.0
9652.8
9678.4
10029.6
9332.0
10678.2
10072.0
10022.6
9636.2
9476.2
9676.6
10313.6
10032.4
9671.0
9463.0
10141.8
9773.6
9490.0
10483.4
9868.8
10174.8
9694.8
9653.8
9859.0
9775.4
9923.2
9552.2
10363.4
10363.0
10316.6
10111.8
9616.0
10427.6
10702.0
10034.2
9866.8
9431.8
9621.4
9944.2
11028.8
8939.2
9846.2
9734.8
9296.0
9667.0
9431.8
9735.8
10373.2
8948.8
9447.2
9638.8
10689.8
10001.2
9786.4
9194.2
8876.8
9599.4
9656.0
9922.6
9942.0
10408.8
9145.8
9510.2
9271.6
10043.8
9891.8
9829.2
9882.4
10205.8
10304.0
9782.0
9304.6
9656.2
10243.0
9505.6
10088.0
9624.6
10223.0
10021.8
10079.4
10048.2
8858.0
9665.6
9395.6
10292.8
9795.0
9584.0
10114.6
9524.2
9953.0
9733.0
9487.4
9449.6
10148.4
10017.6
9709.2
9884.2
9786.4
10478.8
9908.2
9800.4
9961.6
9681.6
10160.8
9857.4
9927.4
9579.0
10245.6
9926.4
9877.8
10150.2
9969.6
9711.4
9464.2
10154.0
10578.4
9150.4
9484.6
9444.4
9842.0
10361.0
9558.0
9553.4
9654.6
9525.2
9928.8
9870.8
9740.4
10133.8
9570.2
9783.6
9632.4
10345.0
10307.2
10614.2
9881.4
9774.6
10229.2
9977.2
10317.8
9508.0
10386.4
9908.6
9552.0
9625.6
9520.2
9827.4
9184.0
10052.0
9341.6
9792.2
10599.2
9688.6
9933.6
9796.6
9694.6
9733.2
9818.6
9886.2
9979.4
10001.2
9790.0
9686.0
9417.2
8945.6
9997.8
9845.4
9873.8
10191.2
10483.4
9764.8
9830.2
9541.4
9523.0
10017.0
9757.0
9562.8
9733.0
10056.4
10671.8
9797.2
10546.4
9687.4
9841.0
10151.8
9989.4
9583.6
10138.6
9678.2
9894.6
9473.0
10078.4
10096.6
9630.2
9407.6
10269.2
10119.0
9495.4
9428.6
9249.2
9930.8
9606.2
9760.8
9768.4
9726.6
9640.4
9892.6
9483.8
9888.2
10174.6
9081.4
9408.0
10074.6
10287.8
8939.6
8796.6
9985.6
9277.8
9476.6
9448.2
10231.0
9843.0
10129.6
10284.2
9878.2
9937.6
10108.4
9197.0
9726.2
9918.4
10051.0
10059.4
9761.4
9711.6
9158.2
9456.0
10200.8
9345.8
10053.6
9659.0
9972.4
10333.0
9877.8
9631.0
9183.8
10425.8
9601.4
10694.4
9864.8
9681.2
10359.0
9627.0
9801.4
10564.2
10231.4
9735.8
9877.4
9592.6
9744.8
9867.4
10026.6
10476.6
9700.4
10075.8
9507.0
9764.4
9610.8
9631.2
9757.2
10223.0
9532.0
9793.0
9470.4
9376.2
10259.8
9907.6
9324.4
9668.4
9267.6
9662.6
10177.2
9814.0
9834.4
9696.0
9384.4
9896.0
10099.6
9628.0
9455.6
9874.8
9033.6
9924.4
10174.4
9820.6
9272.4
9399.0
9655.8
9821.4
9897.2
9975.8
10006.8
9587.4
10411.0
10087.4
10603.0
9728.6
9975.4
10095.0
9708.0
9624.6
9373.0
9720.0
9635.2
10172.2
9861.6
10732.4
10214.8
7357.6
0.0
0.0
0.0
0.0
0.0
0.0
0.0
0.0
0.0
0.0
0.0
0.0
0.0
0.0
0.0
0.0
0.0
0.0
0.0
0.0
0.0
0.0
0.0
0.0
0.0
0.0
0.0
0.0
0.0
0.0
0.0
0.0
0.0
0.0
0.0
0.0
0.0
0.0
0.0
0.0
0.0
0.0
0.0
0.0
0.0
0.0
0.0
0.0
0.0
0.0
0.0
0.0
0.0
0.0
0.0
0.0
0.0
0.0
0.0
0.0
0.0
0.0
0.0
0.0
0.0
0.0
0.0
0.0
0.0
0.0
0.0
0.0
0.0
0.0
0.0
0.0
0.0
0.0
0.0
0.0
0.0
0.0
0.0
0.0
0.0
0.0
0.0
0.0
0.0
0.0
0.0
0.0
0.0
0.0
0.0
0.0
0.0
0.0
0.0
0.0
0.0
0.0
0.0
0.0
0.0
0.0
0.0
0.0
0.0
0.0
0.0
0.0
0.0
0.0
0.0
0.0
0.0
0.0
0.0
0.0
0.0
0.0
0.0
0.0
0.0
0.0
0.0
0.0
0.0
0.0
0.0
0.0
0.0
0.0
0.0
0.0
0.0
0.0
0.0
0.0
0.0
0.0
0.0
0.0
0.0
0.0
0.0
0.0
0.0
0.0
0.0
0.0
0.0
0.0
0.0
0.0
0.0
0.0
0.0
0.0
0.0
0.0
0.0
0.0
0.0
0.0
0.0
0.0
0.0
0.0
0.0
0.0
0.0
0.0
0.0
0.0
0.0
0.0
0.0
0.0
0.0
0.0
0.0
0.0
0.0
0.0
0.0
0.0
0.0
0.0
0.0
0.0
0.0
0.0
0.0
0.0
0.0
0.0
0.0
0.0
0.0
0.0
0.0
0.0
0.0
0.0
0.0
0.0
0.0
0.0
0.0
0.0
0.0
0.0
0.0
0.0
0.0
0.0
0.0
0.0
0.0
0.0
0.0
0.0
0.0
0.0
0.0
0.0
0.0
0.0
0.0
0.0
0.0
0.0
0.0
0.0
0.0
0.0
0.0
0.0
0.0
0.0
0.0
0.0
0.0
0.0
0.0
0.0
0.0
0.0
0.0
0.0
0.0
0.0
0.0
0.0
0.0
0.0
0.0
0.0
0.0
0.0
0.0
0.0
0.0
0.0
0.0
0.0
0.0
0.0
0.0
0.0
0.0
0.0
0.0
0.0
0.0
0.0
0.0
0.0
0.0
0.0
0.0
0.0
0.0
0.0
0.0
0.0
0.0
0.0
0.0
0.0
0.0
0.0
0.0
0.0
0.0
0.0
0.0
0.0
0.0
0.0
0.0
0.0
0.0
0.0
0.0
0.0
0.0
0.0
0.0
0.0
0.0
0.0
0.0
0.0
0.0
0.0
0.0
0.0
0.0
0.0
0.0
0.0
0.0
0.0
0.0
0.0
0.0
0.0
0.0
0.0
0.0
0.0
0.0
0.0
0.0
0.0
0.0
0.0
0.0
0.0
0.0
0.0
0.0
0.0
0.0
0.0
0.0
0.0
0.0
0.0
0.0
0.0
0.0
0.0
0.0
0.0
0.0
0.0
0.0
0.0
0.0
0.0
0.0
0.0
0.0
0.0
0.0
0.0
0.0
0.0
0.0
0.0
0.0
0.0
0.0
0.0
0.0
0.0
0.0
0.0
0.0
0.0
0.0
0.0
0.0
0.0
0.0
0.0
0.0
0.0
0.0
0.0
0.0
0.0
0.0
0.0
0.0
0.0
0.0
0.0
0.0
0.0
0.0
0.0
0.0
0.0
0.0
0.0
0.0
0.0
0.0
0.0
0.0
0.0
0.0
0.0
0.0
0.0
0.0
0.0
0.0
0.0
0.0
0.0
0.0
0.0
0.0
0.0
0.0
0.0
0.0
0.0
0.0
0.0
0.0
0.0
0.0
0.0
0.0
0.0
0.0
0.0
0.0
0.0
0.0
0.0
0.0
0.0
0.0
0.0
0.0
0.0
0.0
0.0
0.0
0.0
0.0
0.0
0.0
0.0
0.0
0.0
0.0
0.0
0.0
0.0
0.0
0.0
0.0
0.0
0.0
0.0
0.0
0.0
0.0
0.0
0.0
0.0
0.0
0.0
0.0
0.0
0.0
0.0
0.0
0.0
0.0
0.0
0.0
0.0
0.0
0.0
0.0
0.0
0.0
0.0
0.0
0.0
0.0
0.0
0.0
0.0
0.0
0.0
0.0
0.0
0.0
0.0
0.0
0.0
0.0
0.0
0.0
0.0
0.0
0.0
0.0
0.0
0.0
0.0
0.0
0.0
0.0
0.0
0.0
0.0
0.0
0.0
0.0
0.0
0.0
0.0
0.0
0.0
0.0
0.0
0.0
0.0
0.0
0.0
0.0
0.0
0.0
0.0
0.0
0.0
0.0
0.0
0.0
0.0
0.0
0.0
0.0
0.0
0.0
0.0
0.0
0.0
0.0
0.0
0.0
0.0
0.0
0.0
0.0
0.0
0.0
0.0
0.0
0.0
0.0
0.0
0.0
0.0
0.0
0.0
0.0
0.0
0.0
0.0
0.0
0.0
0.0
0.0
0.0
0.0
0.0
0.0
0.0
0.0
0.0
0.0
0.0
0.0
0.0
0.0
0.0
0.0
0.0
0.0
0.0
0.0
0.0
0.0
0.0
0.0
0.0
0.0
0.0
0.0
0.0
0.0
0.0
0.0
0.0
0.0
0.0
0.0
0.0
0.0
0.0
0.0
0.0
0.0
0.0
0.0
0.0
0.0
0.0
0.0
0.0
0.0
0.0
0.0
0.0
0.0
0.0
0.0
0.0
0.0
0.0
0.0
0.0
0.0
0.0
0.0
0.0
0.0
0.0
0.0
