10747.6
10601.6
10557.8
9765.6
10606.8
10582.4
10442.6
10911.8
11003.2
11324.2
10155.0
11088.0
10749.4
10545.8
10906.8
11232.8
10852.0
10500.4
10967.8
11148.4
11107.6
9955.6
11180.4
10456.0
10305.6
11311.6
9960.8
10735.8
11488.2
10532.4
10891.2
10803.8
10654.2
11282.4
10431.0
11907.4
11205.4
11146.4
10660.8
10487.2
10698.0
11493.4
11129.0
10607.2
10514.0
11320.0
10863.4
10727.2
11466.2
10984.0
11303.6
10803.6
10823.0
10869.0
10852.0
11178.8
10487.4
11419.2
11449.0
11534.0
11242.4
10790.0
11613.0
11982.6
11252.4
10910.6
10454.6
10690.4
11013.4
12114.2
9955.8
10876.8
10863.8
10304.2
10740.8
10475.4
10595.8
11635.8
9962.0
10546.2
10661.0
11763.0
11056.4
10809.0
10378.2
9870.0
10711.0
10447.2
11304.4
11002.2
11551.6
10132.8
10719.0
10252.6
11264.4
10828.4
10891.0
11056.8
11165.8
11247.8
10907.2
10339.4
10642.0
11388.0
10470.6
11269.6
10558.2
11483.2
11092.0
11338.8
11106.4
10070.6
10580.2
10462.0
11374.2
10976.6
10529.8
11461.6
10413.4
11179.2
10922.8
10550.6
10426.2
11217.8
11189.4
10876.8
10985.6
10771.0
11641.4
10907.2
11096.6
11169.4
10614.0
11391.0
10804.2
10997.0
10594.0
11275.2
11088.4
11030.6
11359.8
10794.6
10916.6
10846.6
11295.2
11593.0
10491.2
10419.6
10452.8
10852.0
11517.2
10703.0
10616.4
10760.8
10749.4
10817.2
10850.6
10943.2
11425.8
10378.8
10991.0
10526.2
11402.8
11352.2
11894.6
11114.0
10754.8
11420.0
11248.2
11460.2
10471.4
11531.4
10985.4
10903.4
10514.0
10711.4
10837.8
10298.8
11096.0
10478.4
10747.6
11757.0
10825.2
10943.6
10909.6
10825.8
10801.0
10769.2
11023.4
11178.4
11081.8
10558.2
10874.0
10595.4
9830.0
11107.0
11065.0
10820.2
11262.6
11789.6
10942.2
11034.8
10641.0
10596.6
10843.6
10980.0
10817.0
10791.0
10797.0
12088.0
10897.0
11870.4
10844.6
10763.4
11218.6
11191.0
10414.0
10810.0
10693.4
10764.6
10368.6
10567.0
11031.4
10430.2
10391.8
10756.0
10973.8
10603.8
10381.4
10155.8
10710.0
10307.2
10521.6
10714.4
10434.8
10531.4
10733.0
10242.2
10817.4
10873.0
10054.6
10529.2
10732.2
11091.2
9862.0
9954.0
10550.8
10063.8
10426.8
10182.0
11067.4
10421.4
11193.4
11160.8
11195.6
10869.6
11280.4
10144.8
11038.4
11030.6
11055.2
11120.0
10853.4
10955.6
10312.4
10678.6
11043.4
10433.8
11065.8
10926.6
10808.4
11371.2
10808.0
10891.4
10194.8
11600.2
10700.6
11466.4
11181.4
10926.0
11095.8
10926.0
10716.2
11844.2
11162.2
10844.6
11215.4
10666.2
10963.2
10929.2
11111.8
11617.8
10744.4
11095.8
10823.6
10915.6
10596.4
10908.4
10801.8
11091.8
10802.6
10869.4
10545.0
10460.0
11306.8
11086.0
10378.6
10751.0
10472.8
10520.6
11221.2
10930.4
10652.4
10854.4
10702.0
10810.6
11011.2
10783.0
10692.4
10762.2
10331.0
10743.2
11283.4
10844.8
10249.4
10612.4
10786.2
10847.0
10665.4
11010.2
10957.6
10869.4
11251.0
11050.0
11671.4
10898.8
11198.4
11063.2
11000.6
10624.2
10832.6
10823.4
10805.2
10814.0
11195.8
11318.8
11742.2
10360.4
2269.0
2288.6
1923.6
969.0
872.4
810.0
364.8
0.0
0.0
0.0
0.0
0.0
0.0
0.0
0.0
0.0
0.0
0.0
0.0
0.0
0.0
0.0
0.0
0.0
0.0
0.0
0.0
0.0
0.0
0.0
0.0
0.0
0.0
0.0
0.0
0.0
0.0
0.0
0.0
0.0
0.0
0.0
0.0
0.0
0.0
0.0
0.0
0.0
0.0
0.0
0.0
0.0
0.0
0.0
0.0
0.0
0.0
0.0
0.0
0.0
0.0
0.0
0.0
0.0
0.0
0.0
0.0
0.0
0.0
0.0
0.0
0.0
0.0
0.0
0.0
0.0
0.0
0.0
0.0
0.0
0.0
0.0
0.0
0.0
0.0
0.0
0.0
0.0
0.0
0.0
0.0
0.0
0.0
0.0
0.0
0.0
0.0
0.0
0.0
0.0
0.0
0.0
0.0
0.0
0.0
0.0
0.0
0.0
0.0
0.0
0.0
0.0
0.0
0.0
0.0
0.0
0.0
0.0
0.0
0.0
0.0
0.0
0.0
0.0
0.0
0.0
0.0
0.0
0.0
0.0
0.0
0.0
0.0
0.0
0.0
0.0
0.0
0.0
0.0
0.0
0.0
0.0
0.0
0.0
0.0
0.0
0.0
0.0
0.0
0.0
0.0
0.0
0.0
0.0
0.0
0.0
0.0
0.0
0.0
0.0
0.0
0.0
0.0
0.0
0.0
0.0
0.0
0.0
0.0
0.0
0.0
0.0
0.0
0.0
0.0
0.0
0.0
0.0
0.0
0.0
0.0
0.0
0.0
0.0
0.0
0.0
0.0
0.0
0.0
0.0
0.0
0.0
0.0
0.0
0.0
0.0
0.0
0.0
0.0
0.0
0.0
0.0
0.0
0.0
0.0
0.0
0.0
0.0
0.0
0.0
0.0
0.0
0.0
0.0
0.0
0.0
0.0
0.0
0.0
0.0
0.0
0.0
0.0
0.0
0.0
0.0
0.0
0.0
0.0
0.0
0.0
0.0
0.0
0.0
0.0
0.0
0.0
0.0
0.0
0.0
0.0
0.0
0.0
0.0
0.0
0.0
0.0
0.0
0.0
0.0
0.0
0.0
0.0
0.0
0.0
0.0
0.0
0.0
0.0
0.0
0.0
0.0
0.0
0.0
0.0
0.0
0.0
0.0
0.0
0.0
0.0
0.0
0.0
0.0
0.0
0.0
0.0
0.0
0.0
0.0
0.0
0.0
0.0
0.0
0.0
0.0
0.0
0.0
0.0
0.0
0.0
0.0
0.0
0.0
0.0
0.0
0.0
0.0
0.0
0.0
0.0
0.0
0.0
0.0
0.0
0.0
0.0
0.0
0.0
0.0
0.0
0.0
0.0
0.0
0.0
0.0
0.0
0.0
0.0
0.0
0.0
0.0
0.0
0.0
0.0
0.0
0.0
0.0
0.0
0.0
0.0
0.0
0.0
0.0
0.0
0.0
0.0
0.0
0.0
0.0
0.0
0.0
0.0
0.0
0.0
0.0
0.0
0.0
0.0
0.0
0.0
0.0
0.0
0.0
0.0
0.0
0.0
0.0
0.0
0.0
0.0
0.0
0.0
0.0
0.0
0.0
0.0
0.0
0.0
0.0
0.0
0.0
0.0
0.0
0.0
0.0
0.0
0.0
0.0
0.0
0.0
0.0
0.0
0.0
0.0
0.0
0.0
0.0
0.0
0.0
0.0
0.0
0.0
0.0
0.0
0.0
0.0
0.0
0.0
0.0
0.0
0.0
0.0
0.0
0.0
0.0
0.0
0.0
0.0
0.0
0.0
0.0
0.0
0.0
0.0
0.0
0.0
0.0
0.0
0.0
0.0
0.0
0.0
0.0
0.0
0.0
0.0
0.0
0.0
0.0
0.0
0.0
0.0
0.0
0.0
0.0
0.0
0.0
0.0
0.0
0.0
0.0
0.0
0.0
0.0
0.0
0.0
0.0
0.0
0.0
0.0
0.0
0.0
0.0
0.0
0.0
0.0
0.0
0.0
0.0
0.0
0.0
0.0
0.0
0.0
0.0
0.0
0.0
0.0
0.0
0.0
0.0
0.0
0.0
0.0
0.0
0.0
0.0
0.0
0.0
0.0
0.0
0.0
0.0
0.0
0.0
0.0
0.0
0.0
0.0
0.0
0.0
0.0
0.0
0.0
0.0
0.0
0.0
0.0
0.0
0.0
0.0
0.0
0.0
0.0
0.0
0.0
0.0
0.0
0.0
0.0
0.0
0.0
0.0
0.0
0.0
0.0
0.0
0.0
0.0
0.0
0.0
0.0
0.0
0.0
0.0
0.0
0.0
0.0
0.0
0.0
0.0
0.0
0.0
0.0
0.0
0.0
0.0
0.0
0.0
0.0
0.0
0.0
0.0
0.0
0.0
0.0
0.0
0.0
0.0
0.0
0.0
0.0
0.0
0.0
0.0
0.0
0.0
0.0
0.0
0.0
0.0
0.0
0.0
0.0
0.0
0.0
0.0
0.0
0.0
0.0
0.0
0.0
0.0
0.0
0.0
0.0
0.0
0.0
0.0
0.0
0.0
0.0
0.0
0.0
0.0
0.0
0.0
0.0
0.0
0.0
0.0
0.0
0.0
0.0
0.0
0.0
0.0
0.0
0.0
0.0
0.0
0.0
0.0
0.0
0.0
0.0
0.0
0.0
0.0
0.0
0.0
0.0
0.0
0.0
0.0
0.0
0.0
0.0
0.0
0.0
0.0
0.0
0.0
0.0
0.0
0.0
0.0
0.0
0.0
0.0
0.0
0.0
0.0
0.0
0.0
0.0
0.0
0.0
0.0
0.0
0.0
0.0
0.0
0.0
0.0
0.0
0.0
0.0
0.0
0.0
0.0
