15477.6
14853.8
14855.6
13792.8
14951.8
14865.0
14975.0
15473.0
15673.6
15976.2
14374.0
15812.4
15106.8
15125.0
15569.8
15719.6
15345.6
14759.4
15366.8
15746.0
15745.6
14060.8
15841.0
14747.4
14565.6
15865.2
14183.8
15139.8
16264.4
15000.0
15141.6
15120.2
15135.8
15783.2
14655.6
16780.2
15811.4
15716.8
15123.2
14838.8
15102.4
16238.4
15687.8
15012.6
14796.4
15952.6
15268.4
15023.2
16327.6
15506.2
16023.6
15242.6
15161.6
15400.2
15330.0
15674.2
14856.6
16221.6
16240.0
16223.6
15913.8
15102.0
16460.2
16850.0
15904.4
15414.2
14712.0
15059.2
15521.8
17290.4
13983.6
15384.2
15278.2
14550.0
15147.8
14753.2
15254.6
16359.8
14052.2
14825.2
15162.6
16647.8
15679.4
15352.2
14442.8
13922.8
15040.0
15084.4
15606.6
15674.8
16314.2
14328.0
14885.8
14616.4
15776.8
15480.4
15468.2
15538.4
15925.4
16047.4
15395.2
14619.4
15134.2
16132.6
14857.8
15848.4
15135.0
16099.2
15744.6
15887.2
15726.2
13903.4
15179.2
14743.0
16080.0
15434.4
14929.8
15918.4
14927.6
15611.0
15459.4
14841.4
14822.2
15945.0
15681.0
15248.4
15428.8
15404.8
16349.4
15486.2
15365.0
15694.0
15173.8
15929.2
15429.2
15540.0
15036.6
16011.6
15526.8
15502.8
15936.2
15589.6
15251.2
14917.6
15979.6
16657.0
14439.4
14853.0
14704.2
15394.2
16262.6
14917.0
15006.2
15133.6
14942.6
15513.0
15512.6
15323.8
15874.4
14970.6
15423.6
15116.2
16206.8
16091.8
16342.0
15874.2
15254.6
16034.4
15738.2
16214.4
14908.8
16291.2
15569.8
15038.8
15145.4
14983.8
15385.4
14492.0
15777.4
14714.8
15353.6
16722.0
15154.6
15528.4
15253.0
15285.0
15334.8
15459.6
15531.2
15618.8
15689.2
15274.2
15251.4
14797.2
14003.2
15790.2
15436.8
15405.2
15919.2
16496.6
15398.0
15387.4
14982.4
14941.2
15702.4
15357.8
14961.8
15387.2
15790.6
16676.8
15428.0
16511.2
15178.0
15553.8
15897.4
15646.4
15049.4
15845.0
15216.2
15563.8
14874.0
15890.6
15771.6
15093.4
14806.6
16193.6
15877.0
14864.4
14780.2
14514.0
15511.6
15151.6
15391.6
15329.0
15256.4
14880.0
15774.6
14890.4
15544.0
15958.4
14259.4
14743.6
15802.0
16120.6
14048.0
13862.8
15637.0
14554.0
14912.6
14754.8
15999.2
15390.4
15925.8
16106.0
15428.4
15690.2
15868.2
14460.2
15268.0
15598.8
15742.4
15745.6
15196.0
15295.2
14475.6
14738.8
16038.6
14592.0
15823.6
15112.0
15679.8
16161.2
15487.0
15065.2
14520.8
16342.6
15088.0
16725.8
15567.4
15233.6
16162.6
15147.4
15421.4
16537.8
16123.6
15288.4
15460.4
15128.4
15285.2
15552.8
15738.4
16417.8
15237.6
15828.2
14821.2
15304.2
15048.2
15172.2
15337.0
15960.0
14946.4
15376.2
14784.6
14635.8
16119.4
15571.6
14678.4
15136.4
14677.8
15137.4
15913.4
15396.6
15419.2
15158.6
14719.0
15466.0
15989.8
15093.0
14843.4
15447.0
14236.0
15580.0
15976.2
15452.2
14563.2
14725.6
15094.2
15390.8
15460.0
15765.8
14476.2
16298.8
16305.2
15755.8
16638.6
15264.0
15682.0
15877.8
15232.2
15119.6
14670.0
15241.6
15152.6
15838.4
15375.0
16950.8
16055.6
11261.0
0.0
0.0
0.0
0.0
0.0
0.0
0.0
0.0
0.0
0.0
0.0
0.0
0.0
0.0
0.0
0.0
0.0
0.0
0.0
0.0
0.0
0.0
0.0
0.0
0.0
0.0
0.0
0.0
0.0
0.0
0.0
0.0
0.0
0.0
0.0
0.0
0.0
0.0
0.0
0.0
0.0
0.0
0.0
0.0
0.0
0.0
0.0
0.0
0.0
0.0
0.0
0.0
0.0
0.0
0.0
0.0
0.0
0.0
0.0
0.0
0.0
0.0
0.0
0.0
0.0
0.0
0.0
0.0
0.0
0.0
0.0
0.0
0.0
0.0
0.0
0.0
0.0
0.0
0.0
0.0
0.0
0.0
0.0
0.0
0.0
0.0
0.0
0.0
0.0
0.0
0.0
0.0
0.0
0.0
0.0
0.0
0.0
0.0
0.0
0.0
0.0
0.0
0.0
0.0
0.0
0.0
0.0
0.0
0.0
0.0
0.0
0.0
0.0
0.0
0.0
0.0
0.0
0.0
0.0
0.0
0.0
0.0
0.0
0.0
0.0
0.0
0.0
0.0
0.0
0.0
0.0
0.0
0.0
0.0
0.0
0.0
0.0
0.0
0.0
0.0
0.0
0.0
0.0
0.0
0.0
0.0
0.0
0.0
0.0
0.0
0.0
0.0
0.0
0.0
0.0
0.0
0.0
0.0
0.0
0.0
0.0
0.0
0.0
0.0
0.0
0.0
0.0
0.0
0.0
0.0
0.0
0.0
0.0
0.0
0.0
0.0
0.0
0.0
0.0
0.0
0.0
0.0
0.0
0.0
0.0
0.0
0.0
0.0
0.0
0.0
0.0
0.0
0.0
0.0
0.0
0.0
0.0
0.0
0.0
0.0
0.0
0.0
0.0
0.0
0.0
0.0
0.0
0.0
0.0
0.0
0.0
0.0
0.0
0.0
0.0
0.0
0.0
0.0
0.0
0.0
0.0
0.0
0.0
0.0
0.0
0.0
0.0
0.0
0.0
0.0
0.0
0.0
0.0
0.0
0.0
0.0
0.0
0.0
0.0
0.0
0.0
0.0
0.0
0.0
0.0
0.0
0.0
0.0
0.0
0.0
0.0
0.0
0.0
0.0
0.0
0.0
0.0
0.0
0.0
0.0
0.0
0.0
0.0
0.0
0.0
0.0
0.0
0.0
0.0
0.0
0.0
0.0
0.0
0.0
0.0
0.0
0.0
0.0
0.0
0.0
0.0
0.0
0.0
0.0
0.0
0.0
0.0
0.0
0.0
0.0
0.0
0.0
0.0
0.0
0.0
0.0
0.0
0.0
0.0
0.0
0.0
0.0
0.0
0.0
0.0
0.0
0.0
0.0
0.0
0.0
0.0
0.0
0.0
0.0
0.0
0.0
0.0
0.0
0.0
0.0
0.0
0.0
0.0
0.0
0.0
0.0
0.0
0.0
0.0
0.0
0.0
0.0
0.0
0.0
0.0
0.0
0.0
0.0
0.0
0.0
0.0
0.0
0.0
0.0
0.0
0.0
0.0
0.0
0.0
0.0
0.0
0.0
0.0
0.0
0.0
0.0
0.0
0.0
0.0
0.0
0.0
0.0
0.0
0.0
0.0
0.0
0.0
0.0
0.0
0.0
0.0
0.0
0.0
0.0
0.0
0.0
0.0
0.0
0.0
0.0
0.0
0.0
0.0
0.0
0.0
0.0
0.0
0.0
0.0
0.0
0.0
0.0
0.0
0.0
0.0
0.0
0.0
0.0
0.0
0.0
0.0
0.0
0.0
0.0
0.0
0.0
0.0
0.0
0.0
0.0
0.0
0.0
0.0
0.0
0.0
0.0
0.0
0.0
0.0
0.0
0.0
0.0
0.0
0.0
0.0
0.0
0.0
0.0
0.0
0.0
0.0
0.0
0.0
0.0
0.0
0.0
0.0
0.0
0.0
0.0
0.0
0.0
0.0
0.0
0.0
0.0
0.0
0.0
0.0
0.0
0.0
0.0
0.0
0.0
0.0
0.0
0.0
0.0
0.0
0.0
0.0
0.0
0.0
0.0
0.0
0.0
0.0
0.0
0.0
0.0
0.0
0.0
0.0
0.0
0.0
0.0
0.0
0.0
0.0
0.0
0.0
0.0
0.0
0.0
0.0
0.0
0.0
0.0
0.0
0.0
0.0
0.0
0.0
0.0
0.0
0.0
0.0
0.0
0.0
0.0
0.0
0.0
0.0
0.0
0.0
0.0
0.0
0.0
0.0
0.0
0.0
0.0
0.0
0.0
0.0
0.0
0.0
0.0
0.0
0.0
0.0
0.0
0.0
0.0
0.0
0.0
0.0
0.0
0.0
0.0
0.0
0.0
0.0
0.0
0.0
0.0
0.0
0.0
0.0
0.0
0.0
0.0
0.0
0.0
0.0
0.0
0.0
0.0
0.0
0.0
0.0
0.0
0.0
0.0
0.0
0.0
0.0
0.0
0.0
0.0
0.0
0.0
0.0
0.0
0.0
0.0
0.0
0.0
0.0
0.0
0.0
0.0
0.0
0.0
0.0
0.0
0.0
0.0
0.0
0.0
0.0
0.0
0.0
0.0
0.0
0.0
0.0
0.0
0.0
0.0
0.0
0.0
0.0
0.0
0.0
0.0
0.0
0.0
0.0
0.0
0.0
0.0
0.0
0.0
0.0
0.0
0.0
0.0
0.0
0.0
0.0
0.0
0.0
0.0
0.0
0.0
0.0
0.0
0.0
0.0
0.0
0.0
0.0
0.0
0.0
0.0
0.0
0.0
0.0
0.0
0.0
0.0
0.0
0.0
0.0
0.0
0.0
0.0
0.0
0.0
0.0
0.0
0.0
0.0
0.0
0.0
0.0
0.0
0.0
0.0
0.0
0.0
