10159.0
9728.2
9733.4
9056.8
9759.6
9749.0
9799.4
10123.8
10277.0
10467.8
9412.2
10365.4
9879.8
9920.6
10186.8
10284.0
10069.0
9653.4
10081.0
10315.6
10310.2
9204.0
10376.0
9669.4
9509.2
10410.2
9267.4
9928.8
10670.0
9819.6
9926.6
9921.4
9897.8
10352.6
9612.6
11000.8
10337.8
10307.8
9908.8
9709.4
9902.4
10635.2
10276.8
9825.8
9712.0
10432.4
9998.4
9852.2
10737.8
10106.6
10518.8
9969.4
9949.2
10081.8
10049.6
10288.2
9740.6
10607.6
10620.2
10645.0
10394.8
9926.4
10762.6
11065.8
10410.4
10111.2
9632.2
9865.6
10180.0
11305.4
9162.4
10061.2
10013.6
9557.6
9913.8
9673.4
9960.2
10747.0
9199.8
9701.6
9930.0
10907.8
10259.4
10067.8
9469.8
9114.8
9852.6
9867.6
10226.0
10214.2
10716.8
9372.4
9795.6
9539.6
10351.6
10127.2
10110.6
10188.0
10448.4
10495.0
10097.4
9597.2
9876.2
10586.2
9741.4
10396.6
9864.8
10548.6
10308.6
10436.8
10257.4
9181.6
9879.4
9664.4
10497.8
10119.2
9768.6
10466.4
9742.8
10258.8
10069.2
9759.0
9709.4
10157.6
10529.2
10012.2
10136.4
10050.2
10712.6
10110.0
10134.8
10315.0
9844.8
10488.4
10047.6
10221.2
9843.4
10461.4
10177.8
10167.0
10503.6
10100.0
10016.0
9847.4
10430.2
10825.6
9581.6
9658.2
9627.2
10039.6
10659.6
9826.0
9781.8
9917.2
9838.8
10058.8
10180.6
10041.6
10445.4
9736.6
10144.8
9829.2
10631.8
10548.0
10981.8
10189.4
9940.4
10510.6
10335.0
10613.0
9751.6
10668.2
10197.2
9902.6
9829.0
9863.0
10039.0
9542.6
10275.6
9651.8
10005.6
10972.6
9973.8
10184.2
10046.6
9995.0
9987.0
10009.6
10257.4
10321.8
10252.2
9998.6
9892.4
9783.2
9094.4
10309.4
10200.0
10085.0
10361.2
10876.6
10076.8
10144.8
9756.2
9837.2
10098.8
10129.4
9945.0
10004.2
10236.6
10990.8
10088.4
10889.8
9971.0
10072.6
10384.6
10315.8
9882.8
10278.4
10035.0
10193.6
9865.0
10235.2
10441.2
9863.6
9686.4
10552.2
10386.0
9843.6
9667.6
9506.0
10208.2
9933.2
10023.6
10170.0
9886.4
9984.0
10101.8
9750.4
10148.0
10449.2
9295.8
9799.8
10284.2
10552.6
9228.2
9115.8
10079.0
9527.2
9893.0
9576.4
10538.4
10127.2
10329.2
10577.0
10266.6
10211.8
10372.0
9348.0
10096.4
10138.4
10352.6
10315.8
9999.2
10018.2
9431.4
9761.6
10314.4
9670.0
10301.6
9994.6
10134.6
10668.8
10081.4
10022.0
9326.4
10827.2
9858.8
10928.0
10237.6
9979.4
10529.6
9930.4
10022.8
10979.0
10420.6
10024.8
10290.8
9740.2
10086.4
10195.0
10207.6
10802.2
9985.0
10353.4
9711.0
10089.6
9826.2
9943.4
9989.4
10495.8
9815.2
10081.2
9601.8
9623.2
10570.8
10319.2
9456.4
9932.4
9638.6
9790.2
10513.6
10180.2
9931.4
10018.0
9689.2
10111.0
10303.6
9989.0
9724.6
10105.8
9430.2
10059.6
10483.6
10126.8
9508.6
9709.8
9890.4
10098.6
10149.2
10235.4
10231.4
9967.0
10678.6
10180.4
11046.0
9896.2
10374.6
10220.6
10139.8
9760.6
9731.4
9919.2
10006.2
10191.0
10196.6
11016.6
10635.0
8387.0
0.0
0.0
0.0
0.0
0.0
0.0
0.0
0.0
0.0
0.0
0.0
0.0
0.0
0.0
0.0
0.0
0.0
0.0
0.0
0.0
0.0
0.0
0.0
0.0
0.0
0.0
0.0
0.0
0.0
0.0
0.0
0.0
0.0
0.0
0.0
0.0
0.0
0.0
0.0
0.0
0.0
0.0
0.0
0.0
0.0
0.0
0.0
0.0
0.0
0.0
0.0
0.0
0.0
0.0
0.0
0.0
0.0
0.0
0.0
0.0
0.0
0.0
0.0
0.0
0.0
0.0
0.0
0.0
0.0
0.0
0.0
0.0
0.0
0.0
0.0
0.0
0.0
0.0
0.0
0.0
0.0
0.0
0.0
0.0
0.0
0.0
0.0
0.0
0.0
0.0
0.0
0.0
0.0
0.0
0.0
0.0
0.0
0.0
0.0
0.0
0.0
0.0
0.0
0.0
0.0
0.0
0.0
0.0
0.0
0.0
0.0
0.0
0.0
0.0
0.0
0.0
0.0
0.0
0.0
0.0
0.0
0.0
0.0
0.0
0.0
0.0
0.0
0.0
0.0
0.0
0.0
0.0
0.0
0.0
0.0
0.0
0.0
0.0
0.0
0.0
0.0
0.0
0.0
0.0
0.0
0.0
0.0
0.0
0.0
0.0
0.0
0.0
0.0
0.0
0.0
0.0
0.0
0.0
0.0
0.0
0.0
0.0
0.0
0.0
0.0
0.0
0.0
0.0
0.0
0.0
0.0
0.0
0.0
0.0
0.0
0.0
0.0
0.0
0.0
0.0
0.0
0.0
0.0
0.0
0.0
0.0
0.0
0.0
0.0
0.0
0.0
0.0
0.0
0.0
0.0
0.0
0.0
0.0
0.0
0.0
0.0
0.0
0.0
0.0
0.0
0.0
0.0
0.0
0.0
0.0
0.0
0.0
0.0
0.0
0.0
0.0
0.0
0.0
0.0
0.0
0.0
0.0
0.0
0.0
0.0
0.0
0.0
0.0
0.0
0.0
0.0
0.0
0.0
0.0
0.0
0.0
0.0
0.0
0.0
0.0
0.0
0.0
0.0
0.0
0.0
0.0
0.0
0.0
0.0
0.0
0.0
0.0
0.0
0.0
0.0
0.0
0.0
0.0
0.0
0.0
0.0
0.0
0.0
0.0
0.0
0.0
0.0
0.0
0.0
0.0
0.0
0.0
0.0
0.0
0.0
0.0
0.0
0.0
0.0
0.0
0.0
0.0
0.0
0.0
0.0
0.0
0.0
0.0
0.0
0.0
0.0
0.0
0.0
0.0
0.0
0.0
0.0
0.0
0.0
0.0
0.0
0.0
0.0
0.0
0.0
0.0
0.0
0.0
0.0
0.0
0.0
0.0
0.0
0.0
0.0
0.0
0.0
0.0
0.0
0.0
0.0
0.0
0.0
0.0
0.0
0.0
0.0
0.0
0.0
0.0
0.0
0.0
0.0
0.0
0.0
0.0
0.0
0.0
0.0
0.0
0.0
0.0
0.0
0.0
0.0
0.0
0.0
0.0
0.0
0.0
0.0
0.0
0.0
0.0
0.0
0.0
0.0
0.0
0.0
0.0
0.0
0.0
0.0
0.0
0.0
0.0
0.0
0.0
0.0
0.0
0.0
0.0
0.0
0.0
0.0
0.0
0.0
0.0
0.0
0.0
0.0
0.0
0.0
0.0
0.0
0.0
0.0
0.0
0.0
0.0
0.0
0.0
0.0
0.0
0.0
0.0
0.0
0.0
0.0
0.0
0.0
0.0
0.0
0.0
0.0
0.0
0.0
0.0
0.0
0.0
0.0
0.0
0.0
0.0
0.0
0.0
0.0
0.0
0.0
0.0
0.0
0.0
0.0
0.0
0.0
0.0
0.0
0.0
0.0
0.0
0.0
0.0
0.0
0.0
0.0
0.0
0.0
0.0
0.0
0.0
0.0
0.0
0.0
0.0
0.0
0.0
0.0
0.0
0.0
0.0
0.0
0.0
0.0
0.0
0.0
0.0
0.0
0.0
0.0
0.0
0.0
0.0
0.0
0.0
0.0
0.0
0.0
0.0
0.0
0.0
0.0
0.0
0.0
0.0
0.0
0.0
0.0
0.0
0.0
0.0
0.0
0.0
0.0
0.0
0.0
0.0
0.0
0.0
0.0
0.0
0.0
0.0
0.0
0.0
0.0
0.0
0.0
0.0
0.0
0.0
0.0
0.0
0.0
0.0
0.0
0.0
0.0
0.0
0.0
0.0
0.0
0.0
0.0
0.0
0.0
0.0
0.0
0.0
0.0
0.0
0.0
0.0
0.0
0.0
0.0
0.0
0.0
0.0
0.0
0.0
0.0
0.0
0.0
0.0
0.0
0.0
0.0
0.0
0.0
0.0
0.0
0.0
0.0
0.0
0.0
0.0
0.0
0.0
0.0
0.0
0.0
0.0
0.0
0.0
0.0
0.0
0.0
0.0
0.0
0.0
0.0
0.0
0.0
0.0
0.0
0.0
0.0
0.0
0.0
0.0
0.0
0.0
0.0
0.0
0.0
0.0
0.0
0.0
0.0
0.0
0.0
0.0
0.0
0.0
0.0
0.0
0.0
0.0
0.0
0.0
0.0
0.0
0.0
0.0
0.0
0.0
0.0
0.0
0.0
0.0
0.0
0.0
0.0
0.0
0.0
0.0
0.0
0.0
0.0
0.0
0.0
0.0
0.0
0.0
0.0
0.0
0.0
0.0
0.0
0.0
0.0
0.0
0.0
0.0
0.0
0.0
0.0
0.0
0.0
0.0
0.0
0.0
0.0
0.0
0.0
0.0
0.0
0.0
0.0
0.0
0.0
0.0
0.0
0.0
0.0
0.0
0.0
0.0
0.0
0.0
0.0
0.0
