12805.8
12304.4
12295.8
11432.0
12347.6
12321.0
12373.0
12788.2
12975.6
13240.0
11871.2
13096.0
12493.0
12528.6
12873.4
13005.4
12709.0
12199.0
12716.8
13030.4
13029.4
11641.8
13106.6
12212.4
12042.8
13133.8
11731.6
12532.0
13471.0
12388.0
12544.8
12520.6
12515.2
13070.6
12126.2
13911.2
13065.2
13003.6
12526.2
12261.0
12498.0
13434.8
13002.8
12412.8
12268.0
13182.2
12624.4
12439.6
13595.0
12771.8
13266.2
12589.8
12567.0
12730.6
12689.0
12978.8
12313.4
13414.2
13444.8
13428.0
13149.6
12522.6
13597.0
13976.0
13132.6
12758.8
12178.4
12465.6
12856.0
14282.2
11564.6
12712.4
12645.4
12070.8
12526.4
12214.6
12591.4
13573.0
11624.2
12270.2
12540.4
13770.2
12970.2
12720.4
11946.6
11523.4
12427.6
12512.6
12911.2
12942.8
13508.8
11848.2
12327.4
12096.8
13046.8
12823.6
12767.8
12879.6
13160.0
13274.0
12756.8
12112.6
12477.8
13384.0
12296.6
13146.8
12474.4
13311.6
13040.2
13174.0
12976.4
11542.0
12517.4
12205.2
13293.2
12786.0
12361.0
13173.0
12373.8
12960.2
12697.4
12293.8
12290.2
13144.0
13009.2
12600.6
12793.2
12718.0
13545.8
12780.0
12766.2
13031.6
12485.2
13203.6
12740.4
12871.6
12437.4
13238.2
12875.4
12811.2
13224.6
12862.2
12629.8
12382.8
13189.4
13748.8
12013.6
12267.0
12164.2
12705.2
13470.0
12367.4
12379.8
12540.6
12394.8
12752.6
12900.0
12648.6
13166.8
12388.6
12748.6
12472.4
13428.4
13319.2
13849.2
12849.4
12600.8
13293.4
13016.6
13420.8
12335.6
13459.2
12891.8
12467.2
12503.8
12429.8
12724.6
12004.8
13021.6
12165.2
12703.6
13846.4
12544.8
12840.8
12673.2
12623.2
12659.4
12746.0
12899.4
12958.4
12961.0
12649.8
12541.2
12307.4
11567.8
13040.0
12828.4
12736.2
13152.0
13691.2
12730.2
12775.2
12371.8
12377.2
12929.0
12718.2
12437.4
12689.0
13027.6
13848.8
12761.6
13701.2
12565.4
12836.2
13123.4
12982.2
12463.4
13100.6
12597.0
12889.4
12327.6
13101.4
13114.0
12491.0
12229.0
13384.4
13116.2
12350.2
12212.6
12009.6
12873.6
12527.0
12693.4
12758.0
12594.4
12524.0
12825.8
12302.8
12865.6
13210.4
11775.2
12251.6
13047.6
13332.0
11621.2
11501.8
12927.2
11995.0
12393.0
12149.8
13283.2
12747.6
13133.0
13365.0
12789.8
12972.4
13120.6
11937.6
12634.6
12894.2
13048.2
13027.0
12608.6
12641.0
11957.4
12246.6
13209.8
12087.0
13078.2
12546.4
12900.6
13414.8
12810.0
12562.6
11913.0
13571.8
12457.0
13878.4
12875.8
12585.2
13346.6
12534.4
12732.8
13762.4
13254.0
12650.6
12895.8
12416.8
12685.8
12883.8
12949.0
13619.6
12620.8
13098.0
12241.4
12728.0
12439.6
12556.2
12646.8
13262.0
12363.6
12710.4
12191.8
12165.0
13344.2
12945.8
12076.0
12542.4
12120.4
12472.4
13219.8
12788.2
12706.0
12572.4
12190.2
12824.6
13122.2
12538.8
12265.4
12833.6
11775.4
12827.8
13234.4
12806.6
12035.0
12235.6
12450.4
12754.6
12844.8
12985.6
12979.0
12508.8
13452.8
13007.6
13832.2
12586.6
13043.4
13067.0
12666.6
12436.0
12207.2
12557.0
12559.6
13061.8
12751.4
13953.8
13343.0
9833.4
0.0
0.0
0.0
0.0
0.0
0.0
0.0
0.0
0.0
0.0
0.0
0.0
0.0
0.0
0.0
0.0
0.0
0.0
0.0
0.0
0.0
0.0
0.0
0.0
0.0
0.0
0.0
0.0
0.0
0.0
0.0
0.0
0.0
0.0
0.0
0.0
0.0
0.0
0.0
0.0
0.0
0.0
0.0
0.0
0.0
0.0
0.0
0.0
0.0
0.0
0.0
0.0
0.0
0.0
0.0
0.0
0.0
0.0
0.0
0.0
0.0
0.0
0.0
0.0
0.0
0.0
0.0
0.0
0.0
0.0
0.0
0.0
0.0
0.0
0.0
0.0
0.0
0.0
0.0
0.0
0.0
0.0
0.0
0.0
0.0
0.0
0.0
0.0
0.0
0.0
0.0
0.0
0.0
0.0
0.0
0.0
0.0
0.0
0.0
0.0
0.0
0.0
0.0
0.0
0.0
0.0
0.0
0.0
0.0
0.0
0.0
0.0
0.0
0.0
0.0
0.0
0.0
0.0
0.0
0.0
0.0
0.0
0.0
0.0
0.0
0.0
0.0
0.0
0.0
0.0
0.0
0.0
0.0
0.0
0.0
0.0
0.0
0.0
0.0
0.0
0.0
0.0
0.0
0.0
0.0
0.0
0.0
0.0
0.0
0.0
0.0
0.0
0.0
0.0
0.0
0.0
0.0
0.0
0.0
0.0
0.0
0.0
0.0
0.0
0.0
0.0
0.0
0.0
0.0
0.0
0.0
0.0
0.0
0.0
0.0
0.0
0.0
0.0
0.0
0.0
0.0
0.0
0.0
0.0
0.0
0.0
0.0
0.0
0.0
0.0
0.0
0.0
0.0
0.0
0.0
0.0
0.0
0.0
0.0
0.0
0.0
0.0
0.0
0.0
0.0
0.0
0.0
0.0
0.0
0.0
0.0
0.0
0.0
0.0
0.0
0.0
0.0
0.0
0.0
0.0
0.0
0.0
0.0
0.0
0.0
0.0
0.0
0.0
0.0
0.0
0.0
0.0
0.0
0.0
0.0
0.0
0.0
0.0
0.0
0.0
0.0
0.0
0.0
0.0
0.0
0.0
0.0
0.0
0.0
0.0
0.0
0.0
0.0
0.0
0.0
0.0
0.0
0.0
0.0
0.0
0.0
0.0
0.0
0.0
0.0
0.0
0.0
0.0
0.0
0.0
0.0
0.0
0.0
0.0
0.0
0.0
0.0
0.0
0.0
0.0
0.0
0.0
0.0
0.0
0.0
0.0
0.0
0.0
0.0
0.0
0.0
0.0
0.0
0.0
0.0
0.0
0.0
0.0
0.0
0.0
0.0
0.0
0.0
0.0
0.0
0.0
0.0
0.0
0.0
0.0
0.0
0.0
0.0
0.0
0.0
0.0
0.0
0.0
0.0
0.0
0.0
0.0
0.0
0.0
0.0
0.0
0.0
0.0
0.0
0.0
0.0
0.0
0.0
0.0
0.0
0.0
0.0
0.0
0.0
0.0
0.0
0.0
0.0
0.0
0.0
0.0
0.0
0.0
0.0
0.0
0.0
0.0
0.0
0.0
0.0
0.0
0.0
0.0
0.0
0.0
0.0
0.0
0.0
0.0
0.0
0.0
0.0
0.0
0.0
0.0
0.0
0.0
0.0
0.0
0.0
0.0
0.0
0.0
0.0
0.0
0.0
0.0
0.0
0.0
0.0
0.0
0.0
0.0
0.0
0.0
0.0
0.0
0.0
0.0
0.0
0.0
0.0
0.0
0.0
0.0
0.0
0.0
0.0
0.0
0.0
0.0
0.0
0.0
0.0
0.0
0.0
0.0
0.0
0.0
0.0
0.0
0.0
0.0
0.0
0.0
0.0
0.0
0.0
0.0
0.0
0.0
0.0
0.0
0.0
0.0
0.0
0.0
0.0
0.0
0.0
0.0
0.0
0.0
0.0
0.0
0.0
0.0
0.0
0.0
0.0
0.0
0.0
0.0
0.0
0.0
0.0
0.0
0.0
0.0
0.0
0.0
0.0
0.0
0.0
0.0
0.0
0.0
0.0
0.0
0.0
0.0
0.0
0.0
0.0
0.0
0.0
0.0
0.0
0.0
0.0
0.0
0.0
0.0
0.0
0.0
0.0
0.0
0.0
0.0
0.0
0.0
0.0
0.0
0.0
0.0
0.0
0.0
0.0
0.0
0.0
0.0
0.0
0.0
0.0
0.0
0.0
0.0
0.0
0.0
0.0
0.0
0.0
0.0
0.0
0.0
0.0
0.0
0.0
0.0
0.0
0.0
0.0
0.0
0.0
0.0
0.0
0.0
0.0
0.0
0.0
0.0
0.0
0.0
0.0
0.0
0.0
0.0
0.0
0.0
0.0
0.0
0.0
0.0
0.0
0.0
0.0
0.0
0.0
0.0
0.0
0.0
0.0
0.0
0.0
0.0
0.0
0.0
0.0
0.0
0.0
0.0
0.0
0.0
0.0
0.0
0.0
0.0
0.0
0.0
0.0
0.0
0.0
0.0
0.0
0.0
0.0
0.0
0.0
0.0
0.0
0.0
0.0
0.0
0.0
0.0
0.0
0.0
0.0
0.0
0.0
0.0
0.0
0.0
0.0
0.0
0.0
0.0
0.0
0.0
0.0
0.0
0.0
0.0
0.0
0.0
0.0
0.0
0.0
0.0
0.0
0.0
0.0
0.0
0.0
0.0
0.0
0.0
0.0
0.0
0.0
0.0
0.0
0.0
0.0
0.0
0.0
0.0
0.0
0.0
0.0
0.0
0.0
0.0
0.0
0.0
0.0
0.0
0.0
0.0
0.0
0.0
0.0
0.0
0.0
0.0
0.0
0.0
0.0
0.0
0.0
0.0
0.0
0.0
0.0
0.0
0.0
0.0
