1158.4
742.4
729.6
832.0
793.6
774.4
755.2
729.6
857.6
787.2
806.4
774.4
793.6
851.2
857.6
812.8
755.2
1113.6
1190.4
1222.4
1209.6
1126.4
1126.4
1254.4
1280.0
1184.0
1158.4
1145.6
1248.0
1286.4
1235.2
1152.0
1158.4
1286.4
1260.8
1171.2
1164.8
1139.2
1254.4
1267.2
1177.6
1196.8
1152.0
1280.0
1286.4
1196.8
1158.4
1216.0
1273.6
1299.2
1171.2
1184.0
1177.6
1241.6
1299.2
1184.0
1164.8
1171.2
1280.0
1350.4
1152.0
1171.2
1177.6
1254.4
1280.0
1216.0
1184.0
1203.2
1292.8
1286.4
1184.0
1177.6
1190.4
1209.6
1248.0
1196.8
1164.8
1228.8
1273.6
1203.2
1152.0
1158.4
1177.6
1248.0
1152.0
1196.8
1177.6
1228.8
1248.0
1190.4
1152.0
1260.8
1164.8
1241.6
1184.0
1216.0
1177.6
1184.0
1235.2
1158.4
1228.8
1190.4
1203.2
1184.0
1145.6
1177.6
1177.6
1228.8
1241.6
1190.4
1171.2
1139.2
1184.0
1248.0
1209.6
1190.4
1177.6
1190.4
1235.2
1196.8
1203.2
1158.4
1164.8
1248.0
1152.0
1171.2
1177.6
1164.8
1228.8
1184.0
1152.0
1177.6
1190.4
1254.4
1280.0
1184.0
1280.0
1260.8
1209.6
1196.8
1260.8
1312.0
1286.4
1228.8
1190.4
1171.2
1305.6
1267.2
1235.2
1171.2
1177.6
1318.4
1248.0
1260.8
1145.6
1241.6
1280.0
1171.2
1260.8
1145.6
1209.6
1286.4
1196.8
1260.8
1171.2
1196.8
1286.4
1171.2
1273.6
1190.4
1177.6
1472.0
1152.0
1235.2
1190.4
1177.6
1433.6
1152.0
1216.0
1273.6
1152.0
1491.2
1152.0
1235.2
1248.0
1145.6
1420.8
1152.0
1273.6
1196.8
1216.0
1388.8
1171.2
1273.6
1203.2
1177.6
1305.6
1158.4
1312.0
1267.2
1254.4
1331.2
1286.4
1369.6
1337.6
1299.2
1356.8
1299.2
1312.0
1376.0
1305.6
1305.6
1305.6
1395.2
1395.2
1190.4
1324.8
1299.2
1395.2
1408.0
1267.2
1312.0
1235.2
1260.8
1363.2
1216.0
1273.6
1222.4
1222.4
1408.0
1222.4
1228.8
1184.0
1152.0
1395.2
1228.8
1209.6
1241.6
1286.4
1401.6
1209.6
1228.8
1222.4
1363.2
1299.2
1196.8
1171.2
1273.6
1280.0
1324.8
1267.2
1267.2
1292.8
1286.4
1299.2
1280.0
1388.8
1273.6
1318.4
1254.4
1337.6
1331.2
1267.2
1280.0
1331.2
1273.6
1312.0
1292.8
1280.0
1216.0
1267.2
1376.0
1280.0
1280.0
1196.8
1299.2
1401.6
992.0
1216.0
1196.8
1273.6
1395.2
1260.8
1267.2
1292.8
1260.8
1555.2
1190.4
1260.8
1248.0
1312.0
1600.0
1113.6
1254.4
1273.6
1254.4
1440.0
1203.2
1184.0
1203.2
1273.6
1305.6
1248.0
1235.2
1222.4
1382.4
1248.0
1235.2
1222.4
1235.2
1350.4
1267.2
1331.2
1209.6
832.0
1004.8
819.2
793.6
1024.0
883.2
998.4
793.6
800.0
908.8
870.4000000000001
819.2
806.4
806.4
1049.6
908.8
1030.4
800.0
812.8
1030.4
921.6000000000001
947.2000000000002
793.6
806.4
1030.4
908.8
864.0
832.0
787.2
876.7999999999998
870.4000000000001
819.2
844.8000000000001
806.4
838.4000000000001
908.8
902.3999999999999
896.0000000000001
838.4000000000001
838.4000000000001
838.4000000000001
870.4000000000001
793.6
966.4
825.6
889.6000000000001
1267.2
825.6
1043.2
806.4
908.8
998.4
825.6
1120.0
864.0
883.2
966.4
960.0
1081.6
806.4
1011.2
1081.6
934.4
1203.2
800.0
870.4000000000001
1017.6
1120.0
1100.8
979.1999999999999
960.0
1107.2
940.8
960.0
857.6
857.6
972.8
851.2
864.0
896.0000000000001
844.8000000000001
947.2000000000002
1024.0
1024.0
902.3999999999999
812.8
915.2
896.0000000000001
1017.6
857.6
819.2
883.2
940.8
1139.2
825.6
800.0
806.4
851.2
1075.2
896.0000000000001
806.4
787.2
793.6
921.6000000000001
793.6
883.2
806.4
800.0
844.8000000000001
832.0
953.5999999999999
819.2
793.6
864.0
838.4000000000001
1017.6
806.4
793.6
832.0
864.0
908.8
819.2
806.4
825.6
844.8000000000001
927.9999999999999
774.4
832.0
819.2
787.2
889.6000000000001
800.0
825.6
1011.2
768.0
966.4
819.2
780.8
851.2
768.0
800.0
844.8000000000001
787.2
800.0
787.2
800.0
870.4000000000001
851.2
774.4
819.2
844.8000000000001
838.4000000000001
876.7999999999998
851.2
838.4000000000001
870.4000000000001
851.2
896.0000000000001
934.4
761.6
1030.4
947.2000000000002
934.4
774.4
780.8
1075.2
748.8
844.8000000000001
934.4
921.6000000000001
1043.2
851.2
793.6
755.2
838.4000000000001
851.2
825.6
736.0
780.8
793.6
806.4
851.2
940.8
870.4000000000001
1030.4
768.0
774.4
755.2
774.4
1017.6
748.8
761.6
748.8
742.4
1036.8
755.2
748.8
755.2
768.0
1030.4
608.0
0.0
0.0
0.0
0.0
0.0
0.0
0.0
0.0
0.0
0.0
0.0
0.0
0.0
0.0
0.0
0.0
0.0
0.0
0.0
0.0
0.0
0.0
0.0
0.0
0.0
0.0
0.0
0.0
0.0
0.0
0.0
0.0
0.0
0.0
0.0
0.0
0.0
0.0
0.0
0.0
0.0
0.0
0.0
0.0
0.0
0.0
0.0
0.0
0.0
0.0
0.0
0.0
0.0
0.0
0.0
0.0
0.0
0.0
0.0
0.0
0.0
0.0
0.0
0.0
0.0
0.0
0.0
0.0
0.0
0.0
0.0
0.0
0.0
0.0
0.0
0.0
0.0
0.0
0.0
0.0
0.0
0.0
0.0
0.0
0.0
0.0
0.0
0.0
0.0
0.0
0.0
0.0
0.0
0.0
0.0
0.0
0.0
0.0
0.0
0.0
0.0
0.0
0.0
0.0
0.0
0.0
0.0
0.0
0.0
0.0
0.0
0.0
0.0
0.0
0.0
0.0
0.0
0.0
0.0
0.0
0.0
0.0
0.0
0.0
0.0
0.0
0.0
0.0
0.0
0.0
0.0
0.0
0.0
0.0
0.0
0.0
0.0
0.0
0.0
0.0
0.0
0.0
0.0
0.0
0.0
0.0
0.0
0.0
0.0
0.0
0.0
0.0
0.0
0.0
0.0
0.0
0.0
0.0
0.0
0.0
0.0
0.0
0.0
0.0
0.0
0.0
0.0
0.0
0.0
0.0
0.0
0.0
0.0
0.0
0.0
0.0
0.0
0.0
0.0
0.0
0.0
0.0
0.0
0.0
0.0
