1113.6
704.0
832.0
800.0
864.0
806.4
729.6
723.2
857.6
812.8
787.2
768.0
774.4
851.2
1158.4
1132.8
1113.6
1132.8
1203.2
1331.2
1132.8
1171.2
1100.8
1190.4
1273.6
1126.4
1209.6
1100.8
1228.8
1299.2
1152.0
1120.0
1113.6
1177.6
1350.4
1152.0
1145.6
1132.8
1209.6
1280.0
1209.6
1132.8
1107.2
1254.4
1190.4
1113.6
1152.0
1113.6
1228.8
1228.8
1177.6
1100.8
1171.2
1164.8
1248.0
1107.2
1120.0
1158.4
1177.6
1228.8
1126.4
1139.2
1145.6
1286.4
1209.6
1145.6
1139.2
1164.8
1254.4
1126.4
1145.6
1126.4
1184.0
1171.2
1120.0
1171.2
1126.4
1216.0
1152.0
1164.8
1139.2
1120.0
1248.0
1152.0
1171.2
1164.8
1107.2
1222.4
1216.0
1158.4
1241.6
1100.8
1267.2
1241.6
1158.4
1171.2
1113.6
1299.2
1152.0
1196.8
1100.8
1120.0
1331.2
1158.4
1145.6
1139.2
1158.4
1241.6
1139.2
1113.6
1152.0
1088.0
1254.4
1158.4
1132.8
1536.0
1152.0
1241.6
1145.6
1145.6
1120.0
1100.8
1401.6
1100.8
1158.4
1126.4
1120.0
1331.2
1158.4
1164.8
1100.8
1107.2
1280.0
1145.6
1145.6
1113.6
1145.6
1337.6
1196.8
1158.4
1107.2
1107.2
1388.8
1132.8
1164.8
1120.0
1126.4
1331.2
1184.0
1158.4
1088.0
1132.8
1280.0
1158.4
1171.2
1126.4
1120.0
1376.0
1132.8
1177.6
1100.8
1100.8
1337.6
1164.8
1139.2
1113.6
1132.8
1337.6
1139.2
1209.6
1120.0
1088.0
1331.2
1139.2
1158.4
1139.2
1132.8
1350.4
1132.8
1152.0
1184.0
1113.6
1318.4
1184.0
1235.2
1132.8
1120.0
1305.6
1190.4
1139.2
1126.4
1139.2
1292.8
1171.2
1113.6
1145.6
1120.0
1164.8
1216.0
1120.0
1139.2
1100.8
1177.6
1209.6
1120.0
1139.2
1113.6
1094.4
1171.2
1190.4
1158.4
1107.2
1120.0
1260.8
1312.0
1132.8
1120.0
1132.8
1241.6
1292.8
1139.2
1145.6
1075.2
1196.8
1292.8
1120.0
1139.2
1132.8
1184.0
1190.4
1126.4
1126.4
1139.2
1222.4
1196.8
1145.6
1139.2
1132.8
1152.0
1292.8
1113.6
1120.0
1126.4
1164.8
1324.8
1139.2
1177.6
1132.8
1164.8
1331.2
1100.8
1260.8
1100.8
1139.2
1363.2
1132.8
1401.6
1120.0
1171.2
1292.8
1113.6
1401.6
1177.6
1158.4
1280.0
1107.2
1331.2
1171.2
1094.4
1164.8
1145.6
1292.8
1132.8
1107.2
1164.8
1158.4
1132.8
1107.2
1120.0
1171.2
1100.8
1209.6
1132.8
1171.2
1145.6
1107.2
1318.4
1190.4
1241.6
1228.8
1132.8
1280.0
1164.8
1177.6
1126.4
1113.6
1094.4
1158.4
1152.0
1216.0
1094.4
1209.6
1094.4
1145.6
755.2
800.0
1017.6
793.6
857.6
844.8000000000001
761.6
908.8
768.0
780.8
838.4000000000001
710.4
774.4
710.4
774.4
774.4
812.8
857.6
736.0
864.0
806.4
755.2
768.0
736.0
870.4000000000001
768.0
864.0
774.4
761.6
927.9999999999999
761.6
780.8
768.0
800.0
1056.0
787.2
889.6000000000001
755.2
748.8
1081.6
761.6
825.6
729.6
742.4
870.4000000000001
761.6
748.8
736.0
787.2
780.8
787.2
800.0
844.8000000000001
812.8
716.8
800.0
742.4
742.4
787.2
755.2
844.8000000000001
876.7999999999998
844.8000000000001
864.0
742.4
812.8
889.6000000000001
710.4
787.2
729.6
742.4
940.8
780.8
787.2
742.4
710.4
992.0
761.6
889.6000000000001
748.8
780.8
947.2000000000002
736.0
768.0
742.4
729.6
870.4000000000001
729.6
723.2
819.2
780.8
755.2
716.8
793.6
742.4
793.6
704.0
761.6
870.4000000000001
800.0
806.4
748.8
780.8
992.0
768.0
793.6
723.2
736.0
1056.0
761.6
883.2
761.6
787.2
1088.0
793.6
902.3999999999999
736.0
748.8
1030.4
742.4
825.6
736.0
748.8
883.2
691.2
800.0
774.4
710.4
793.6
761.6
819.2
800.0
742.4
793.6
716.8
800.0
870.4000000000001
870.4000000000001
748.8
723.2
896.0000000000001
889.6000000000001
768.0
761.6
748.8
1036.8
838.4000000000001
780.8
716.8
736.0
1132.8
729.6
806.4
729.6
748.8
934.4
793.6
825.6
768.0
716.8
864.0
870.4000000000001
806.4
736.0
761.6
710.4
832.0
780.8
761.6
736.0
684.8
729.6
697.6
716.8
768.0
748.8
640.0
704.0
704.0
723.2
716.8
0.0
0.0
0.0
0.0
0.0
0.0
0.0
0.0
0.0
0.0
0.0
0.0
0.0
0.0
0.0
0.0
0.0
0.0
0.0
0.0
0.0
0.0
0.0
0.0
0.0
0.0
0.0
0.0
0.0
0.0
0.0
0.0
0.0
0.0
0.0
0.0
0.0
0.0
0.0
0.0
0.0
0.0
0.0
0.0
0.0
0.0
0.0
0.0
0.0
0.0
0.0
0.0
0.0
0.0
0.0
0.0
0.0
0.0
0.0
0.0
0.0
0.0
0.0
0.0
0.0
0.0
0.0
0.0
0.0
0.0
0.0
0.0
0.0
0.0
0.0
0.0
0.0
0.0
0.0
0.0
0.0
0.0
0.0
0.0
0.0
0.0
0.0
0.0
0.0
0.0
0.0
0.0
0.0
0.0
0.0
0.0
0.0
0.0
0.0
0.0
0.0
0.0
0.0
0.0
0.0
0.0
0.0
0.0
0.0
0.0
0.0
0.0
0.0
0.0
0.0
0.0
0.0
0.0
0.0
0.0
0.0
0.0
0.0
0.0
0.0
0.0
0.0
0.0
0.0
0.0
0.0
0.0
0.0
0.0
0.0
0.0
0.0
0.0
0.0
0.0
0.0
0.0
0.0
0.0
0.0
0.0
0.0
0.0
0.0
0.0
0.0
0.0
0.0
0.0
0.0
0.0
0.0
0.0
0.0
0.0
0.0
0.0
0.0
0.0
0.0
0.0
0.0
0.0
0.0
0.0
0.0
0.0
0.0
0.0
0.0
0.0
0.0
0.0
0.0
0.0
0.0
0.0
0.0
0.0
0.0
0.0
0.0
0.0
0.0
0.0
0.0
0.0
0.0
0.0
0.0
0.0
0.0
0.0
0.0
0.0
0.0
0.0
0.0
0.0
0.0
0.0
0.0
0.0
0.0
0.0
0.0
0.0
0.0
0.0
0.0
