998.4
1158.4
1081.6
1004.8
908.8
1126.4
640.0
1062.4
1484.8
768.0
908.8
1491.2
1491.2
1452.8
1388.8
1440.0
1472.0
1427.2
1459.2
1504.0
1452.8
1548.8
1580.8
1504.0
1683.2
1548.8
1606.4
1516.8
1542.4
1587.2
1510.4
1715.2
1593.6
1606.4
1587.2
1606.4
1823.9999999999998
1740.8000000000002
1632.0
1593.6
1657.6000000000001
1497.6
1728.0
1542.4
1715.2
1561.6
1523.2
1683.2
1555.2
1593.6
1542.4
1555.2
1504.0
1452.8
1491.2
1561.6
1542.4
1625.6
1523.2
1561.6
1568.0
1516.8
1715.2
1529.6
1523.2
1510.4
1619.2
1612.8
1529.6
1504.0
1580.8
1555.2
1446.4
1510.4
1529.6
1683.2
1516.8
1484.8
1523.2
1491.2
1529.6
1529.6
1497.6
1523.2
1587.2
1491.2
1472.0
1504.0
1798.4
1478.4
1504.0
1561.6
1510.4
1600.0
1516.8
1497.6
1606.4
1644.8
1568.0
1612.8
1593.6
1792.0000000000002
1644.8
1721.5999999999997
1670.4
1734.4
1766.4
1491.2
1676.8000000000002
1510.4
1568.0
2592.0
1574.4
1574.4
1817.6
1600.0
1587.2
1811.2000000000003
1600.0
1555.2
1606.4
1574.4
1715.2
1632.0
1568.0
1548.8
1734.4
2259.2
1747.2
1728.0
1721.5999999999997
1657.6000000000001
1747.2
1721.5999999999997
1523.2
1728.0
1561.6
1542.4
1510.4
1529.6
1619.2
1561.6
1593.6
1798.4
1715.2
1657.6000000000001
1542.4
1651.2
1638.4
1555.2
1523.2
1491.2
1465.6
1676.8000000000002
1632.0
1580.8
1619.2
1548.8
1612.8
1632.0
1587.2
1696.0
1651.2
1542.4
1670.4
1625.6
1798.4
1587.2
1529.6
1683.2
1696.0
1702.4
1651.2
1696.0
1747.2
1664.0
1651.2
1497.6
1580.8
1516.8
1587.2
1619.2
1542.4
1580.8
1632.0
1606.4
1542.4
1587.2
1587.2
1593.6
1478.4
1459.2
1689.6000000000001
1459.2
1619.2
1497.6
1619.2
1548.8
1484.8
1580.8
1478.4
1542.4
1606.4
1484.8
1459.2
1683.2
1504.0
1504.0
1516.8
1632.0
1696.0
1478.4
1497.6
1504.0
1593.6
1516.8
1516.8
1568.0
1516.8
1472.0
1587.2
1580.8
1542.4
1760.0000000000002
1452.8
1561.6
1606.4
1574.4
1708.8000000000002
1548.8
1555.2
1606.4
1587.2
1689.6000000000001
1651.2
1593.6
1612.8
1632.0
1612.8
1593.6
1606.4
1516.8
1497.6
1491.2
1580.8
1465.6
1465.6
1472.0
1580.8
1580.8
1478.4
1644.8
1452.8
1612.8
1440.0
1504.0
1529.6
1593.6
1510.4
1529.6
1568.0
1580.8
1593.6
1484.8
1510.4
1472.0
1542.4
1529.6
1452.8
1600.0
1587.2
1593.6
1587.2
1555.2
1574.4
1606.4
1568.0
1523.2
1574.4
1555.2
1561.6
1555.2
1644.8
1612.8
1644.8
1529.6
1529.6
1593.6
1529.6
1651.2
1657.6000000000001
1587.2
1644.8
1580.8
1548.8
1568.0
1574.4
1555.2
1401.6
1651.2
1632.0
1427.2
1587.2
1484.8
1523.2
1478.4
1408.0
1555.2
1388.8
1548.8
1548.8
1497.6
1459.2
1440.0
1523.2
1510.4
1388.8
1446.4
1446.4
1420.8
1542.4
1459.2
1504.0
1401.6
1529.6
1484.8
1542.4
1536.0
1523.2
1395.2
1478.4
1388.8
1702.4
1638.4
1452.8
1395.2
1459.2
1420.8
1504.0
1465.6
1452.8
1452.8
1523.2
1414.4
1408.0
1580.8
1593.6
1427.2
1478.4
1478.4
1536.0
1740.8000000000002
1388.8
1459.2
1484.8
1408.0
1580.8
1548.8
1459.2
1516.8
1484.8
1516.8
1529.6
1529.6
1433.6
1504.0
1529.6
1523.2
1523.2
1510.4
1459.2
1446.4
1478.4
1478.4
1478.4
1446.4
1580.8
1465.6
1433.6
1446.4
1606.4
1696.0
1497.6
1484.8
1433.6
1465.6
1472.0
1433.6
1465.6
1440.0
1536.0
1446.4
1446.4
1408.0
1459.2
1491.2
1472.0
1484.8
1452.8
1478.4
1478.4
1395.2
1459.2
1497.6
1459.2
1452.8
1433.6
1478.4
1433.6
1440.0
1459.2
1433.6
1542.4
1491.2
1440.0
1478.4
1401.6
1408.0
1452.8
1401.6
1420.8
1472.0
1484.8
1484.8
1427.2
1536.0
1625.6
1414.4
1331.2
1395.2
723.2
742.4
467.2
595.2
454.4
480.0
473.6000000000001
428.8
422.40000000000003
505.6
428.8
454.4
460.80000000000007
473.6000000000001
691.2
435.20000000000005
467.2
499.2
537.6
633.6
486.4
505.6
499.2
460.80000000000007
416.0
480.0
499.2
441.6
396.8
441.6
512.0
480.0
428.8
396.8
512.0
390.4
448.00000000000006
403.2
428.8
435.20000000000005
441.6
422.40000000000003
416.0
448.00000000000006
492.8
428.8
409.6
582.4
384.0
729.6
409.6
409.6
524.8
422.40000000000003
652.8
403.2
460.80000000000007
576.0
409.6
396.8
409.6
473.6000000000001
499.2
428.8
422.40000000000003
435.20000000000005
467.2
492.8
390.4
396.8
454.4
422.40000000000003
460.80000000000007
390.4
441.6
416.0
358.4
364.8
384.0
435.20000000000005
512.0
358.4
396.8
403.2
390.4
371.2
352.0
352.0
544.0
396.8
454.4
409.6
390.4
454.4
390.4
416.0
403.2
448.00000000000006
518.4
422.40000000000003
352.0
377.6
409.6
358.4
377.6
358.4
454.4
390.4
403.2
352.0
358.4
576.0
339.2
390.4
339.2
435.20000000000005
448.00000000000006
358.4
358.4
358.4
454.4
352.0
371.2
339.2
428.8
390.4
377.6
345.6
352.0
467.2
345.6
416.0
371.2
403.2
448.00000000000006
358.4
377.6
345.6
384.0
358.4
377.6
364.8
390.4
390.4
345.6
345.6
352.0
448.00000000000006
377.6
352.0
339.2
384.0
556.8
339.2
352.0
358.4
377.6
371.2
358.4
352.0
409.6
409.6
339.2
390.4
377.6
524.8
345.6
364.8
345.6
371.2
531.2
345.6
390.4
339.2
428.8
396.8
352.0
345.6
384.0
480.0
384.0
371.2
352.0
454.4
396.8
352.0
358.4
384.0
473.6000000000001
358.4
364.8
352.0
416.0
486.4
358.4
371.2
390.4
403.2
364.8
371.2
358.4
518.4
460.80000000000007
358.4
345.6
384.0
512.0
377.6
352.0
332.8
377.6
620.8
345.6
377.6
358.4
704.0
371.2
358.4
358.4
403.2
416.0
339.2
352.0
358.4
588.8
384.0
345.6
384.0
435.20000000000005
537.6
358.4
384.0
339.2
473.6000000000001
358.4
364.8
364.8
480.0
454.4
352.0
371.2
358.4
569.6
358.4
364.8
364.8
371.2
531.2
364.8
371.2
371.2
377.6
403.2
377.6
377.6
396.8
428.8
358.4
358.4
358.4
665.6
396.8
352.0
371.2
377.6
627.2
352.0
377.6
352.0
403.2
