1094.4
736.0
736.0
844.8000000000001
793.6
761.6
710.4
768.0
915.2
812.8
768.0
755.2
736.0
844.8000000000001
800.0
793.6
819.2
1100.8
1241.6
1305.6
1184.0
1196.8
1145.6
1254.4
1318.4
1203.2
1190.4
1145.6
1254.4
1395.2
1203.2
1177.6
1152.0
1299.2
1369.6
1177.6
1203.2
1177.6
1273.6
1356.8
1203.2
1196.8
1171.2
1286.4
1388.8
1190.4
1184.0
1184.0
1267.2
1376.0
1209.6
1184.0
1190.4
1273.6
1401.6
1196.8
1222.4
1184.0
1305.6
1388.8
1196.8
1190.4
1139.2
1273.6
1408.0
1184.0
1190.4
1158.4
1286.4
1401.6
1190.4
1203.2
1177.6
1312.0
1376.0
1184.0
1158.4
1184.0
1292.8
1388.8
1196.8
1177.6
1216.0
1235.2
1427.2
1209.6
1171.2
1203.2
1248.0
1420.8
1203.2
1177.6
1305.6
1216.0
1388.8
1177.6
1164.8
1337.6
1228.8
1382.4
1164.8
1184.0
1350.4
1216.0
1318.4
1184.0
1177.6
1337.6
1164.8
1248.0
1177.6
1164.8
1363.2
1196.8
1299.2
1158.4
1158.4
1273.6
1241.6
1376.0
1164.8
1164.8
1248.0
1196.8
1292.8
1177.6
1203.2
1248.0
1216.0
1363.2
1196.8
1177.6
1324.8
1228.8
1388.8
1158.4
1177.6
1216.0
1190.4
1376.0
1171.2
1216.0
1190.4
1184.0
1363.2
1190.4
1190.4
1235.2
1228.8
1312.0
1196.8
1177.6
1248.0
1203.2
1280.0
1184.0
1267.2
1254.4
1228.8
1254.4
1177.6
1228.8
1273.6
1216.0
1305.6
1222.4
1286.4
1203.2
1196.8
1273.6
1177.6
1184.0
1235.2
1196.8
1228.8
1177.6
1196.8
1209.6
1203.2
1158.4
1171.2
1222.4
1222.4
1164.8
1260.8
1184.0
1228.8
1190.4
1190.4
1203.2
1158.4
1241.6
1196.8
1209.6
1356.8
1184.0
1292.8
1216.0
1228.8
1369.6
1171.2
1222.4
1228.8
1196.8
1331.2
1209.6
1382.4
1184.0
1203.2
1299.2
1177.6
1222.4
1190.4
1209.6
1184.0
1171.2
1177.6
1228.8
1190.4
1203.2
1184.0
1267.2
1190.4
1196.8
1280.0
1203.2
1408.0
1203.2
1164.8
1241.6
1177.6
1388.8
1171.2
1171.2
1216.0
1164.8
1260.8
1196.8
1184.0
1235.2
1171.2
1312.0
1184.0
1196.8
1203.2
1190.4
1312.0
1184.0
1196.8
1209.6
1177.6
1299.2
1184.0
1196.8
1164.8
1216.0
1433.6
1171.2
1299.2
1216.0
1177.6
1459.2
1158.4
1363.2
1158.4
1184.0
1497.6
1203.2
1427.2
1177.6
1216.0
1388.8
1177.6
1408.0
1158.4
1228.8
1427.2
1196.8
1363.2
1190.4
1177.6
1427.2
1145.6
1235.2
1184.0
1184.0
1408.0
1164.8
1228.8
1196.8
1164.8
1427.2
1158.4
1241.6
1235.2
1171.2
1280.0
1139.2
870.4000000000001
838.4000000000001
665.6
729.6
729.6
755.2
819.2
774.4
780.8
761.6
851.2
780.8
819.2
755.2
742.4
908.8
864.0
825.6
736.0
736.0
927.9999999999999
755.2
927.9999999999999
729.6
761.6
908.8
806.4
953.5999999999999
748.8
729.6
793.6
768.0
844.8000000000001
729.6
729.6
800.0
780.8
800.0
748.8
729.6
806.4
774.4
761.6
755.2
755.2
780.8
851.2
934.4
710.4
825.6
748.8
761.6
908.8
736.0
953.5999999999999
1152.0
793.6
915.2
761.6
1056.0
742.4
844.8000000000001
832.0
748.8
998.4
774.4
761.6
800.0
729.6
864.0
774.4
774.4
812.8
742.4
787.2
755.2
748.8
787.2
755.2
793.6
742.4
742.4
755.2
710.4
896.0000000000001
729.6
838.4000000000001
748.8
774.4
985.6
755.2
908.8
736.0
748.8
915.2
729.6
940.8
704.0
761.6
1075.2
748.8
883.2
755.2
742.4
953.5999999999999
736.0
819.2
787.2
742.4
857.6
729.6
806.4
812.8
691.2
851.2
710.4
755.2
844.8000000000001
755.2
780.8
736.0
716.8
832.0
800.0
736.0
742.4
800.0
800.0
800.0
729.6
716.8
908.8
742.4
953.5999999999999
723.2
787.2
940.8
723.2
896.0000000000001
748.8
723.2
953.5999999999999
761.6
832.0
806.4
755.2
927.9999999999999
729.6
755.2
780.8
716.8
838.4000000000001
742.4
1139.2
825.6
748.8
844.8000000000001
812.8
723.2
793.6
889.6000000000001
774.4
768.0
768.0
780.8
985.6
729.6
780.8
857.6
736.0
1107.2
755.2
774.4
864.0
768.0
985.6
755.2
742.4
915.2
748.8
787.2
723.2
704.0
883.2
704.0
774.4
710.4
716.8
876.7999999999998
723.2
684.8
723.2
710.4
793.6
704.0
742.4
723.2
742.4
780.8
678.4
633.6
761.6
684.8
697.6
736.0
691.2
684.8
652.8
684.8
0.0
0.0
0.0
0.0
0.0
0.0
0.0
0.0
0.0
0.0
0.0
0.0
0.0
0.0
0.0
0.0
0.0
0.0
0.0
0.0
0.0
0.0
0.0
0.0
0.0
0.0
0.0
0.0
0.0
0.0
0.0
0.0
0.0
0.0
0.0
0.0
0.0
0.0
0.0
0.0
0.0
0.0
0.0
0.0
0.0
0.0
0.0
0.0
0.0
0.0
0.0
0.0
0.0
0.0
0.0
0.0
0.0
0.0
0.0
0.0
0.0
0.0
0.0
0.0
0.0
0.0
0.0
0.0
0.0
0.0
0.0
0.0
0.0
0.0
0.0
0.0
0.0
0.0
0.0
0.0
0.0
0.0
0.0
0.0
0.0
0.0
0.0
0.0
0.0
0.0
0.0
0.0
0.0
0.0
0.0
0.0
0.0
0.0
0.0
0.0
0.0
0.0
0.0
0.0
0.0
0.0
0.0
0.0
0.0
0.0
0.0
0.0
0.0
0.0
0.0
0.0
0.0
0.0
0.0
0.0
0.0
0.0
0.0
0.0
0.0
0.0
0.0
0.0
0.0
0.0
0.0
0.0
0.0
0.0
0.0
0.0
0.0
0.0
0.0
0.0
0.0
0.0
0.0
0.0
0.0
0.0
0.0
0.0
0.0
0.0
0.0
0.0
0.0
0.0
0.0
0.0
0.0
0.0
0.0
0.0
0.0
0.0
0.0
0.0
0.0
0.0
0.0
0.0
0.0
0.0
0.0
0.0
0.0
0.0
0.0
0.0
0.0
0.0
0.0
0.0
0.0
0.0
0.0
0.0
0.0
0.0
0.0
0.0
0.0
0.0
0.0
0.0
0.0
