1100.8
729.6
742.4
876.7999999999998
780.8
755.2
710.4
748.8
864.0
812.8
774.4
761.6
723.2
844.8000000000001
844.8000000000001
806.4
793.6
729.6
844.8000000000001
889.6000000000001
761.6
761.6
768.0
812.8
1286.4
1171.2
1216.0
1171.2
1241.6
1292.8
1158.4
1152.0
1152.0
1241.6
1324.8
1190.4
1158.4
1171.2
1248.0
1356.8
1190.4
1145.6
1139.2
1222.4
1292.8
1164.8
1177.6
1164.8
1196.8
1344.0
1145.6
1164.8
1139.2
1267.2
1324.8
1158.4
1164.8
1145.6
1248.0
1292.8
1164.8
1152.0
1132.8
1222.4
1350.4
1164.8
1158.4
1158.4
1228.8
1203.2
1184.0
1164.8
1196.8
1228.8
1248.0
1190.4
1145.6
1292.8
1241.6
1260.8
1158.4
1158.4
1177.6
1222.4
1222.4
1203.2
1164.8
1196.8
1216.0
1184.0
1171.2
1152.0
1203.2
1222.4
1222.4
1145.6
1145.6
1228.8
1203.2
1318.4
1158.4
1164.8
1203.2
1248.0
1190.4
1145.6
1171.2
1203.2
1235.2
1228.8
1184.0
1184.0
1267.2
1209.6
1164.8
1145.6
1171.2
1216.0
1216.0
1196.8
1139.2
1177.6
1280.0
1216.0
1132.8
1177.6
1177.6
1216.0
1216.0
1164.8
1184.0
1177.6
1305.6
1222.4
1222.4
1132.8
1267.2
1331.2
1190.4
1158.4
1145.6
1273.6
1292.8
1184.0
1203.2
1158.4
1171.2
1260.8
1184.0
1222.4
1184.0
1145.6
1228.8
1190.4
1177.6
1171.2
1216.0
1248.0
1209.6
1152.0
1145.6
1145.6
1241.6
1196.8
1152.0
1152.0
1158.4
1216.0
1177.6
1171.2
1190.4
1152.0
1228.8
1216.0
1152.0
1152.0
1164.8
1267.2
1196.8
1152.0
1158.4
1235.2
1177.6
1260.8
1184.0
1158.4
1164.8
1184.0
1235.2
1184.0
1196.8
1171.2
1209.6
1209.6
1260.8
1196.8
1139.2
1171.2
1241.6
1209.6
1145.6
1164.8
1177.6
1203.2
1196.8
1158.4
1132.8
1177.6
1222.4
1152.0
1184.0
1164.8
1152.0
1260.8
1222.4
1132.8
1139.2
1132.8
1318.4
1145.6
1158.4
1145.6
1152.0
1273.6
1228.8
1158.4
1177.6
1139.2
1241.6
1337.6
1158.4
1164.8
1145.6
1254.4
1331.2
1177.6
1203.2
1152.0
1254.4
1280.0
1177.6
1164.8
1139.2
1158.4
1331.2
1132.8
1209.6
1158.4
1203.2
1356.8
1139.2
1248.0
1158.4
1139.2
1382.4
1190.4
1209.6
1126.4
1171.2
1312.0
1158.4
1190.4
1126.4
1152.0
1254.4
1152.0
1196.8
1164.8
1184.0
1203.2
1164.8
1132.8
1152.0
1171.2
1203.2
1158.4
1209.6
1171.2
1158.4
1145.6
1126.4
1260.8
1158.4
1171.2
1152.0
1184.0
1222.4
1177.6
1139.2
1177.6
1273.6
1216.0
1139.2
1139.2
1184.0
1164.8
1216.0
1177.6
1132.8
1139.2
1248.0
1337.6
1152.0
1177.6
768.0
806.4
921.6000000000001
742.4
793.6
723.2
844.8000000000001
1062.4
742.4
780.8
729.6
800.0
1062.4
755.2
774.4
716.8
755.2
1004.8
742.4
838.4000000000001
761.6
723.2
915.2
876.7999999999998
806.4
787.2
716.8
774.4
851.2
729.6
851.2
729.6
774.4
1024.0
812.8
844.8000000000001
825.6
761.6
902.3999999999999
857.6
748.8
806.4
742.4
761.6
908.8
812.8
851.2
736.0
768.0
921.6000000000001
742.4
800.0
723.2
800.0
844.8000000000001
768.0
742.4
748.8
716.8
812.8
793.6
710.4
755.2
768.0
742.4
870.4000000000001
736.0
736.0
736.0
742.4
902.3999999999999
819.2
761.6
812.8
729.6
889.6000000000001
806.4
723.2
768.0
780.8
838.4000000000001
915.2
787.2
979.1999999999999
716.8
806.4
876.7999999999998
736.0
1004.8
748.8
736.0
870.4000000000001
761.6
774.4
704.0
729.6
832.0
806.4
774.4
755.2
761.6
819.2
851.2
806.4
774.4
736.0
748.8
851.2
742.4
768.0
761.6
716.8
908.8
774.4
768.0
780.8
716.8
832.0
761.6
716.8
780.8
768.0
768.0
768.0
729.6
812.8
800.0
748.8
755.2
774.4
755.2
927.9999999999999
889.6000000000001
883.2
972.8
768.0
793.6
768.0
793.6
921.6000000000001
768.0
806.4
755.2
851.2
710.4
742.4
748.8
736.0
761.6
723.2
716.8
755.2
812.8
774.4
768.0
723.2
729.6
710.4
761.6
723.2
736.0
704.0
729.6
787.2
723.2
697.6
780.8
736.0
716.8
704.0
716.8
729.6
716.8
716.8
672.0
704.0
768.0
710.4
742.4
691.2
697.6
736.0
723.2
659.2
704.0
736.0
672.0
748.8
710.4
729.6
723.2
710.4
748.8
704.0
678.4
0.0
0.0
0.0
0.0
0.0
0.0
0.0
0.0
0.0
0.0
0.0
0.0
0.0
0.0
0.0
0.0
0.0
0.0
0.0
0.0
0.0
0.0
0.0
0.0
0.0
0.0
0.0
0.0
0.0
0.0
0.0
0.0
0.0
0.0
0.0
0.0
0.0
0.0
0.0
0.0
0.0
0.0
0.0
0.0
0.0
0.0
0.0
0.0
0.0
0.0
0.0
0.0
0.0
0.0
0.0
0.0
0.0
0.0
0.0
0.0
0.0
0.0
0.0
0.0
0.0
0.0
0.0
0.0
0.0
0.0
0.0
0.0
0.0
0.0
0.0
0.0
0.0
0.0
0.0
0.0
0.0
0.0
0.0
0.0
0.0
0.0
0.0
0.0
0.0
0.0
0.0
0.0
0.0
0.0
0.0
0.0
0.0
0.0
0.0
0.0
0.0
0.0
0.0
0.0
0.0
0.0
0.0
0.0
0.0
0.0
0.0
0.0
0.0
0.0
0.0
0.0
0.0
0.0
0.0
0.0
0.0
0.0
0.0
0.0
0.0
0.0
0.0
0.0
0.0
0.0
0.0
0.0
0.0
0.0
0.0
0.0
0.0
0.0
0.0
0.0
0.0
0.0
0.0
0.0
0.0
0.0
0.0
0.0
0.0
0.0
0.0
0.0
0.0
0.0
0.0
0.0
0.0
0.0
0.0
0.0
0.0
0.0
0.0
0.0
0.0
0.0
0.0
0.0
0.0
0.0
0.0
0.0
0.0
0.0
0.0
0.0
0.0
0.0
0.0
0.0
0.0
0.0
0.0
0.0
0.0
0.0
0.0
0.0
0.0
0.0
0.0
0.0
0.0
0.0
0.0
0.0
0.0
0.0
0.0
0.0
0.0
