1075.2
697.6
723.2
908.8
755.2
864.0
787.2
755.2
864.0
755.2
755.2
716.8
716.8
838.4000000000001
851.2
761.6
742.4
761.6
902.3999999999999
1139.2
1075.2
1068.8
1024.0
1145.6
1139.2
1139.2
1056.0
1049.6
1139.2
1152.0
1049.6
1081.6
1075.2
1171.2
1222.4
1075.2
1120.0
1062.4
1171.2
1228.8
1107.2
1088.0
1068.8
1120.0
1280.0
1120.0
1113.6
1088.0
1113.6
1273.6
1075.2
1107.2
1075.2
1139.2
1235.2
1094.4
1081.6
1107.2
1132.8
1235.2
1088.0
1145.6
1132.8
1120.0
1158.4
1068.8
1081.6
1075.2
1145.6
1190.4
1068.8
1113.6
1126.4
1113.6
1145.6
1081.6
1075.2
1107.2
1100.8
1120.0
1056.0
1081.6
1132.8
1062.4
1145.6
1056.0
1100.8
1132.8
1081.6
1113.6
1081.6
1094.4
1126.4
1107.2
1075.2
1068.8
1081.6
1184.0
1062.4
1081.6
1081.6
1145.6
1132.8
1068.8
1081.6
1075.2
1094.4
1100.8
1056.0
1068.8
1081.6
1184.0
1222.4
1081.6
1081.6
1075.2
1107.2
1120.0
1075.2
1075.2
1068.8
1331.2
1100.8
1068.8
1068.8
1056.0
1196.8
1145.6
1062.4
1081.6
1062.4
1145.6
1062.4
1036.8
1075.2
1036.8
1113.6
1139.2
1088.0
1068.8
1120.0
1120.0
1075.2
1075.2
1088.0
1088.0
1120.0
1081.6
1107.2
1068.8
1062.4
1152.0
1107.2
1088.0
1036.8
1068.8
1203.2
1126.4
1094.4
1049.6
1056.0
1273.6
1068.8
1126.4
1068.8
1100.8
1152.0
1145.6
1100.8
1056.0
1094.4
1158.4
1126.4
1088.0
1068.8
1062.4
1049.6
1094.4
1164.8
1094.4
1113.6
1107.2
1107.2
1177.6
1062.4
1139.2
1177.6
1081.6
1177.6
1056.0
1081.6
1158.4
1068.8
1164.8
1107.2
1094.4
1068.8
1056.0
1145.6
1081.6
1011.2
1088.0
1062.4
1062.4
1164.8
1094.4
1094.4
1113.6
1056.0
1164.8
1056.0
1171.2
1049.6
1100.8
1139.2
1094.4
1120.0
1075.2
1075.2
1171.2
1145.6
1273.6
1068.8
1088.0
1145.6
1107.2
1420.8
1068.8
1081.6
1088.0
1081.6
1408.0
1094.4
1113.6
1088.0
1120.0
1273.6
1113.6
1036.8
1081.6
1158.4
1222.4
1062.4
1088.0
1068.8
1113.6
1107.2
1100.8
1075.2
1068.8
1081.6
1120.0
1017.6
1094.4
1094.4
1107.2
1100.8
1107.2
1107.2
1088.0
1132.8
1062.4
1100.8
1126.4
1049.6
1120.0
1081.6
1075.2
1299.2
1100.8
1107.2
1139.2
1043.2
1228.8
1088.0
1107.2
1107.2
1081.6
1235.2
1081.6
1075.2
1062.4
1056.0
1068.8
1113.6
1075.2
1088.0
1145.6
1068.8
1113.6
1081.6
1062.4
1081.6
1068.8
1056.0
1139.2
1081.6
1120.0
1088.0
1088.0
1222.4
1004.8
992.0
979.1999999999999
780.8
1004.8
736.0
960.0
908.8
889.6000000000001
934.4
768.0
1145.6
876.7999999999998
800.0
832.0
748.8
761.6
793.6
761.6
787.2
704.0
800.0
742.4
838.4000000000001
780.8
729.6
748.8
742.4
787.2
832.0
748.8
787.2
742.4
723.2
812.8
742.4
742.4
716.8
761.6
832.0
761.6
793.6
736.0
716.8
851.2
780.8
908.8
748.8
742.4
780.8
736.0
1030.4
748.8
755.2
780.8
800.0
953.5999999999999
768.0
768.0
755.2
742.4
883.2
729.6
787.2
736.0
736.0
825.6
742.4
806.4
716.8
755.2
755.2
787.2
800.0
755.2
800.0
729.6
748.8
889.6000000000001
742.4
736.0
736.0
793.6
908.8
748.8
761.6
742.4
748.8
940.8
774.4
800.0
755.2
800.0
806.4
723.2
748.8
761.6
787.2
812.8
755.2
736.0
716.8
729.6
729.6
870.4000000000001
780.8
761.6
787.2
806.4
1107.2
742.4
806.4
800.0
748.8
844.8000000000001
825.6
761.6
768.0
793.6
780.8
876.7999999999998
787.2
819.2
780.8
780.8
864.0
761.6
832.0
787.2
755.2
844.8000000000001
704.0
812.8
838.4000000000001
755.2
825.6
704.0
761.6
761.6
742.4
851.2
742.4
774.4
755.2
729.6
825.6
761.6
723.2
761.6
787.2
780.8
742.4
755.2
729.6
748.8
729.6
761.6
768.0
774.4
736.0
716.8
716.8
800.0
736.0
819.2
748.8
716.8
947.2000000000002
761.6
793.6
748.8
748.8
915.2
729.6
761.6
742.4
755.2
838.4000000000001
748.8
748.8
761.6
748.8
742.4
723.2
748.8
736.0
704.0
972.8
710.4
774.4
768.0
729.6
844.8000000000001
736.0
748.8
768.0
729.6
819.2
736.0
736.0
793.6
729.6
793.6
774.4
742.4
710.4
787.2
915.2
729.6
729.6
742.4
768.0
761.6
729.6
780.8
761.6
761.6
716.8
704.0
870.4000000000001
748.8
768.0
768.0
774.4
812.8
736.0
755.2
761.6
723.2
908.8
729.6
742.4
704.0
736.0
960.0
684.8
736.0
768.0
710.4
857.6
755.2
780.8
704.0
755.2
876.7999999999998
761.6
672.0
723.2
691.2
736.0
761.6
697.6
736.0
729.6
716.8
780.8
748.8
768.0
793.6
755.2
768.0
787.2
761.6
793.6
736.0
768.0
915.2
723.2
742.4
710.4
755.2
985.6
723.2
768.0
716.8
742.4
915.2
742.4
742.4
704.0
723.2
844.8000000000001
748.8
716.8
768.0
723.2
812.8
697.6
704.0
723.2
729.6
710.4
748.8
729.6
748.8
806.4
704.0
710.4
774.4
748.8
857.6
723.2
710.4
1004.8
710.4
838.4000000000001
716.8
704.0
1036.8
742.4
742.4
684.8
704.0
934.4
716.8
768.0
736.0
755.2
844.8000000000001
723.2
704.0
736.0
736.0
812.8
697.6
710.4
748.8
697.6
704.0
678.4
704.0
768.0
723.2
710.4
716.8
844.8000000000001
742.4
736.0
697.6
716.8
838.4000000000001
742.4
787.2
691.2
729.6
908.8
736.0
748.8
691.2
716.8
1030.4
678.4
748.8
697.6
704.0
896.0000000000001
729.6
755.2
729.6
710.4
748.8
729.6
742.4
710.4
787.2
800.0
800.0
678.4
748.8
857.6
704.0
793.6
780.8
710.4
755.2
723.2
787.2
825.6
755.2
825.6
659.2
787.2
915.2
704.0
761.6
736.0
697.6
870.4000000000001
723.2
716.8
729.6
691.2
838.4000000000001
729.6
742.4
710.4
710.4
755.2
761.6
