1235.2
1139.2
972.8
1516.8
985.6
800.0
972.8
1068.8
1062.4
812.8
979.1999999999999
857.6
774.4
1164.8
2508.8
2496.0
2668.8
2553.6
2502.4
2566.4
2643.2
2604.8
2611.2
2662.4
2643.2
2822.4
2617.6
2636.8
2636.8
2771.2
2924.8
2700.8
2758.4
2668.8
2688.0
2726.4
2732.8
2604.8
2700.8
2752.0
2585.6
2630.4
2688.0
2604.8
2675.2
2598.4
2624.0
2700.8
2688.0
2643.2
2611.2
2803.2
2700.8
2553.6
2534.4
2668.8
2604.8
2694.4
2572.8
2592.0
2515.2
2636.8
2508.8
2649.6
2713.6
2611.2
2585.6
2528.0
2745.6
2649.6
2681.6
2470.4
2547.2
2592.0
2681.6
2560.0
2547.2
2720.0
2502.4
2617.6
2528.0
2681.6
2502.4
2694.4
2528.0
2534.4
2476.8
2668.8
2579.2
2521.6
2739.2
2483.2
2624.0
2592.0
2624.0
2630.4
2681.6
2470.4
2534.4
2547.2
2515.2
2604.8
2592.0
2604.8
2502.4
2611.2
2528.0
2784.0
2694.4
2547.2
2566.4
2515.2
2579.2
2534.4
2643.2
2496.0
2528.0
2598.4
2700.8
2508.8
2649.6
2675.2
2611.2
2585.6
2521.6
2624.0
2534.4
2566.4
2483.2
2604.8
2470.4
2566.4
2476.8
2604.8
2630.4
2643.2
2732.8
2528.0
2617.6
2694.4
2726.4
2515.2
2464.0
2483.2
2643.2
2496.0
2496.0
2688.0
2585.6
2560.0
2515.2
2604.8
2560.0
2617.6
2483.2
2508.8
2540.8
2515.2
2489.6
2489.6
2662.4
2521.6
2483.2
2476.8
2515.2
2476.8
2489.6
2515.2
2496.0
2515.2
2476.8
2476.8
2483.2
2643.2
2483.2
2521.6
2489.6
2470.4
2521.6
2540.8
2521.6
2489.6
2489.6
2457.6
2451.2
2502.4
2611.2
2694.4
2617.6
2476.8
2624.0
2681.6
2566.4
2611.2
2496.0
2752.0
2560.0
2540.8
2483.2
2528.0
2560.0
2624.0
2534.4
2489.6
2694.4
2643.2
2688.0
2483.2
2713.6
2457.6
2502.4
2496.0
2579.2
2592.0
2688.0
2515.2
2483.2
2822.4
2764.8
2745.6
2464.0
2611.2
2534.4
2483.2
2483.2
2451.2
2720.0
2617.6
2451.2
2476.8
2649.6
2592.0
2566.4
2476.8
2534.4
2560.0
2611.2
2547.2
2508.8
2739.2
2547.2
2528.0
2489.6
2521.6
2572.8
2515.2
2476.8
2470.4
2508.8
2534.4
2521.6
2515.2
2457.6
2476.8
2489.6
2464.0
2502.4
2528.0
2502.4
2444.8
2476.8
2489.6
2643.2
2476.8
2502.4
2483.2
2528.0
2502.4
2560.0
2457.6
2483.2
2476.8
2496.0
2508.8
2489.6
2528.0
2476.8
2502.4
2515.2
2713.6
2688.0
2624.0
2464.0
2508.8
2483.2
2489.6
2598.4
2470.4
2502.4
2489.6
2483.2
2496.0
2476.8
2572.8
2521.6
2470.4
2438.4
2476.8
2553.6
2534.4
2470.4
2470.4
2412.8
2464.0
2489.6
2368.0
2368.0
2387.2
2412.8
2393.6
2400.0
2496.0
2438.4
2412.8
2368.0
2406.4
2553.6
2438.4
2400.0
2438.4
2406.4
2502.4
2432.0
2412.8
2380.8
2368.0
2387.2
2342.4
2406.4
2406.4
2361.6
2387.2
2406.4
2534.4
2553.6
2540.8
2412.8
2425.6
2380.8
2406.4
2432.0
2432.0
2400.0
2419.2
2438.4
2406.4
2393.6
2425.6
2470.4
2451.2
2387.2
2483.2
2457.6
2419.2
2387.2
2470.4
2444.8
2483.2
2598.4
2432.0
2400.0
2387.2
2393.6
2438.4
2540.8
2483.2
2380.8
2368.0
2400.0
2540.8
2585.6
2547.2
2348.8
2387.2
2393.6
2566.4
2502.4
2444.8
2361.6
2438.4
2521.6
2496.0
2483.2
2528.0
2412.8
2380.8
2432.0
2489.6
2598.4
2438.4
2393.6
2489.6
2406.4
2604.8
2598.4
2406.4
2444.8
2419.2
2521.6
2508.8
2604.8
2553.6
2457.6
2483.2
2412.8
2451.2
2451.2
2419.2
2470.4
2425.6
2457.6
2566.4
2566.4
2412.8
2528.0
2432.0
2579.2
2572.8
2694.4
2387.2
2425.6
2457.6
2432.0
2752.0
2508.8
2534.4
2457.6
2521.6
2470.4
2700.8
2604.8
2425.6
2425.6
1414.4
927.9999999999999
640.0
396.8
435.20000000000005
390.4
428.8
416.0
377.6
563.2
422.40000000000003
390.4
403.2
409.6
672.0
473.6000000000001
409.6
448.00000000000006
403.2
544.0
396.8
358.4
416.0
396.8
448.00000000000006
409.6
403.2
544.0
409.6
460.80000000000007
448.00000000000006
384.0
505.6
428.8
409.6
390.4
480.0
499.2
422.40000000000003
358.4
371.2
339.2
396.8
416.0
358.4
512.0
352.0
371.2
358.4
371.2
569.6
390.4
364.8
358.4
403.2
454.4
416.0
390.4
345.6
339.2
364.8
403.2
352.0
377.6
339.2
345.6
352.0
352.0
339.2
352.0
358.4
332.8
352.0
339.2
339.2
345.6
326.4
326.4
364.8
390.4
345.6
339.2
377.6
339.2
339.2
345.6
345.6
364.8
352.0
326.4
332.8
332.8
339.2
339.2
339.2
358.4
352.0
352.0
339.2
326.4
339.2
345.6
339.2
339.2
358.4
332.8
345.6
345.6
345.6
326.4
332.8
358.4
345.6
352.0
403.2
345.6
192.0
371.2
345.6
339.2
345.6
339.2
435.20000000000005
358.4
0.0
0.0
0.0
0.0
0.0
0.0
0.0
0.0
0.0
0.0
0.0
0.0
0.0
0.0
0.0
0.0
0.0
0.0
0.0
0.0
0.0
0.0
0.0
0.0
0.0
0.0
0.0
0.0
0.0
0.0
0.0
0.0
0.0
0.0
0.0
0.0
0.0
0.0
0.0
0.0
0.0
0.0
0.0
0.0
0.0
0.0
0.0
0.0
0.0
0.0
0.0
0.0
0.0
0.0
0.0
0.0
0.0
0.0
0.0
0.0
0.0
0.0
0.0
0.0
0.0
0.0
0.0
0.0
0.0
0.0
0.0
0.0
0.0
0.0
0.0
0.0
0.0
0.0
0.0
0.0
0.0
0.0
0.0
0.0
0.0
0.0
0.0
0.0
0.0
0.0
0.0
0.0
0.0
0.0
0.0
0.0
0.0
0.0
0.0
0.0
0.0
0.0
0.0
0.0
0.0
0.0
0.0
0.0
0.0
0.0
0.0
0.0
0.0
0.0
0.0
0.0
0.0
0.0
0.0
0.0
0.0
0.0
0.0
0.0
0.0
0.0
0.0
0.0
0.0
0.0
0.0
0.0
0.0
0.0
0.0
0.0
0.0
0.0
0.0
0.0
0.0
0.0
0.0
