1062.4
742.4
729.6
851.2
787.2
812.8
748.8
736.0
812.8
793.6
806.4
729.6
716.8
838.4000000000001
800.0
819.2
1107.2
787.2
870.4000000000001
857.6
1043.2
1062.4
1049.6
1139.2
1062.4
1030.4
1094.4
1081.6
1184.0
1248.0
1107.2
1075.2
1100.8
1094.4
1350.4
1056.0
1120.0
1094.4
1164.8
1222.4
1145.6
1094.4
1056.0
1190.4
1292.8
1113.6
1094.4
1068.8
1145.6
1241.6
1107.2
1132.8
1049.6
1177.6
1216.0
1139.2
1094.4
1107.2
1190.4
1177.6
1094.4
1081.6
1120.0
1171.2
1164.8
1120.0
1094.4
1075.2
1100.8
1171.2
1120.0
1139.2
1062.4
1152.0
1228.8
1120.0
1088.0
1094.4
1171.2
1184.0
1100.8
1126.4
1088.0
1126.4
1273.6
1081.6
1088.0
1113.6
1158.4
1235.2
1088.0
1100.8
1081.6
1171.2
1209.6
1081.6
1113.6
1107.2
1184.0
1216.0
1088.0
1107.2
1081.6
1139.2
1209.6
1126.4
1094.4
1120.0
1132.8
1196.8
1120.0
1088.0
1075.2
1241.6
1190.4
1126.4
1113.6
1120.0
1216.0
1203.2
1081.6
1049.6
1196.8
1145.6
1094.4
1081.6
1107.2
1081.6
1158.4
1196.8
1113.6
1126.4
1107.2
1177.6
1177.6
1107.2
1081.6
1120.0
1126.4
1094.4
1081.6
1113.6
1113.6
1177.6
1152.0
1081.6
1126.4
1120.0
1158.4
1196.8
1120.0
1132.8
1113.6
1177.6
1152.0
1113.6
1190.4
1094.4
1145.6
1267.2
1107.2
1088.0
1081.6
1152.0
1222.4
1088.0
1088.0
1056.0
1152.0
1254.4
1113.6
1081.6
1094.4
1152.0
1235.2
1100.8
1107.2
1094.4
1107.2
1222.4
1081.6
1113.6
1056.0
1113.6
1241.6
1107.2
1145.6
1088.0
1081.6
1312.0
1094.4
1126.4
1062.4
1113.6
1312.0
1075.2
1203.2
1088.0
1094.4
1337.6
1081.6
1190.4
1062.4
1081.6
1273.6
1068.8
1216.0
1094.4
1100.8
1209.6
1081.6
1126.4
1075.2
1158.4
1113.6
1081.6
1145.6
1113.6
1081.6
1100.8
1081.6
1177.6
1107.2
1107.2
1088.0
1107.2
1228.8
1088.0
1107.2
1075.2
1094.4
1139.2
1088.0
1100.8
1100.8
1100.8
1267.2
1081.6
1139.2
1107.2
1075.2
1177.6
1100.8
1100.8
1088.0
1094.4
1068.8
1088.0
1120.0
1113.6
1120.0
1152.0
1075.2
1164.8
1132.8
1139.2
1107.2
1094.4
1248.0
1145.6
1190.4
1152.0
1107.2
1152.0
1126.4
1126.4
1113.6
1107.2
1164.8
1158.4
1145.6
1113.6
1088.0
1075.2
1100.8
1152.0
1100.8
1100.8
1075.2
1177.6
1171.2
1113.6
1107.2
1088.0
1145.6
1248.0
1113.6
1081.6
1139.2
1139.2
1177.6
1094.4
1062.4
1120.0
1145.6
1164.8
1094.4
1075.2
1132.8
1120.0
1107.2
1049.6
1043.2
1062.4
1068.8
1113.6
1056.0
851.2
729.6
761.6
844.8000000000001
736.0
716.8
768.0
716.8
812.8
710.4
704.0
851.2
761.6
723.2
704.0
729.6
780.8
716.8
748.8
742.4
793.6
761.6
780.8
755.2
748.8
800.0
710.4
780.8
748.8
710.4
806.4
691.2
748.8
761.6
761.6
883.2
710.4
736.0
742.4
729.6
947.2000000000002
729.6
748.8
742.4
736.0
1017.6
793.6
755.2
761.6
736.0
774.4
780.8
742.4
800.0
704.0
704.0
742.4
723.2
729.6
761.6
838.4000000000001
857.6
768.0
787.2
748.8
780.8
716.8
755.2
755.2
691.2
793.6
723.2
806.4
768.0
748.8
774.4
710.4
819.2
748.8
800.0
742.4
736.0
844.8000000000001
704.0
716.8
729.6
704.0
768.0
774.4
755.2
755.2
697.6
723.2
723.2
870.4000000000001
761.6
742.4
736.0
742.4
825.6
768.0
697.6
800.0
761.6
780.8
716.8
710.4
768.0
748.8
768.0
729.6
729.6
742.4
748.8
844.8000000000001
780.8
742.4
716.8
729.6
793.6
736.0
748.8
748.8
710.4
819.2
742.4
857.6
768.0
748.8
780.8
742.4
800.0
742.4
723.2
755.2
716.8
832.0
723.2
825.6
755.2
748.8
742.4
723.2
723.2
742.4
710.4
806.4
761.6
742.4
684.8
704.0
1062.4
736.0
710.4
748.8
697.6
972.8
729.6
716.8
729.6
691.2
915.2
723.2
646.4
729.6
704.0
723.2
697.6
729.6
780.8
748.8
678.4
729.6
710.4
729.6
697.6
646.4
646.4
768.0
697.6
684.8
710.4
697.6
819.2
684.8
710.4
723.2
646.4
908.8
716.8
710.4
684.8
748.8
832.0
736.0
716.8
704.0
697.6
736.0
742.4
736.0
716.8
729.6
774.4
729.6
678.4
748.8
716.8
710.4
806.4
704.0
704.0
691.2
691.2
748.8
736.0
716.8
710.4
710.4
761.6
864.0
665.6
716.8
729.6
672.0
812.8
0.0
0.0
0.0
0.0
0.0
0.0
0.0
0.0
0.0
0.0
0.0
0.0
0.0
0.0
0.0
0.0
0.0
0.0
0.0
0.0
0.0
0.0
0.0
0.0
0.0
0.0
0.0
0.0
0.0
0.0
0.0
0.0
0.0
0.0
0.0
0.0
0.0
0.0
0.0
0.0
0.0
0.0
0.0
0.0
0.0
0.0
0.0
0.0
0.0
0.0
0.0
0.0
0.0
0.0
0.0
0.0
0.0
0.0
0.0
0.0
0.0
0.0
0.0
0.0
0.0
0.0
0.0
0.0
0.0
0.0
0.0
0.0
0.0
0.0
0.0
0.0
0.0
0.0
0.0
0.0
0.0
0.0
0.0
0.0
0.0
0.0
0.0
0.0
0.0
0.0
0.0
0.0
0.0
0.0
0.0
0.0
0.0
0.0
0.0
0.0
0.0
0.0
0.0
0.0
0.0
0.0
0.0
0.0
0.0
0.0
0.0
0.0
0.0
0.0
0.0
0.0
0.0
0.0
0.0
0.0
0.0
0.0
0.0
0.0
0.0
0.0
0.0
0.0
0.0
0.0
0.0
0.0
0.0
0.0
0.0
0.0
0.0
0.0
0.0
0.0
0.0
0.0
0.0
0.0
0.0
0.0
0.0
0.0
0.0
0.0
0.0
0.0
0.0
0.0
0.0
0.0
0.0
0.0
0.0
0.0
0.0
0.0
0.0
0.0
0.0
0.0
0.0
