1862.4000000000003
857.6
1388.8
614.4
672.0
518.4
704.0
992.0
883.2
723.2
505.6
2515.2
2720.0
2547.2
2508.8
2470.4
2560.0
2515.2
2521.6
2528.0
2880.0
2572.8
2681.6
2534.4
2598.4
2694.4
2598.4
2617.6
2572.8
2572.8
2598.4
2553.6
2566.4
2771.2
2540.8
2681.6
2656.0
2828.8
2560.0
2713.6
2771.2
2828.8
2713.6
2649.6
2662.4
2822.4
2700.8
2675.2
2681.6
2739.2
2624.0
2649.6
2675.2
2649.6
2828.8
2585.6
2726.4
2592.0
2534.4
2560.0
2496.0
3679.9999999999995
2982.4
2688.0
2566.4
2624.0
2732.8
2662.4
2592.0
2707.2
2835.2
2560.0
2764.8
2534.4
2656.0
2675.2
2624.0
2598.4
2969.6
2771.2
2803.2
2771.2
2796.8
2867.2
2790.4
2707.2
2617.6
2739.2
2553.6
2547.2
2566.4
2720.0
2579.2
2566.4
2521.6
2611.2
2579.2
2604.8
2579.2
2918.4
2937.6
2809.6
2771.2
2777.6
2912.0
2790.4
2828.8
2732.8
2771.2
2860.8
2880.0
2796.8
3244.8
2809.6
2777.6
2835.2
2828.8
2924.8
2803.2
2835.2
2880.0
2809.6
2771.2
2611.2
2585.6
2688.0
2713.6
2572.8
2566.4
2649.6
2598.4
2707.2
2496.0
2617.6
2598.4
2604.8
2476.8
2502.4
2688.0
2707.2
2515.2
2502.4
2547.2
2566.4
2688.0
2547.2
2636.8
2521.6
2496.0
2515.2
2521.6
2854.4
2540.8
2560.0
2860.8
2803.2
2860.8
2822.4
2816.0
2912.0
2803.2
2828.8
2758.4
2860.8
2867.2
2848.0
2828.8
2969.6
2848.0
2816.0
2880.0
2803.2
2969.6
3033.6
2796.8
2828.8
2675.2
2688.0
2624.0
2534.4
2803.2
2508.8
2566.4
2547.2
2508.8
2496.0
2560.0
2508.8
2643.2
2643.2
2515.2
2547.2
2598.4
2720.0
2579.2
2809.6
2841.6
2918.4
2630.4
2553.6
2579.2
2675.2
2521.6
2521.6
2572.8
2931.2
3059.2
2758.4
2771.2
2739.2
2854.4
2848.0
2803.2
2777.6
3104.0
2764.8
2828.8
2681.6
2585.6
2592.0
2598.4
2579.2
2598.4
2726.4
2515.2
2656.0
2528.0
2758.4
2521.6
2521.6
2617.6
2656.0
2745.6
2528.0
2547.2
2566.4
2560.0
2675.2
2656.0
2656.0
2732.8
3980.8
2700.8
2771.2
2681.6
2688.0
2720.0
2694.4
2854.4
2643.2
2630.4
2662.4
2553.6
2803.2
2617.6
2579.2
2604.8
2598.4
2656.0
2656.0
2585.6
2828.8
2630.4
2854.4
2732.8
2918.4
2771.2
2860.8
2732.8
2956.8
2656.0
2611.2
2540.8
2528.0
2604.8
2592.0
2668.8
2643.2
2540.8
2534.4
2624.0
2528.0
3110.4
2803.2
2848.0
2809.6
2835.2
2835.2
2816.0
2803.2
2739.2
2617.6
2681.6
2675.2
2700.8
2816.0
2662.4
2681.6
2656.0
2764.8
2816.0
2617.6
2668.8
2643.2
2796.8
2630.4
2617.6
2617.6
2816.0
2688.0
2656.0
2675.2
2656.0
2835.2
2656.0
2656.0
2604.8
2643.2
2636.8
2745.6
2624.0
2860.8
2617.6
2649.6
2713.6
2649.6
2899.2
2624.0
2572.8
2604.8
2681.6
2483.2
2598.4
2643.2
2752.0
2656.0
2656.0
2630.4
2617.6
2764.8
2585.6
2572.8
2688.0
2675.2
2636.8
2720.0
2566.4
2694.4
2713.6
2560.0
2656.0
2598.4
2796.8
2560.0
2585.6
2611.2
2572.8
2643.2
2649.6
2617.6
2636.8
2732.8
2649.6
2662.4
2643.2
2873.6
2675.2
2604.8
2636.8
2592.0
2886.4
2566.4
2611.2
2656.0
2745.6
2675.2
2604.8
2630.4
2636.8
2611.2
2604.8
2624.0
2611.2
2796.8
2566.4
2611.2
2560.0
2694.4
2790.4
2662.4
2540.8
2636.8
2668.8
2604.8
2553.6
2656.0
2828.8
2649.6
2572.8
2604.8
2707.2
2835.2
2636.8
2764.8
2675.2
2675.2
2732.8
2662.4
2560.0
2688.0
2598.4
2592.0
2540.8
2572.8
3033.6
2611.2
2598.4
2585.6
2662.4
2841.6
2745.6
2585.6
2419.2
2540.8
2528.0
2470.4
614.4
883.2
646.4
691.2
697.6
704.0
755.2
601.6
684.8
665.6
844.8000000000001
652.8
652.8
640.0
780.8
684.8
640.0
601.6
633.6
819.2
627.2
704.0
614.4
627.2
614.4
620.8
608.0
723.2
614.4
614.4
627.2
652.8
1056.0
633.6
627.2
620.8
646.4
774.4
595.2
652.8
640.0
595.2
608.0
652.8
601.6
800.0
652.8
243.2
294.4
332.8
364.8
608.0
313.6
332.8
339.2
332.8
332.8
204.8
358.4
422.40000000000003
339.2
384.0
352.0
339.2
0.0
0.0
0.0
0.0
0.0
0.0
0.0
0.0
0.0
0.0
0.0
0.0
0.0
0.0
0.0
0.0
0.0
0.0
0.0
0.0
0.0
0.0
0.0
0.0
0.0
0.0
0.0
0.0
0.0
0.0
0.0
0.0
0.0
0.0
0.0
0.0
0.0
0.0
0.0
0.0
0.0
0.0
0.0
0.0
0.0
0.0
0.0
0.0
0.0
0.0
0.0
0.0
0.0
0.0
0.0
0.0
0.0
0.0
0.0
0.0
0.0
0.0
0.0
0.0
0.0
0.0
0.0
0.0
0.0
0.0
0.0
0.0
0.0
0.0
0.0
0.0
0.0
0.0
0.0
0.0
0.0
0.0
0.0
0.0
0.0
0.0
0.0
0.0
0.0
0.0
0.0
0.0
0.0
0.0
0.0
0.0
0.0
0.0
0.0
0.0
0.0
0.0
0.0
0.0
0.0
0.0
0.0
0.0
0.0
0.0
0.0
0.0
0.0
0.0
0.0
0.0
0.0
0.0
0.0
0.0
0.0
0.0
0.0
0.0
0.0
0.0
0.0
0.0
0.0
0.0
0.0
0.0
0.0
0.0
0.0
0.0
0.0
0.0
0.0
0.0
0.0
0.0
0.0
0.0
0.0
0.0
0.0
0.0
0.0
0.0
0.0
0.0
0.0
0.0
0.0
0.0
0.0
0.0
0.0
0.0
0.0
0.0
0.0
0.0
0.0
0.0
0.0
0.0
0.0
0.0
0.0
0.0
0.0
0.0
0.0
0.0
0.0
0.0
0.0
0.0
0.0
0.0
0.0
0.0
0.0
0.0
0.0
0.0
0.0
0.0
0.0
0.0
0.0
0.0
0.0
0.0
0.0
0.0
0.0
0.0
0.0
0.0
0.0
0.0
0.0
0.0
0.0
0.0
0.0
0.0
