1075.2
755.2
748.8
857.6
870.4000000000001
768.0
787.2
736.0
870.4000000000001
832.0
812.8
787.2
761.6
896.0000000000001
812.8
780.8
1081.6
1043.2
1152.0
1088.0
1132.8
1100.8
1113.6
1177.6
1184.0
1126.4
1113.6
1075.2
1222.4
1184.0
1120.0
1094.4
1113.6
1171.2
1184.0
1113.6
1100.8
1171.2
1177.6
1203.2
1139.2
1120.0
1081.6
1190.4
1216.0
1107.2
1088.0
1094.4
1209.6
1145.6
1139.2
1088.0
1132.8
1164.8
1196.8
1126.4
1075.2
1164.8
1171.2
1184.0
1107.2
1094.4
1171.2
1177.6
1203.2
1094.4
1094.4
1177.6
1184.0
1209.6
1126.4
1107.2
1126.4
1196.8
1209.6
1145.6
1081.6
1203.2
1158.4
1120.0
1107.2
1088.0
1196.8
1196.8
1196.8
1107.2
1132.8
1158.4
1158.4
1228.8
1088.0
1107.2
1094.4
1152.0
1312.0
1068.8
1107.2
1100.8
1196.8
1248.0
1113.6
1126.4
1209.6
1190.4
1235.2
1126.4
1126.4
1094.4
1177.6
1260.8
1145.6
1120.0
1132.8
1222.4
1299.2
1139.2
1094.4
1088.0
1152.0
1267.2
1094.4
1107.2
1100.8
1152.0
1248.0
1120.0
1139.2
1120.0
1177.6
1241.6
1120.0
1126.4
1094.4
1190.4
1331.2
1107.2
1126.4
1132.8
1164.8
1350.4
1100.8
1120.0
1120.0
1171.2
1324.8
1075.2
1120.0
1107.2
1152.0
1337.6
1100.8
1139.2
1139.2
1152.0
1337.6
1075.2
1139.2
1100.8
1184.0
1350.4
1107.2
1158.4
1081.6
1158.4
1292.8
1088.0
1100.8
1100.8
1113.6
1344.0
1081.6
1107.2
1132.8
1132.8
1324.8
1081.6
1139.2
1132.8
1126.4
1312.0
1062.4
1107.2
1145.6
1107.2
1318.4
1075.2
1120.0
1139.2
1126.4
1280.0
1113.6
1152.0
1190.4
1107.2
1260.8
1094.4
1126.4
1132.8
1075.2
1177.6
1094.4
1120.0
1120.0
1113.6
1152.0
1081.6
1126.4
1120.0
1075.2
1152.0
1100.8
1113.6
1139.2
1094.4
1177.6
1088.0
1235.2
1158.4
1068.8
1139.2
1068.8
1388.8
1062.4
1113.6
1158.4
1113.6
1446.4
1209.6
1068.8
1158.4
1113.6
1427.2
1158.4
1094.4
1075.2
1068.8
1414.4
1113.6
1145.6
1132.8
1113.6
1414.4
1100.8
1158.4
1100.8
1081.6
1388.8
1145.6
1120.0
1171.2
1107.2
1376.0
1120.0
1177.6
1107.2
1100.8
1337.6
1100.8
1280.0
1120.0
1107.2
1216.0
1107.2
1158.4
1164.8
1100.8
1145.6
1100.8
1203.2
1145.6
1107.2
1171.2
1062.4
1171.2
1164.8
1132.8
1088.0
1088.0
1254.4
1196.8
1100.8
1152.0
1094.4
1260.8
1088.0
1113.6
1120.0
1107.2
1280.0
1158.4
1132.8
1062.4
1075.2
1350.4
1171.2
1152.0
1081.6
1088.0
1267.2
1100.8
1139.2
1113.6
1107.2
1081.6
870.4000000000001
896.0000000000001
780.8
748.8
819.2
832.0
761.6
755.2
736.0
755.2
780.8
921.6000000000001
748.8
742.4
723.2
768.0
819.2
742.4
704.0
761.6
806.4
819.2
723.2
761.6
723.2
748.8
915.2
812.8
793.6
710.4
716.8
883.2
819.2
748.8
761.6
761.6
748.8
800.0
1004.8
729.6
736.0
736.0
806.4
992.0
774.4
723.2
710.4
736.0
921.6000000000001
755.2
774.4
678.4
780.8
921.6000000000001
800.0
723.2
832.0
742.4
908.8
729.6
748.8
748.8
716.8
972.8
761.6
768.0
787.2
704.0
870.4000000000001
742.4
819.2
768.0
768.0
768.0
761.6
972.8
857.6
800.0
755.2
851.2
953.5999999999999
736.0
768.0
774.4
729.6
966.4
793.6
780.8
787.2
729.6
864.0
748.8
755.2
755.2
768.0
851.2
742.4
755.2
780.8
723.2
883.2
768.0
787.2
748.8
723.2
889.6000000000001
787.2
774.4
748.8
742.4
832.0
742.4
889.6000000000001
761.6
729.6
761.6
876.7999999999998
921.6000000000001
716.8
742.4
748.8
864.0
832.0
736.0
748.8
761.6
800.0
793.6
755.2
736.0
742.4
857.6
825.6
716.8
768.0
761.6
755.2
857.6
748.8
825.6
755.2
761.6
729.6
755.2
896.0000000000001
723.2
723.2
716.8
755.2
953.5999999999999
748.8
748.8
710.4
729.6
889.6000000000001
748.8
723.2
755.2
736.0
838.4000000000001
729.6
736.0
761.6
1062.4
774.4
838.4000000000001
806.4
755.2
768.0
748.8
761.6
844.8000000000001
748.8
819.2
780.8
748.8
934.4
716.8
742.4
736.0
736.0
953.5999999999999
723.2
723.2
729.6
710.4
870.4000000000001
710.4
736.0
678.4
780.8
838.4000000000001
729.6
697.6
748.8
768.0
812.8
748.8
723.2
761.6
697.6
723.2
691.2
672.0
716.8
646.4
710.4
697.6
800.0
755.2
736.0
723.2
723.2
864.0
697.6
697.6
672.0
672.0
940.8
697.6
793.6
761.6
729.6
870.4000000000001
710.4
678.4
780.8
691.2
800.0
729.6
672.0
787.2
697.6
716.8
652.8
710.4
716.8
716.8
723.2
742.4
774.4
691.2
736.0
652.8
704.0
537.6
742.4
710.4
0.0
0.0
0.0
0.0
0.0
0.0
0.0
0.0
0.0
0.0
0.0
0.0
0.0
0.0
0.0
0.0
0.0
0.0
0.0
0.0
0.0
0.0
0.0
0.0
0.0
0.0
0.0
0.0
0.0
0.0
0.0
0.0
0.0
0.0
0.0
0.0
0.0
0.0
0.0
0.0
0.0
0.0
0.0
0.0
0.0
0.0
0.0
0.0
0.0
0.0
0.0
0.0
0.0
0.0
0.0
0.0
0.0
0.0
0.0
0.0
0.0
0.0
0.0
0.0
0.0
0.0
0.0
0.0
0.0
0.0
0.0
0.0
0.0
0.0
0.0
0.0
0.0
0.0
0.0
0.0
0.0
0.0
0.0
0.0
0.0
0.0
0.0
0.0
0.0
0.0
0.0
0.0
0.0
0.0
0.0
0.0
0.0
0.0
0.0
0.0
0.0
0.0
0.0
0.0
0.0
0.0
0.0
0.0
0.0
0.0
0.0
0.0
0.0
0.0
0.0
0.0
0.0
0.0
0.0
0.0
0.0
0.0
0.0
0.0
0.0
0.0
0.0
0.0
0.0
0.0
0.0
0.0
0.0
0.0
0.0
0.0
0.0
0.0
0.0
0.0
0.0
0.0
0.0
0.0
0.0
0.0
0.0
0.0
