1036.8
896.0000000000001
780.8
665.6
697.6
518.4
691.2
966.4
793.6
710.4
1158.4
902.3999999999999
870.4000000000001
864.0
716.8
921.6000000000001
2688.0
2534.4
2611.2
2515.2
2553.6
2700.8
2675.2
2521.6
2764.8
2572.8
2585.6
2758.4
2470.4
2726.4
2579.2
2598.4
2502.4
2534.4
2739.2
2656.0
2553.6
2656.0
2508.8
2720.0
2880.0
2540.8
2662.4
2592.0
2534.4
2624.0
2720.0
2713.6
2867.2
2745.6
2995.2
2764.8
2784.0
2848.0
2713.6
2784.0
2758.4
2713.6
2860.8
2700.8
2739.2
2816.0
2790.4
2841.6
2713.6
2630.4
2777.6
2694.4
2694.4
2758.4
2758.4
2790.4
2643.2
2707.2
2688.0
2745.6
2758.4
2707.2
2752.0
3014.4
2649.6
2598.4
2771.2
2771.2
2758.4
2694.4
2720.0
2726.4
2758.4
2720.0
2694.4
2758.4
2771.2
2732.8
2713.6
2688.0
2720.0
2809.6
2713.6
2732.8
2688.0
2745.6
2803.2
2656.0
2739.2
2764.8
2771.2
2803.2
2764.8
2745.6
2777.6
2688.0
2688.0
2707.2
2713.6
2732.8
2707.2
2803.2
2662.4
2758.4
2662.4
2803.2
2835.2
2732.8
2777.6
2796.8
2668.8
2784.0
2668.8
2732.8
2828.8
2745.6
2758.4
2764.8
2790.4
2803.2
2643.2
2662.4
2771.2
2745.6
2732.8
2822.4
2771.2
2713.6
2956.8
2905.6
2688.0
2700.8
2758.4
2720.0
2758.4
2694.4
2720.0
2713.6
2489.6
2624.0
2732.8
2643.2
2656.0
2592.0
2540.8
2598.4
2547.2
2502.4
2764.8
2777.6
2515.2
2585.6
2700.8
2656.0
2630.4
2739.2
2617.6
2643.2
2739.2
2566.4
2572.8
2726.4
2611.2
2624.0
2598.4
2502.4
2726.4
2720.0
2636.8
2681.6
2604.8
2681.6
2752.0
2720.0
2809.6
2841.6
2892.8
2707.2
2720.0
2880.0
2630.4
2528.0
2592.0
2560.0
2675.2
2688.0
2528.0
2700.8
2592.0
2624.0
2592.0
2528.0
2630.4
2899.2
2566.4
2624.0
2560.0
2931.2
2617.6
2668.8
2579.2
2617.6
2617.6
2611.2
2560.0
2624.0
2867.2
2579.2
2745.6
2585.6
2553.6
2643.2
2540.8
2752.0
2854.4
2713.6
2656.0
2630.4
2630.4
2771.2
2624.0
2534.4
2553.6
2528.0
2572.8
2816.0
2592.0
2636.8
2579.2
2579.2
2796.8
2656.0
2912.0
2675.2
2553.6
2643.2
2624.0
2675.2
2611.2
2572.8
2771.2
2611.2
2604.8
2688.0
2681.6
2777.6
2598.4
2598.4
2694.4
2905.6
2713.6
2745.6
2675.2
2835.2
2764.8
2732.8
2572.8
2649.6
2553.6
2572.8
2496.0
2675.2
2726.4
2553.6
2521.6
2489.6
2809.6
2521.6
2713.6
2758.4
2572.8
2835.2
2668.8
2681.6
2867.2
2643.2
2841.6
2579.2
2784.0
2803.2
2662.4
2528.0
2438.4
2419.2
2451.2
2419.2
2636.8
2528.0
2476.8
2604.8
2470.4
2515.2
2374.4
2534.4
2553.6
2438.4
2496.0
2579.2
2611.2
2553.6
2451.2
2496.0
2496.0
2662.4
2649.6
2432.0
2444.8
2585.6
2432.0
2540.8
2432.0
2553.6
2534.4
2361.6
2438.4
2470.4
2617.6
2432.0
2489.6
2444.8
2425.6
2604.8
2515.2
2380.8
2406.4
2566.4
2496.0
2496.0
2419.2
2540.8
2521.6
2483.2
2438.4
2483.2
2496.0
2476.8
2483.2
2425.6
2419.2
2489.6
2496.0
2368.0
2406.4
2476.8
2547.2
2496.0
2412.8
2438.4
2496.0
2630.4
2419.2
2598.4
2534.4
2470.4
2432.0
2496.0
2451.2
2464.0
2406.4
2393.6
2419.2
2387.2
2489.6
2412.8
2419.2
2400.0
2419.2
2489.6
2425.6
2508.8
2464.0
2451.2
2508.8
2432.0
2572.8
2534.4
2598.4
2560.0
2393.6
2515.2
2598.4
2496.0
2713.6
2566.4
2521.6
2451.2
2464.0
2419.2
2547.2
2400.0
2419.2
2611.2
2444.8
2483.2
2540.8
2412.8
2617.6
2457.6
2553.6
2521.6
2412.8
2393.6
2432.0
2444.8
2393.6
2393.6
2393.6
2406.4
2406.4
2412.8
2400.0
2380.8
2060.8
1004.8
531.2
396.8
595.2
633.6
524.8
403.2
416.0
435.20000000000005
531.2
448.00000000000006
608.0
460.80000000000007
390.4
614.4
377.6
608.0
582.4
377.6
396.8
441.6
569.6
486.4
396.8
396.8
396.8
486.4
704.0
409.6
537.6
448.00000000000006
448.00000000000006
608.0
416.0
601.6
544.0
403.2
409.6
531.2
608.0
582.4
384.0
403.2
480.0
422.40000000000003
633.6
409.6
441.6
454.4
416.0
544.0
364.8
396.8
416.0
352.0
371.2
396.8
364.8
390.4
332.8
332.8
332.8
339.2
332.8
332.8
339.2
422.40000000000003
345.6
371.2
339.2
358.4
390.4
371.2
326.4
339.2
396.8
358.4
364.8
332.8
345.6
390.4
352.0
0.0
0.0
0.0
0.0
0.0
0.0
0.0
0.0
0.0
0.0
0.0
0.0
0.0
0.0
0.0
0.0
0.0
0.0
0.0
0.0
0.0
0.0
0.0
0.0
0.0
0.0
0.0
0.0
0.0
0.0
0.0
0.0
0.0
0.0
0.0
0.0
0.0
0.0
0.0
0.0
0.0
0.0
0.0
0.0
0.0
0.0
0.0
0.0
0.0
0.0
0.0
0.0
0.0
0.0
0.0
0.0
0.0
0.0
0.0
0.0
0.0
0.0
0.0
0.0
0.0
0.0
0.0
0.0
0.0
0.0
0.0
0.0
0.0
0.0
0.0
0.0
0.0
0.0
0.0
0.0
0.0
0.0
0.0
0.0
0.0
0.0
0.0
0.0
0.0
0.0
0.0
0.0
0.0
0.0
0.0
0.0
0.0
0.0
0.0
0.0
0.0
0.0
0.0
0.0
0.0
0.0
0.0
0.0
0.0
0.0
0.0
0.0
0.0
0.0
0.0
0.0
0.0
0.0
0.0
0.0
0.0
0.0
0.0
0.0
0.0
0.0
0.0
0.0
0.0
0.0
0.0
0.0
0.0
0.0
0.0
0.0
0.0
0.0
0.0
0.0
0.0
0.0
0.0
0.0
0.0
0.0
0.0
0.0
0.0
0.0
0.0
0.0
0.0
0.0
0.0
0.0
0.0
0.0
0.0
0.0
0.0
0.0
0.0
0.0
0.0
0.0
0.0
0.0
0.0
0.0
0.0
0.0
0.0
0.0
0.0
0.0
0.0
0.0
0.0
0.0
0.0
0.0
0.0
0.0
0.0
0.0
0.0
0.0
0.0
