1081.6
755.2
768.0
870.4000000000001
870.4000000000001
793.6
723.2
1107.2
1235.2
1196.8
1152.0
1068.8
1094.4
1203.2
1177.6
1126.4
1113.6
1049.6
1190.4
1209.6
1139.2
1139.2
1152.0
1241.6
1228.8
1145.6
1132.8
1132.8
1216.0
1299.2
1158.4
1152.0
1120.0
1222.4
1241.6
1196.8
1145.6
1152.0
1312.0
1260.8
1152.0
1164.8
1126.4
1254.4
1228.8
1158.4
1196.8
1113.6
1216.0
1337.6
1164.8
1139.2
1126.4
1216.0
1267.2
1171.2
1132.8
1152.0
1228.8
1241.6
1164.8
1126.4
1132.8
1235.2
1222.4
1164.8
1145.6
1171.2
1216.0
1196.8
1158.4
1235.2
1158.4
1203.2
1260.8
1152.0
1132.8
1203.2
1228.8
1235.2
1164.8
1164.8
1132.8
1209.6
1248.0
1184.0
1216.0
1158.4
1184.0
1286.4
1177.6
1145.6
1139.2
1241.6
1324.8
1152.0
1152.0
1145.6
1241.6
1235.2
1171.2
1120.0
1171.2
1216.0
1267.2
1132.8
1158.4
1196.8
1216.0
1228.8
1126.4
1139.2
1158.4
1184.0
1216.0
1177.6
1132.8
1196.8
1158.4
1235.2
1132.8
1164.8
1196.8
1184.0
1190.4
1120.0
1267.2
1164.8
1158.4
1158.4
1126.4
1273.6
1145.6
1177.6
1286.4
1177.6
1292.8
1209.6
1152.0
1228.8
1139.2
1196.8
1203.2
1184.0
1177.6
1139.2
1158.4
1152.0
1177.6
1171.2
1132.8
1132.8
1190.4
1203.2
1158.4
1132.8
1331.2
1228.8
1177.6
1203.2
1139.2
1254.4
1222.4
1171.2
1139.2
1139.2
1216.0
1267.2
1158.4
1132.8
1132.8
1171.2
1312.0
1196.8
1145.6
1139.2
1120.0
1350.4
1241.6
1152.0
1126.4
1164.8
1337.6
1280.0
1145.6
1152.0
1158.4
1350.4
1260.8
1177.6
1158.4
1139.2
1280.0
1318.4
1132.8
1132.8
1152.0
1267.2
1324.8
1158.4
1120.0
1132.8
1324.8
1369.6
1177.6
1158.4
1120.0
1260.8
1356.8
1139.2
1152.0
1126.4
1196.8
1344.0
1113.6
1139.2
1164.8
1177.6
1337.6
1184.0
1171.2
1177.6
1152.0
1299.2
1177.6
1158.4
1120.0
1158.4
1312.0
1203.2
1152.0
1164.8
1120.0
1260.8
1267.2
1164.8
1177.6
1132.8
1177.6
1254.4
1145.6
1184.0
1132.8
1280.0
1248.0
1164.8
1171.2
1152.0
1139.2
1254.4
1235.2
1145.6
1158.4
1158.4
1344.0
1312.0
1171.2
1152.0
1145.6
1248.0
1369.6
1152.0
1196.8
1126.4
1216.0
1324.8
1132.8
1158.4
1120.0
1171.2
1324.8
1132.8
1152.0
1139.2
1177.6
1318.4
1126.4
1177.6
1120.0
1139.2
1209.6
1113.6
1158.4
1171.2
1120.0
1152.0
1177.6
1120.0
1164.8
1100.8
1126.4
1331.2
1120.0
1152.0
1107.2
1107.2
1420.8
1139.2
1120.0
1132.8
1107.2
1113.6
1056.0
780.8
793.6
787.2
992.0
1152.0
806.4
787.2
736.0
761.6
947.2000000000002
716.8
755.2
755.2
742.4
940.8
736.0
710.4
697.6
723.2
755.2
800.0
812.8
780.8
723.2
716.8
1004.8
844.8000000000001
768.0
768.0
755.2
998.4
908.8
787.2
742.4
768.0
883.2
972.8
761.6
768.0
768.0
812.8
921.6000000000001
774.4
748.8
716.8
755.2
838.4000000000001
736.0
748.8
761.6
729.6
832.0
825.6
812.8
748.8
723.2
806.4
876.7999999999998
748.8
793.6
672.0
787.2
857.6
832.0
761.6
755.2
742.4
844.8000000000001
851.2
761.6
780.8
876.7999999999998
793.6
940.8
761.6
774.4
723.2
793.6
921.6000000000001
748.8
761.6
729.6
761.6
755.2
755.2
768.0
780.8
742.4
761.6
793.6
723.2
768.0
742.4
716.8
876.7999999999998
742.4
748.8
736.0
761.6
979.1999999999999
819.2
748.8
742.4
742.4
953.5999999999999
960.0
729.6
774.4
704.0
972.8
1017.6
742.4
768.0
748.8
793.6
1068.8
761.6
806.4
729.6
780.8
953.5999999999999
774.4
742.4
761.6
716.8
793.6
780.8
774.4
774.4
742.4
800.0
800.0
723.2
729.6
755.2
876.7999999999998
889.6000000000001
812.8
761.6
736.0
710.4
876.7999999999998
819.2
755.2
736.0
736.0
889.6000000000001
927.9999999999999
748.8
844.8000000000001
742.4
716.8
889.6000000000001
755.2
736.0
902.3999999999999
748.8
953.5999999999999
748.8
761.6
704.0
736.0
870.4000000000001
819.2
755.2
748.8
742.4
889.6000000000001
889.6000000000001
838.4000000000001
787.2
774.4
883.2
908.8
748.8
787.2
755.2
774.4
927.9999999999999
832.0
768.0
729.6
761.6
838.4000000000001
864.0
774.4
774.4
755.2
787.2
716.8
800.0
736.0
774.4
761.6
729.6
793.6
729.6
691.2
723.2
806.4
729.6
723.2
678.4
716.8
844.8000000000001
697.6
704.0
716.8
691.2
825.6
704.0
710.4
697.6
710.4
832.0
748.8
684.8
716.8
704.0
774.4
729.6
691.2
716.8
697.6
697.6
716.8
742.4
704.0
716.8
716.8
742.4
716.8
736.0
736.0
761.6
755.2
716.8
697.6
723.2
659.2
678.4
800.0
704.0
716.8
633.6
684.8
966.4
742.4
736.0
710.4
723.2
966.4
755.2
710.4
716.8
723.2
806.4
691.2
691.2
742.4
697.6
691.2
729.6
704.0
723.2
684.8
704.0
678.4
793.6
633.6
684.8
704.0
646.4
729.6
697.6
729.6
729.6
710.4
716.8
710.4
710.4
659.2
697.6
723.2
704.0
697.6
716.8
697.6
806.4
672.0
710.4
768.0
659.2
889.6000000000001
716.8
691.2
716.8
716.8
748.8
716.8
716.8
672.0
684.8
716.8
672.0
665.6
729.6
716.8
684.8
716.8
710.4
691.2
716.8
691.2
736.0
697.6
697.6
755.2
761.6
742.4
864.0
697.6
748.8
0.0
0.0
0.0
0.0
0.0
0.0
0.0
0.0
0.0
0.0
0.0
0.0
0.0
0.0
0.0
0.0
0.0
0.0
0.0
0.0
0.0
0.0
0.0
0.0
0.0
0.0
0.0
0.0
0.0
0.0
0.0
0.0
0.0
0.0
0.0
0.0
0.0
0.0
0.0
0.0
0.0
0.0
0.0
0.0
0.0
0.0
0.0
0.0
0.0
0.0
0.0
0.0
0.0
0.0
0.0
0.0
0.0
0.0
0.0
0.0
0.0
0.0
0.0
0.0
0.0
0.0
0.0
0.0
0.0
0.0
0.0
0.0
0.0
0.0
