864.0
633.6
576.0
672.0
684.8
627.2
998.4
1075.2
768.0
1772.7999999999997
537.6
640.0
774.4
480.0
2508.8
2508.8
2560.0
2528.0
2470.4
2515.2
2508.8
2483.2
2476.8
2489.6
2502.4
2521.6
2496.0
2502.4
2636.8
2579.2
2790.4
2528.0
2553.6
2547.2
2521.6
2611.2
2681.6
2604.8
2457.6
2470.4
2566.4
2604.8
2560.0
2784.0
2489.6
2592.0
2534.4
2502.4
2617.6
2617.6
2598.4
2521.6
2476.8
2476.8
2579.2
2521.6
2598.4
2592.0
2668.8
2604.8
2643.2
2592.0
2732.8
2745.6
2816.0
2662.4
2822.4
2745.6
2700.8
2790.4
2816.0
2624.0
2611.2
2572.8
2790.4
2732.8
2771.2
2732.8
2675.2
2694.4
2758.4
2630.4
2643.2
2476.8
2624.0
2496.0
2707.2
2713.6
2572.8
2515.2
2521.6
2617.6
2502.4
2643.2
2553.6
2681.6
2617.6
2579.2
2585.6
2598.4
2732.8
2688.0
2675.2
2598.4
2636.8
2675.2
2630.4
2566.4
2777.6
2636.8
2656.0
2598.4
2572.8
2720.0
2700.8
2662.4
2681.6
2668.8
2867.2
2726.4
2617.6
2726.4
2649.6
2617.6
2540.8
2624.0
2713.6
2528.0
2592.0
2707.2
2540.8
2636.8
2636.8
2681.6
2604.8
2585.6
2579.2
2598.4
2515.2
2713.6
2528.0
2553.6
2764.8
2624.0
2636.8
2688.0
2649.6
2694.4
2656.0
2643.2
2636.8
2598.4
2649.6
2553.6
2656.0
2681.6
2611.2
2841.6
2681.6
2681.6
2643.2
2636.8
2707.2
2656.0
2624.0
2732.8
2534.4
2566.4
2611.2
2624.0
2553.6
2630.4
2483.2
2572.8
2496.0
2528.0
2604.8
2521.6
2662.4
2566.4
2508.8
2566.4
2560.0
2521.6
2636.8
2534.4
2604.8
2534.4
2540.8
2662.4
2508.8
2585.6
2553.6
2515.2
2643.2
2476.8
2553.6
2579.2
2540.8
2604.8
2521.6
2540.8
2598.4
2598.4
2617.6
2496.0
2579.2
2560.0
2553.6
2598.4
2611.2
2617.6
2598.4
2489.6
2592.0
2579.2
2566.4
2668.8
2604.8
2547.2
2521.6
2508.8
2643.2
2617.6
2540.8
2489.6
2662.4
2515.2
2598.4
2528.0
2636.8
2649.6
2540.8
2476.8
2502.4
2534.4
2617.6
2489.6
2598.4
2566.4
2534.4
2560.0
2483.2
2700.8
2592.0
2579.2
2521.6
2483.2
2528.0
2547.2
2534.4
2572.8
2630.4
2496.0
2707.2
2528.0
2668.8
2694.4
2521.6
2643.2
2515.2
2636.8
2540.8
2508.8
2508.8
2560.0
2515.2
2649.6
2496.0
2668.8
2624.0
2508.8
2566.4
2451.2
2547.2
2528.0
2617.6
2489.6
2572.8
2572.8
2489.6
2502.4
2745.6
3046.4
2528.0
2726.4
2700.8
2758.4
2700.8
2662.4
2860.8
3148.8
3238.4
3110.4
3084.8
2489.6
2496.0
2688.0
2553.6
2496.0
2611.2
2547.2
2534.4
2496.0
2464.0
2540.8
2432.0
2444.8
2470.4
2515.2
2604.8
2380.8
2380.8
2521.6
2444.8
2380.8
2361.6
2380.8
2585.6
2451.2
2368.0
2694.4
2400.0
2560.0
2419.2
2393.6
2380.8
2387.2
2566.4
2406.4
2387.2
2476.8
2368.0
2393.6
2470.4
2457.6
2720.0
2419.2
2374.4
2566.4
2374.4
2656.0
2368.0
2470.4
2432.0
2374.4
2534.4
2451.2
2476.8
2393.6
2387.2
2425.6
2585.6
2387.2
2515.2
2368.0
2374.4
2572.8
2393.6
2566.4
2336.0
2393.6
2464.0
2496.0
2547.2
2374.4
2393.6
2374.4
2483.2
2374.4
2585.6
2361.6
2444.8
2425.6
2380.8
2624.0
2432.0
2598.4
2406.4
2393.6
2406.4
2368.0
2508.8
2425.6
2400.0
2393.6
2432.0
2432.0
2604.8
2412.8
2547.2
2393.6
2400.0
2540.8
2342.4
2694.4
2355.2
2419.2
2393.6
2387.2
2451.2
2457.6
2425.6
2374.4
2400.0
2400.0
2451.2
2400.0
2464.0
2368.0
2412.8
2438.4
2368.0
2547.2
2393.6
2342.4
2380.8
2419.2
2483.2
2521.6
2387.2
2387.2
2387.2
2419.2
2496.0
2380.8
2368.0
2444.8
2393.6
2489.6
2412.8
2496.0
2483.2
409.6
409.6
550.4
454.4
467.2
384.0
473.6000000000001
441.6
422.40000000000003
569.6
473.6000000000001
640.0
403.2
409.6
416.0
358.4
768.0
358.4
448.00000000000006
352.0
358.4
537.6
550.4
409.6
332.8
345.6
345.6
556.8
345.6
339.2
332.8
352.0
422.40000000000003
358.4
339.2
326.4
339.2
339.2
371.2
345.6
576.0
358.4
358.4
339.2
339.2
518.4
339.2
339.2
345.6
352.0
416.0
371.2
345.6
377.6
358.4
377.6
352.0
358.4
544.0
345.6
332.8
345.6
352.0
576.0
377.6
358.4
345.6
435.20000000000005
409.6
345.6
364.8
377.6
480.0
345.6
339.2
377.6
505.6
364.8
403.2
358.4
358.4
505.6
358.4
345.6
352.0
358.4
409.6
384.0
364.8
384.0
364.8
358.4
352.0
339.2
492.8
377.6
352.0
377.6
352.0
518.4
364.8
352.0
345.6
345.6
358.4
358.4
339.2
0.0
0.0
0.0
0.0
0.0
0.0
0.0
0.0
0.0
0.0
0.0
0.0
0.0
0.0
0.0
0.0
0.0
0.0
0.0
0.0
0.0
0.0
0.0
0.0
0.0
0.0
0.0
0.0
0.0
0.0
0.0
0.0
0.0
0.0
0.0
0.0
0.0
0.0
0.0
0.0
0.0
0.0
0.0
0.0
0.0
0.0
0.0
0.0
0.0
0.0
0.0
0.0
0.0
0.0
0.0
0.0
0.0
0.0
0.0
0.0
0.0
0.0
0.0
0.0
0.0
0.0
0.0
0.0
0.0
0.0
0.0
0.0
0.0
0.0
0.0
0.0
0.0
0.0
0.0
0.0
0.0
0.0
0.0
0.0
0.0
0.0
0.0
0.0
0.0
0.0
0.0
0.0
0.0
0.0
0.0
0.0
0.0
0.0
0.0
0.0
0.0
0.0
0.0
0.0
0.0
0.0
0.0
0.0
0.0
0.0
0.0
0.0
0.0
0.0
0.0
0.0
0.0
0.0
0.0
0.0
0.0
0.0
0.0
0.0
0.0
0.0
0.0
0.0
0.0
0.0
0.0
0.0
0.0
0.0
0.0
0.0
0.0
0.0
0.0
0.0
0.0
0.0
0.0
0.0
0.0
0.0
0.0
0.0
0.0
0.0
0.0
0.0
0.0
0.0
0.0
0.0
0.0
0.0
0.0
0.0
