1235.2
1139.2
1100.8
1004.8
966.4
812.8
774.4
1523.2
1209.6
1011.2
1228.8
812.8
889.6000000000001
697.6
742.4
2880.0
4288.0
4448.0
4236.8
4435.2
4441.6
4396.8
4428.8
4422.4
4384.0
4441.6
4243.2
4166.4
4160.0
4134.4
4275.2
4243.2
4108.8
4364.8
4185.6
4147.2
4153.6
4108.8
4352.0
4371.2
4121.6
4192.0
4249.6
4115.2
4166.4
4268.8
4390.4
4352.0
4224.0
4166.4
4172.8
4262.4
4268.8
4134.4
4403.2
4147.2
4147.2
4198.4
4160.0
4428.8
4307.2
4140.8
4300.8
4390.4
4409.6
4396.8
4371.2
4172.8
4147.2
4140.8
4217.6
4211.2
4428.8
4236.8
4166.4
4300.8
4288.0
4140.8
4134.4
4128.0
4166.4
4384.0
4121.6
4428.8
4083.2000000000003
4288.0
4115.2
4211.2
4345.6
4198.4
4192.0
4326.4
4198.4
4288.0
4256.0
4256.0
4384.0
4249.6
4332.8
4332.8
4396.8
4345.6
4268.8
4185.6
4454.4
4230.4
4224.0
4224.0
4243.2
4294.4
4307.2
4390.4
4345.6
4211.2
4262.4
4339.2
4192.0
4313.6
4217.6
4384.0
4428.8
4403.2
4435.2
4294.4
4364.8
4454.4
4396.8
4422.4
4377.6
4435.2
4435.2
4428.8
4371.2
4416.0
4416.0
4416.0
4390.4
4396.8
4448.0
4441.6
4396.8
4435.2
4403.2
4460.8
4339.2
4396.8
4390.4
4435.2
4409.6
4384.0
4441.6
4492.8
4371.2
4384.0
4518.4
4364.8
4422.4
4371.2
4441.6
4377.6
4320.0
4441.6
4467.2
4460.8
4460.8
4416.0
4416.0
4505.6
4371.2
4403.2
4384.0
4352.0
4345.6
4390.4
4352.0
4358.4
4198.4
4473.6
4422.4
4326.4
4390.4
4345.6
4358.4
4307.2
4358.4
4153.6
4083.2000000000003
4089.6
4275.2
4256.0
4409.6
4262.4
4217.6
4307.2
4262.4
4160.0
4217.6
4371.2
4531.2
4384.0
4384.0
4441.6
4409.6
4409.6
4409.6
4339.2
4249.6
4012.8
4057.6
3987.2
4115.2
3993.6
4076.8
4025.6
4102.4
4070.4
4268.8
4179.2
4371.2
4230.4
4352.0
4364.8
4409.6
4371.2
4358.4
4179.2
4224.0
4108.8
3980.8
4019.2
4262.4
4307.2
4345.6
4096.0
4134.4
4070.4
4044.8
4192.0
4185.6
4268.8
4224.0
4153.6
4012.8
4019.2
4070.4
4160.0
4192.0
4179.2
4281.6
4249.6
4300.8
4134.4
4230.4
4307.2
4377.6
4236.8
4326.4
4268.8
4192.0
4275.2
4243.2
4128.0
3980.8
4134.4
4249.6
4256.0
4147.2
4185.6
4153.6
4198.4
4339.2
4224.0
4121.6
4019.2
4064.0
4070.4
4179.2
4044.8
4083.2000000000003
4115.2
3993.6
4236.8
4083.2000000000003
4064.0
4038.4
4121.6
4044.8
4044.8
4243.2
4070.4
4134.4
4147.2
4160.0
4185.6
4179.2
4128.0
4051.2
4185.6
4089.6
4134.4
4051.2
4044.8
4070.4
4128.0
4172.8
4153.6
4102.4
4096.0
4217.6
4038.4
4032.0
4012.8
3987.2
4134.4
4025.6
4070.4
4025.6
4096.0
4134.4
4262.4
4032.0
3980.8
4025.6
4032.0
4070.4
4038.4
4153.6
4019.2
4083.2000000000003
4102.4
4000.0
4128.0
4070.4
4019.2
4064.0
4057.6
4236.8
4083.2000000000003
4083.2000000000003
4204.8
4064.0
4051.2
3968.0
3974.4
4032.0
3961.6
3942.4
3968.0
3936.0
4012.8
3980.8
3993.6
3948.8
3923.2
3961.6
3987.2
4051.2
4057.6
4083.2000000000003
3916.7999999999997
3763.2
4096.0
3891.2
4019.2
3936.0
3961.6
3987.2
4076.8
4025.6
3993.6
4102.4
4025.6
4038.4
1075.2
998.4
1049.6
1062.4
844.8000000000001
844.8000000000001
806.4
1030.4
876.7999999999998
870.4000000000001
966.4
947.2000000000002
1235.2
876.7999999999998
563.2
627.2
576.0
480.0
467.2
454.4
550.4
448.00000000000006
460.80000000000007
435.20000000000005
505.6
518.4
460.80000000000007
448.00000000000006
588.8
505.6
454.4
473.6000000000001
518.4
601.6
512.0
448.00000000000006
460.80000000000007
428.8
633.6
441.6
441.6
480.0
524.8
544.0
537.6
524.8
646.4
544.0
428.8
416.0
352.0
512.0
460.80000000000007
364.8
332.8
345.6
345.6
358.4
358.4
448.00000000000006
345.6
352.0
268.8
0.0
0.0
0.0
0.0
0.0
0.0
0.0
0.0
0.0
0.0
0.0
0.0
0.0
0.0
0.0
0.0
0.0
0.0
0.0
0.0
0.0
0.0
0.0
0.0
0.0
0.0
0.0
0.0
0.0
0.0
0.0
0.0
0.0
0.0
0.0
0.0
0.0
0.0
0.0
0.0
0.0
0.0
0.0
0.0
0.0
0.0
0.0
0.0
0.0
0.0
0.0
0.0
0.0
0.0
0.0
0.0
0.0
0.0
0.0
0.0
0.0
0.0
0.0
0.0
0.0
0.0
0.0
0.0
0.0
0.0
0.0
0.0
0.0
0.0
0.0
0.0
0.0
0.0
0.0
0.0
0.0
0.0
0.0
0.0
0.0
0.0
0.0
0.0
0.0
0.0
0.0
0.0
0.0
0.0
0.0
0.0
0.0
0.0
0.0
0.0
0.0
0.0
0.0
0.0
0.0
0.0
0.0
0.0
0.0
0.0
0.0
0.0
0.0
0.0
0.0
0.0
0.0
0.0
0.0
0.0
0.0
0.0
0.0
0.0
0.0
0.0
0.0
0.0
0.0
0.0
0.0
0.0
0.0
0.0
0.0
0.0
0.0
0.0
0.0
0.0
0.0
0.0
0.0
0.0
0.0
0.0
0.0
0.0
0.0
0.0
0.0
0.0
0.0
0.0
0.0
0.0
0.0
0.0
0.0
0.0
0.0
0.0
0.0
0.0
0.0
0.0
0.0
0.0
0.0
0.0
0.0
0.0
0.0
0.0
0.0
0.0
0.0
0.0
0.0
0.0
0.0
0.0
0.0
0.0
0.0
0.0
0.0
0.0
0.0
0.0
0.0
0.0
0.0
0.0
0.0
0.0
0.0
0.0
0.0
0.0
0.0
0.0
0.0
0.0
0.0
0.0
0.0
0.0
0.0
0.0
0.0
0.0
0.0
0.0
0.0
0.0
0.0
0.0
0.0
0.0
0.0
0.0
0.0
0.0
0.0
0.0
0.0
0.0
0.0
0.0
0.0
0.0
0.0
0.0
0.0
0.0
0.0
0.0
0.0
0.0
0.0
0.0
0.0
0.0
0.0
0.0
0.0
0.0
0.0
0.0
0.0
0.0
0.0
0.0
0.0
0.0
0.0
0.0
0.0
0.0
0.0
0.0
0.0
0.0
