1548.8
1152.0
1068.8
1651.2
1113.6
889.6000000000001
844.8000000000001
1043.2
1068.8
947.2000000000002
883.2
729.6
755.2
870.4000000000001
787.2
864.0
787.2
729.6
908.8
883.2
774.4
729.6
3910.4
3904.0
3974.4
3833.6
3904.0
3929.6
3859.2
3884.7999999999997
3814.3999999999996
3961.6
3980.8
3833.6
3846.3999999999996
3904.0
3840.0
3942.4
3833.6
3846.3999999999996
3827.2
3820.7999999999997
3795.2
3808.0
3929.6
3872.0
3808.0
3852.7999999999997
3872.0
3827.2
3833.6
3840.0
3968.0
3859.2
3859.2
3814.3999999999996
3840.0
3820.7999999999997
3878.4
3808.0
3872.0
3878.4
3814.3999999999996
3827.2
3820.7999999999997
3904.0
3859.2
3820.7999999999997
3801.6
3910.4
3820.7999999999997
3827.2
3865.6
4038.4
3840.0
3833.6
3795.2
3814.3999999999996
3948.8
3852.7999999999997
3840.0
3814.3999999999996
3872.0
3808.0
3840.0
3833.6
4051.2
3891.2
3814.3999999999996
3801.6
3846.3999999999996
3808.0
3820.7999999999997
3814.3999999999996
3859.2
3872.0
3808.0
3808.0
3814.3999999999996
3948.8
3904.0
3801.6
3820.7999999999997
3827.2
3910.4
3961.6
3827.2
3820.7999999999997
3904.0
3814.3999999999996
3859.2
3808.0
3916.7999999999997
3987.2
3814.3999999999996
3801.6
3827.2
3974.4
3859.2
3827.2
3859.2
3820.7999999999997
3827.2
3865.6
3827.2
3872.0
3929.6
3827.2
3820.7999999999997
3808.0
3788.8000000000006
3846.3999999999996
3814.3999999999996
3827.2
3840.0
3865.6
3852.7999999999997
3801.6
3872.0
3904.0
3756.8000000000006
3827.2
3808.0
3872.0
3827.2
3820.7999999999997
3840.0
3840.0
3795.2
3878.4
3827.2
3878.4
3859.2
3814.3999999999996
3833.6
3884.7999999999997
3878.4
3846.3999999999996
3859.2
3865.6
3955.2
3916.7999999999997
3814.3999999999996
3801.6
3808.0
3884.7999999999997
3878.4
3852.7999999999997
3840.0
3808.0
3840.0
3795.2
3814.3999999999996
3891.2
3782.3999999999996
3820.7999999999997
3788.8000000000006
3808.0
3987.2
3788.8000000000006
3846.3999999999996
3859.2
3891.2
3833.6
3808.0
3820.7999999999997
3942.4
3782.3999999999996
3808.0
3788.8000000000006
3859.2
3929.6
3820.7999999999997
3916.7999999999997
3833.6
3910.4
3820.7999999999997
3833.6
3801.6
4025.6
3795.2
3872.0
3820.7999999999997
3808.0
3827.2
3808.0
3833.6
3987.2
3801.6
3776.0
3820.7999999999997
3846.3999999999996
3878.4
3769.6
3827.2
3897.6
3795.2
3878.4
3814.3999999999996
3840.0
3904.0
3865.6
3808.0
3808.0
3865.6
3904.0
3814.3999999999996
3801.6
3955.2
3820.7999999999997
3846.3999999999996
3814.3999999999996
3795.2
3840.0
3859.2
3833.6
3872.0
3808.0
3846.3999999999996
3840.0
3852.7999999999997
3993.6
3865.6
3801.6
3776.0
3808.0
3942.4
3833.6
3840.0
3852.7999999999997
3840.0
3788.8000000000006
3769.6
3852.7999999999997
3878.4
3891.2
3814.3999999999996
3808.0
3852.7999999999997
3852.7999999999997
3852.7999999999997
3833.6
3910.4
3859.2
3872.0
3801.6
3782.3999999999996
3846.3999999999996
3865.6
3808.0
3795.2
3776.0
3865.6
3827.2
3820.7999999999997
3916.7999999999997
3814.3999999999996
3801.6
3840.0
3833.6
4032.0
3827.2
3795.2
3808.0
3801.6
3814.3999999999996
3820.7999999999997
3814.3999999999996
3891.2
3820.7999999999997
3846.3999999999996
3801.6
3833.6
3904.0
3827.2
3910.4
3795.2
3865.6
3827.2
3827.2
3840.0
3801.6
3833.6
3667.2
3584.0000000000005
3660.8
3750.3999999999996
3673.6
3673.6
3660.8
3673.6
3724.8000000000006
3654.4000000000005
3724.8000000000006
3673.6
3673.6
3724.8000000000006
3711.9999999999995
3750.3999999999996
3679.9999999999995
3635.2
3673.6
3705.6
3776.0
3667.2
3660.8
3782.3999999999996
3660.8
3641.5999999999995
3641.5999999999995
3679.9999999999995
3673.6
3647.9999999999995
3673.6
3660.8
3686.4000000000005
3692.8000000000006
3628.8
3679.9999999999995
3667.2
3679.9999999999995
3686.4000000000005
3654.4000000000005
3667.2
3660.8
3679.9999999999995
3705.6
3647.9999999999995
3692.8000000000006
3756.8000000000006
3647.9999999999995
3647.9999999999995
3647.9999999999995
3737.6
3801.6
3647.9999999999995
3750.3999999999996
3628.8
3673.6
3763.2
3679.9999999999995
3647.9999999999995
3628.8
3673.6
3686.4000000000005
3615.9999999999995
3673.6
3686.4000000000005
3667.2
3654.4000000000005
3641.5999999999995
3667.2
3654.4000000000005
3718.3999999999996
3814.3999999999996
3679.9999999999995
3667.2
3840.0
3718.3999999999996
3724.8000000000006
3660.8
3641.5999999999995
3679.9999999999995
3673.6
3667.2
3673.6
3628.8
3673.6
3679.9999999999995
3635.2
3660.8
3673.6
3641.5999999999995
3667.2
3654.4000000000005
3756.8000000000006
3635.2
3654.4000000000005
3679.9999999999995
3667.2
3718.3999999999996
3731.2
3673.6
3679.9999999999995
3635.2
3827.2
3641.5999999999995
3686.4000000000005
3673.6
3667.2
3769.6
3686.4000000000005
3622.4000000000005
3622.4000000000005
3686.4000000000005
3686.4000000000005
3654.4000000000005
3635.2
3673.6
3660.8
3705.6
3667.2
3660.8
3763.2
3673.6
3647.9999999999995
3635.2
3647.9999999999995
3929.6
3731.2
3744.0
3731.2
3750.3999999999996
3859.2
3660.8
3334.4
787.2
710.4
678.4
665.6
640.0
755.2
652.8
652.8
755.2
652.8
876.7999999999998
633.6
652.8
601.6
659.2
652.8
620.8
627.2
652.8
768.0
633.6
678.4
678.4
755.2
652.8
633.6
646.4
678.4
704.0
633.6
646.4
659.2
640.0
652.8
691.2
633.6
684.8
640.0
627.2
595.2
640.0
896.0000000000001
620.8
614.4
633.6
633.6
588.8
640.0
627.2
640.0
672.0
608.0
652.8
614.4
710.4
697.6
640.0
640.0
640.0
672.0
640.0
614.4
646.4
633.6
0.0
0.0
0.0
0.0
0.0
0.0
0.0
0.0
0.0
0.0
0.0
0.0
0.0
0.0
0.0
0.0
0.0
0.0
0.0
0.0
0.0
0.0
0.0
0.0
0.0
0.0
0.0
0.0
0.0
0.0
0.0
0.0
0.0
0.0
0.0
0.0
0.0
0.0
0.0
0.0
0.0
0.0
0.0
0.0
0.0
0.0
0.0
0.0
0.0
0.0
0.0
0.0
0.0
0.0
0.0
0.0
0.0
0.0
0.0
0.0
0.0
0.0
0.0
0.0
0.0
0.0
0.0
0.0
0.0
0.0
0.0
0.0
0.0
0.0
0.0
0.0
0.0
0.0
0.0
0.0
0.0
0.0
0.0
0.0
0.0
0.0
0.0
0.0
0.0
0.0
0.0
0.0
0.0
0.0
0.0
0.0
0.0
0.0
0.0
0.0
0.0
0.0
0.0
0.0
0.0
0.0
0.0
0.0
0.0
0.0
0.0
0.0
0.0
0.0
0.0
0.0
0.0
0.0
0.0
0.0
0.0
0.0
0.0
0.0
0.0
0.0
0.0
0.0
0.0
0.0
0.0
0.0
0.0
0.0
0.0
0.0
0.0
0.0
0.0
0.0
0.0
0.0
0.0
0.0
0.0
0.0
0.0
0.0
0.0
0.0
0.0
0.0
0.0
0.0
0.0
0.0
0.0
0.0
0.0
0.0
0.0
0.0
0.0
0.0
0.0
0.0
0.0
0.0
0.0
0.0
0.0
0.0
0.0
0.0
0.0
0.0
0.0
0.0
0.0
0.0
0.0
0.0
0.0
0.0
0.0
0.0
0.0
0.0
0.0
0.0
0.0
0.0
0.0
0.0
0.0
0.0
0.0
0.0
0.0
0.0
