2009.6
1043.2
1516.8
1587.2
1254.4
2003.2
3200.0
3449.6000000000004
3270.4
3276.8
3276.8
3353.6000000000004
3308.8
3276.8
3244.8
3238.4
3340.8
3270.4
3232.0
3385.6000000000004
3385.6000000000004
3334.4
3372.8
3347.2000000000003
3532.8
3308.8
3257.6
3308.8
3302.4
3398.4
3328.0
3296.0
3321.6
3315.2000000000003
3321.6
3308.8
3270.4
3379.2000000000003
3334.4
3302.4
3385.6000000000004
3302.4
3340.8
3347.2000000000003
3334.4
3328.0
3296.0
3308.8
3315.2000000000003
3340.8
3328.0
3328.0
3264.0
3328.0
3315.2000000000003
3289.6
3340.8
3360.0
3321.6
3289.6
3296.0
3398.4
3321.6
3443.1999999999994
3276.8
3302.4
3449.6000000000004
3276.8
3334.4
3232.0
3264.0
3289.6
3308.8
3296.0
3379.2000000000003
3302.4
3347.2000000000003
3283.2000000000003
3308.8
3302.4
3328.0
3308.8
3289.6
3289.6
3238.4
3296.0
3398.4
3334.4
3283.2000000000003
3283.2000000000003
3347.2000000000003
3308.8
3296.0
3321.6
3315.2000000000003
3315.2000000000003
3321.6
3302.4
3257.6
3308.8
3462.4
3308.8
3270.4
3321.6
3328.0
3302.4
3340.8
3308.8
3392.0
3276.8
3296.0
3283.2000000000003
3404.8
3360.0
3283.2000000000003
3264.0
3289.6
3289.6
3270.4
3276.8
3334.4
3328.0
3302.4
3315.2000000000003
3296.0
3353.6000000000004
3270.4
3328.0
3264.0
3353.6000000000004
3315.2000000000003
3289.6
3328.0
3270.4
3436.8
3270.4
3308.8
3264.0
3392.0
3315.2000000000003
3276.8
3257.6
3296.0
3296.0
3315.2000000000003
3251.2
3283.2000000000003
3436.8
3296.0
3321.6
3283.2000000000003
3392.0
3289.6
3340.8
3283.2000000000003
3302.4
3385.6000000000004
3308.8
3296.0
3251.2
3347.2000000000003
3238.4
3302.4
3270.4
3462.4
3257.6
3283.2000000000003
3264.0
3347.2000000000003
3347.2000000000003
3353.6000000000004
3302.4
3264.0
3462.4
3296.0
3270.4
3347.2000000000003
3392.0
3289.6
3340.8
3264.0
3475.1999999999994
3264.0
3308.8
3315.2000000000003
3270.4
3372.8
3270.4
3257.6
3296.0
3379.2000000000003
3289.6
3289.6
3276.8
3411.1999999999994
3385.6000000000004
3264.0
3328.0
3264.0
3308.8
3302.4
3315.2000000000003
3270.4
3372.8
3283.2000000000003
3296.0
3238.4
3392.0
3296.0
3302.4
3276.8
3321.6
3360.0
3257.6
3283.2000000000003
3302.4
3340.8
3283.2000000000003
3296.0
3289.6
3404.8
3289.6
3302.4
3302.4
3302.4
3347.2000000000003
3257.6
3270.4
3315.2000000000003
3334.4
3270.4
3257.6
3296.0
3385.6000000000004
3308.8
3251.2
3302.4
3296.0
3238.4
3289.6
3270.4
3296.0
3334.4
3270.4
3257.6
3340.8
3372.8
3289.6
3296.0
3308.8
3302.4
3302.4
3283.2000000000003
3264.0
3315.2000000000003
3289.6
3270.4
3283.2000000000003
3328.0
3340.8
3334.4
3283.2000000000003
3283.2000000000003
3443.1999999999994
3494.4
3251.2
3302.4
3276.8
3296.0
3264.0
3283.2000000000003
3257.6
3379.2000000000003
3283.2000000000003
3296.0
3244.8
3270.4
3276.8
3392.0
3257.6
3232.0
3328.0
3340.8
3264.0
3251.2
3257.6
3424.0
3276.8
3244.8
3225.6
3430.4
3244.8
3347.2000000000003
3283.2000000000003
3232.0
3276.8
3257.6
3270.4
3251.2
3334.4
3193.6
3200.0
3168.0
3187.2
3193.6
3174.4
3116.8
3129.6
3264.0
3180.8
3174.4
3142.4
3232.0
3308.8
3174.4
3116.8
3136.0
3180.8
3187.2
3136.0
3200.0
3168.0
3187.2
3296.0
3155.2
3148.8
3360.0
3206.4
3142.4
3174.4
3206.4
3193.6
3212.8
3155.2
3155.2
3180.8
3187.2
3123.2
3123.2
3232.0
3206.4
3238.4
3180.8
3174.4
3193.6
3129.6
3136.0
3129.6
3212.8
3168.0
3148.8
3148.8
3180.8
3257.6
3200.0
3142.4
3174.4
3340.8
3180.8
3110.4
3168.0
3161.6
3257.6
3168.0
3193.6
3155.2
3148.8
3200.0
3129.6
3168.0
3174.4
3200.0
3142.4
3180.8
3104.0
3193.6
3193.6
3219.2
3161.6
3174.4
3212.8
3148.8
3174.4
3129.6
3206.4
3212.8
3116.8
3155.2
3116.8
3180.8
3123.2
3136.0
3142.4
3244.8
3187.2
3232.0
3219.2
3193.6
3244.8
3161.6
3200.0
3078.4
3225.6
3180.8
3187.2
3232.0
3206.4
3142.4
3116.8
3161.6
3148.8
3148.8
3110.4
3091.2
3200.0
3193.6
3123.2
3129.6
3110.4
3123.2
3148.8
3148.8
3110.4
3168.0
3155.2
3059.2
3116.8
3129.6
3072.0
3212.8
3110.4
3142.4
3129.6
1894.4000000000003
908.8
710.4
742.4
774.4
934.4
736.0
640.0
710.4
768.0
665.6
652.8
716.8
729.6
665.6
691.2
684.8
659.2
896.0000000000001
633.6
620.8
704.0
736.0
729.6
659.2
652.8
684.8
684.8
620.8
633.6
640.0
761.6
684.8
665.6
652.8
684.8
691.2
646.4
652.8
659.2
704.0
678.4
678.4
697.6
710.4
710.4
672.0
672.0
646.4
844.8000000000001
716.8
691.2
652.8
640.0
691.2
691.2
646.4
665.6
640.0
665.6
736.0
691.2
646.4
659.2
697.6
659.2
640.0
652.8
665.6
627.2
710.4
691.2
582.4
640.0
627.2
582.4
614.4
633.6
620.8
595.2
595.2
588.8
710.4
633.6
627.2
576.0
646.4
614.4
620.8
755.2
620.8
633.6
601.6
595.2
627.2
608.0
633.6
652.8
704.0
710.4
601.6
614.4
684.8
672.0
640.0
608.0
608.0
665.6
627.2
678.4
620.8
652.8
672.0
672.0
633.6
633.6
608.0
608.0
646.4
620.8
627.2
614.4
691.2
652.8
608.0
646.4
652.8
588.8
614.4
608.0
627.2
627.2
601.6
601.6
652.8
640.0
601.6
640.0
633.6
627.2
588.8
646.4
601.6
672.0
652.8
640.0
640.0
620.8
659.2
627.2
627.2
614.4
608.0
608.0
646.4
595.2
620.8
729.6
652.8
646.4
608.0
652.8
684.8
640.0
595.2
640.0
627.2
582.4
646.4
614.4
633.6
633.6
614.4
608.0
620.8
723.2
652.8
646.4
620.8
652.8
665.6
627.2
633.6
595.2
659.2
620.8
684.8
595.2
614.4
640.0
620.8
652.8
588.8
659.2
672.0
620.8
646.4
601.6
0.0
0.0
0.0
0.0
0.0
0.0
0.0
0.0
0.0
0.0
0.0
0.0
0.0
0.0
0.0
0.0
0.0
0.0
0.0
0.0
0.0
0.0
0.0
0.0
0.0
0.0
0.0
0.0
0.0
0.0
0.0
0.0
0.0
0.0
0.0
0.0
0.0
0.0
0.0
0.0
0.0
0.0
0.0
0.0
0.0
0.0
0.0
0.0
0.0
0.0
0.0
0.0
0.0
0.0
0.0
0.0
0.0
0.0
0.0
0.0
0.0
0.0
0.0
0.0
0.0
0.0
0.0
0.0
0.0
