16662.6
15923.0
16143.8
14927.4
16165.6
16141.2
15993.2
16692.4
16866.6
17213.4
15498.0
17028.2
16320.4
16129.4
16685.8
17108.0
16545.8
16093.8
16707.6
16995.6
16928.0
15215.4
17160.2
15896.0
15769.8
17199.2
15306.6
16336.0
17499.2
16233.4
16522.0
16408.4
16464.0
17081.6
15852.0
18224.2
17099.0
16990.4
16288.4
16043.0
16307.0
17566.6
16999.6
16304.2
16043.6
17309.2
16542.0
16282.8
17627.2
16715.4
17261.6
16519.2
16480.6
16635.0
16530.8
17002.6
16153.4
17457.4
17519.4
17539.8
17225.2
16325.8
17869.2
18161.8
17098.2
16636.8
16107.6
16292.0
16791.6
18573.4
15198.6
16667.8
16537.2
15673.8
16447.2
15883.4
16412.6
17614.8
15252.2
16093.0
16257.0
18037.4
16952.4
16578.6
15666.8
14990.4
16323.2
16329.6
16939.8
16938.6
17646.0
15456.0
16138.4
15784.0
17140.2
16647.6
16632.8
16809.8
17107.2
17269.0
16530.6
15796.4
16382.0
17373.8
15971.4
17030.2
16368.0
17371.4
17043.2
17244.0
17018.8
15089.6
16392.6
15969.2
17451.6
16730.2
16106.2
17339.6
16121.4
17037.2
16632.0
15996.2
15993.8
17250.4
17074.4
16484.0
16702.0
16772.6
17590.2
16756.0
16715.2
17025.4
16426.2
17225.2
16704.2
16695.0
16251.8
17345.0
16766.6
16796.8
17214.0
16952.2
16498.6
16226.2
17245.4
17982.8
15696.6
16080.8
16045.2
16666.0
17519.6
16198.2
16232.8
16394.6
16249.4
16839.0
16613.0
16559.8
17346.4
16129.4
16616.2
16254.0
17452.4
17432.8
17592.6
17182.0
16579.2
17409.0
17065.4
17537.2
16050.0
17584.8
16801.2
16358.0
16398.4
16148.8
16662.4
15727.6
17011.2
15917.4
16515.6
17924.0
16359.4
16752.4
16522.8
16587.6
16593.0
16724.8
16706.2
16828.4
16959.0
16623.2
16431.2
15885.8
15262.0
17051.2
16648.2
16610.0
17258.2
17777.8
16699.6
16741.2
16274.0
16206.0
16940.6
16613.4
16214.4
16665.0
17103.4
17894.4
16676.0
17954.2
16472.0
16682.0
17292.4
16942.8
16134.4
17189.2
16498.2
16843.4
15995.2
17142.6
17143.2
16312.4
16082.0
17407.4
17241.8
16122.6
16035.8
15827.0
16904.0
16441.2
16603.4
16450.8
16426.0
15984.8
17199.6
16095.2
16863.0
17159.8
15422.0
15995.0
17111.0
17467.6
15197.6
14932.4
16967.8
15877.0
16080.6
16063.0
17422.4
16695.2
17274.8
17368.8
16727.2
16850.8
17153.4
15818.2
16440.0
16884.8
16970.2
17123.8
16434.6
16475.8
15633.8
15974.0
17471.6
15679.6
17090.2
16343.4
16963.0
17447.2
16676.8
16141.4
15680.6
17653.8
16365.8
18040.6
16877.0
16553.4
17447.2
16267.4
16617.8
17961.2
17339.0
16505.6
16700.4
16311.6
16560.2
16791.0
17212.2
17669.6
16489.4
17041.8
16180.0
16516.8
16339.2
16410.0
16604.8
17271.4
16176.4
16684.4
16092.0
15892.8
17378.6
16869.4
15786.0
16388.8
15705.6
16357.0
17283.4
16512.2
16643.2
16371.8
15961.0
16764.6
17216.2
16300.6
16059.2
16598.6
15269.8
16875.6
17266.4
16638.2
15746.0
15957.2
16301.8
16655.0
16507.8
16906.4
15755.6
17542.4
17636.2
17075.8
17882.2
16506.2
16953.6
17143.6
16468.0
16440.2
16037.0
16630.4
16265.2
17124.8
16650.8
18309.8
17455.6
12204.6
0.0
0.0
0.0
0.0
0.0
0.0
0.0
0.0
0.0
0.0
0.0
0.0
0.0
0.0
0.0
0.0
0.0
0.0
0.0
0.0
0.0
0.0
0.0
0.0
0.0
0.0
0.0
0.0
0.0
0.0
0.0
0.0
0.0
0.0
0.0
0.0
0.0
0.0
0.0
0.0
0.0
0.0
0.0
0.0
0.0
0.0
0.0
0.0
0.0
0.0
0.0
0.0
0.0
0.0
0.0
0.0
0.0
0.0
0.0
0.0
0.0
0.0
0.0
0.0
0.0
0.0
0.0
0.0
0.0
0.0
0.0
0.0
0.0
0.0
0.0
0.0
0.0
0.0
0.0
0.0
0.0
0.0
0.0
0.0
0.0
0.0
0.0
0.0
0.0
0.0
0.0
0.0
0.0
0.0
0.0
0.0
0.0
0.0
0.0
0.0
0.0
0.0
0.0
0.0
0.0
0.0
0.0
0.0
0.0
0.0
0.0
0.0
0.0
0.0
0.0
0.0
0.0
0.0
0.0
0.0
0.0
0.0
0.0
0.0
0.0
0.0
0.0
0.0
0.0
0.0
0.0
0.0
0.0
0.0
0.0
0.0
0.0
0.0
0.0
0.0
0.0
0.0
0.0
0.0
0.0
0.0
0.0
0.0
0.0
0.0
0.0
0.0
0.0
0.0
0.0
0.0
0.0
0.0
0.0
0.0
0.0
0.0
0.0
0.0
0.0
0.0
0.0
0.0
0.0
0.0
0.0
0.0
0.0
0.0
0.0
0.0
0.0
0.0
0.0
0.0
0.0
0.0
0.0
0.0
0.0
0.0
0.0
0.0
0.0
0.0
0.0
0.0
0.0
0.0
0.0
0.0
0.0
0.0
0.0
0.0
0.0
0.0
0.0
0.0
0.0
0.0
0.0
0.0
0.0
0.0
0.0
0.0
0.0
0.0
0.0
0.0
0.0
0.0
0.0
0.0
0.0
0.0
0.0
0.0
0.0
0.0
0.0
0.0
0.0
0.0
0.0
0.0
0.0
0.0
0.0
0.0
0.0
0.0
0.0
0.0
0.0
0.0
0.0
0.0
0.0
0.0
0.0
0.0
0.0
0.0
0.0
0.0
0.0
0.0
0.0
0.0
0.0
0.0
0.0
0.0
0.0
0.0
0.0
0.0
0.0
0.0
0.0
0.0
0.0
0.0
0.0
0.0
0.0
0.0
0.0
0.0
0.0
0.0
0.0
0.0
0.0
0.0
0.0
0.0
0.0
0.0
0.0
0.0
0.0
0.0
0.0
0.0
0.0
0.0
0.0
0.0
0.0
0.0
0.0
0.0
0.0
0.0
0.0
0.0
0.0
0.0
0.0
0.0
0.0
0.0
0.0
0.0
0.0
0.0
0.0
0.0
0.0
0.0
0.0
0.0
0.0
0.0
0.0
0.0
0.0
0.0
0.0
0.0
0.0
0.0
0.0
0.0
0.0
0.0
0.0
0.0
0.0
0.0
0.0
0.0
0.0
0.0
0.0
0.0
0.0
0.0
0.0
0.0
0.0
0.0
0.0
0.0
0.0
0.0
0.0
0.0
0.0
0.0
0.0
0.0
0.0
0.0
0.0
0.0
0.0
0.0
0.0
0.0
0.0
0.0
0.0
0.0
0.0
0.0
0.0
0.0
0.0
0.0
0.0
0.0
0.0
0.0
0.0
0.0
0.0
0.0
0.0
0.0
0.0
0.0
0.0
0.0
0.0
0.0
0.0
0.0
0.0
0.0
0.0
0.0
0.0
0.0
0.0
0.0
0.0
0.0
0.0
0.0
0.0
0.0
0.0
0.0
0.0
0.0
0.0
0.0
0.0
0.0
0.0
0.0
0.0
0.0
0.0
0.0
0.0
0.0
0.0
0.0
0.0
0.0
0.0
0.0
0.0
0.0
0.0
0.0
0.0
0.0
0.0
0.0
0.0
0.0
0.0
0.0
0.0
0.0
0.0
0.0
0.0
0.0
0.0
0.0
0.0
0.0
0.0
0.0
0.0
0.0
0.0
0.0
0.0
0.0
0.0
0.0
0.0
0.0
0.0
0.0
0.0
0.0
0.0
0.0
0.0
0.0
0.0
0.0
0.0
0.0
0.0
0.0
0.0
0.0
0.0
0.0
0.0
0.0
0.0
0.0
0.0
0.0
0.0
0.0
0.0
0.0
0.0
0.0
0.0
0.0
0.0
0.0
0.0
0.0
0.0
0.0
0.0
0.0
0.0
0.0
0.0
0.0
0.0
0.0
0.0
0.0
0.0
0.0
0.0
0.0
0.0
0.0
0.0
0.0
0.0
0.0
0.0
0.0
0.0
0.0
0.0
0.0
0.0
0.0
0.0
0.0
0.0
0.0
0.0
0.0
0.0
0.0
0.0
0.0
0.0
0.0
0.0
0.0
0.0
0.0
0.0
0.0
0.0
0.0
0.0
0.0
0.0
0.0
0.0
0.0
0.0
0.0
0.0
0.0
0.0
0.0
0.0
0.0
0.0
0.0
0.0
0.0
0.0
0.0
0.0
0.0
0.0
0.0
0.0
0.0
0.0
0.0
0.0
0.0
0.0
0.0
0.0
0.0
0.0
0.0
0.0
0.0
0.0
0.0
0.0
0.0
0.0
0.0
0.0
0.0
0.0
0.0
0.0
0.0
0.0
0.0
0.0
0.0
0.0
0.0
0.0
0.0
0.0
0.0
0.0
0.0
0.0
0.0
0.0
0.0
0.0
0.0
0.0
0.0
0.0
0.0
0.0
0.0
0.0
0.0
0.0
0.0
0.0
0.0
0.0
0.0
0.0
0.0
0.0
0.0
0.0
0.0
0.0
0.0
0.0
0.0
0.0
0.0
0.0
0.0
0.0
0.0
0.0
0.0
