13787.8
13188.6
13361.2
12375.4
13347.6
13377.2
13215.4
13798.2
13964.6
14264.0
12799.8
14103.0
13493.2
13363.8
13799.4
14150.6
13705.0
13298.4
13824.8
14071.4
14008.0
12594.2
14198.4
13165.4
13037.0
14238.6
12659.0
13522.0
14493.8
13398.4
13696.0
13584.0
13618.6
14148.6
13111.6
15107.8
14130.0
14054.4
13492.0
13255.8
13495.0
14530.4
14089.0
13481.4
13308.4
14295.0
13676.4
13488.6
14680.4
13764.2
14290.6
13643.2
13660.2
13752.6
13686.4
14078.6
13388.4
14433.4
14504.2
14515.4
14234.2
13540.0
14756.8
15066.0
14119.6
13774.0
13330.2
13489.2
13907.0
15340.6
12570.2
13773.8
13686.6
13006.6
13597.2
13150.8
13545.8
14616.2
12612.0
13319.0
13445.6
14913.0
14031.0
13739.8
12956.2
12405.8
13492.6
13539.2
14016.0
13984.6
14616.0
12778.4
13364.6
13061.6
14178.4
13786.6
13732.8
13933.8
14133.6
14287.0
13695.2
13088.6
13503.8
14415.6
13218.8
14129.8
13484.8
14362.2
14115.8
14302.0
14045.8
12527.0
13517.8
13219.0
14428.2
13864.8
13332.8
14341.4
13365.4
14142.0
13660.0
13254.6
13259.2
14218.8
14167.2
13617.8
13854.2
13843.8
14574.6
13834.0
13890.6
14136.0
13519.6
14271.2
13799.0
13824.8
13450.0
14331.2
13902.2
13884.4
14286.8
13985.2
13662.4
13469.4
14235.6
14845.4
13055.8
13280.0
13277.0
13756.0
14509.0
13426.8
13390.2
13584.2
13482.6
13842.0
13818.8
13666.2
14390.4
13348.0
13735.8
13408.4
14457.4
14437.8
14881.6
13933.0
13698.4
14427.8
14118.2
14515.6
13274.8
14531.0
13912.0
13560.0
13537.2
13393.0
13782.0
13034.0
14035.4
13164.8
13664.0
14837.6
13539.6
13857.8
13723.6
13702.4
13699.2
13790.4
13876.2
13959.8
14006.8
13771.0
13503.4
13218.0
12604.4
14089.0
13832.4
13727.6
14261.6
14756.6
13807.8
13891.2
13441.8
13423.0
13956.0
13750.6
13482.6
13743.8
14111.0
14856.4
13797.8
14892.6
13642.2
13767.0
14279.2
14055.4
13363.0
14213.0
13661.0
13938.6
13266.0
14131.2
14248.0
13499.4
13291.4
14385.4
14240.0
13399.0
13250.2
13094.0
14031.0
13593.6
13692.6
13691.4
13558.4
13627.6
13816.0
13294.2
13960.8
14204.0
12740.4
13290.0
14121.0
14449.4
12577.6
12387.4
14020.2
13093.8
13353.2
13234.4
14458.2
13833.8
14249.8
14396.2
13883.6
13928.2
14175.8
13064.2
13604.2
13955.8
14064.4
14158.8
13642.6
13626.2
12907.8
13264.8
14403.4
12988.4
14118.2
13567.4
13963.6
14477.0
13800.6
13456.6
12868.4
14662.2
13506.0
14965.0
13966.2
13670.4
14418.4
13464.6
13700.0
14966.0
14252.0
13649.8
13934.0
13389.0
13739.2
13898.6
14163.0
14666.6
13665.0
14093.4
13370.8
13738.4
13504.0
13583.8
13691.0
14343.8
13386.0
13788.6
13270.6
13214.6
14385.4
14023.8
12993.2
13575.8
12965.4
13485.0
14349.8
13718.6
13715.4
13568.2
13223.2
13900.4
14130.0
13539.4
13278.4
13778.2
12627.8
13912.0
14291.8
13797.4
12994.2
13265.2
13452.6
13802.8
13720.0
13917.4
14039.8
13543.6
14551.8
14097.6
14863.8
13605.4
14099.2
14114.8
13696.0
13511.0
13345.8
13712.0
13473.4
14135.8
13810.2
15068.0
14504.0
10650.8
0.0
0.0
0.0
0.0
0.0
0.0
0.0
0.0
0.0
0.0
0.0
0.0
0.0
0.0
0.0
0.0
0.0
0.0
0.0
0.0
0.0
0.0
0.0
0.0
0.0
0.0
0.0
0.0
0.0
0.0
0.0
0.0
0.0
0.0
0.0
0.0
0.0
0.0
0.0
0.0
0.0
0.0
0.0
0.0
0.0
0.0
0.0
0.0
0.0
0.0
0.0
0.0
0.0
0.0
0.0
0.0
0.0
0.0
0.0
0.0
0.0
0.0
0.0
0.0
0.0
0.0
0.0
0.0
0.0
0.0
0.0
0.0
0.0
0.0
0.0
0.0
0.0
0.0
0.0
0.0
0.0
0.0
0.0
0.0
0.0
0.0
0.0
0.0
0.0
0.0
0.0
0.0
0.0
0.0
0.0
0.0
0.0
0.0
0.0
0.0
0.0
0.0
0.0
0.0
0.0
0.0
0.0
0.0
0.0
0.0
0.0
0.0
0.0
0.0
0.0
0.0
0.0
0.0
0.0
0.0
0.0
0.0
0.0
0.0
0.0
0.0
0.0
0.0
0.0
0.0
0.0
0.0
0.0
0.0
0.0
0.0
0.0
0.0
0.0
0.0
0.0
0.0
0.0
0.0
0.0
0.0
0.0
0.0
0.0
0.0
0.0
0.0
0.0
0.0
0.0
0.0
0.0
0.0
0.0
0.0
0.0
0.0
0.0
0.0
0.0
0.0
0.0
0.0
0.0
0.0
0.0
0.0
0.0
0.0
0.0
0.0
0.0
0.0
0.0
0.0
0.0
0.0
0.0
0.0
0.0
0.0
0.0
0.0
0.0
0.0
0.0
0.0
0.0
0.0
0.0
0.0
0.0
0.0
0.0
0.0
0.0
0.0
0.0
0.0
0.0
0.0
0.0
0.0
0.0
0.0
0.0
0.0
0.0
0.0
0.0
0.0
0.0
0.0
0.0
0.0
0.0
0.0
0.0
0.0
0.0
0.0
0.0
0.0
0.0
0.0
0.0
0.0
0.0
0.0
0.0
0.0
0.0
0.0
0.0
0.0
0.0
0.0
0.0
0.0
0.0
0.0
0.0
0.0
0.0
0.0
0.0
0.0
0.0
0.0
0.0
0.0
0.0
0.0
0.0
0.0
0.0
0.0
0.0
0.0
0.0
0.0
0.0
0.0
0.0
0.0
0.0
0.0
0.0
0.0
0.0
0.0
0.0
0.0
0.0
0.0
0.0
0.0
0.0
0.0
0.0
0.0
0.0
0.0
0.0
0.0
0.0
0.0
0.0
0.0
0.0
0.0
0.0
0.0
0.0
0.0
0.0
0.0
0.0
0.0
0.0
0.0
0.0
0.0
0.0
0.0
0.0
0.0
0.0
0.0
0.0
0.0
0.0
0.0
0.0
0.0
0.0
0.0
0.0
0.0
0.0
0.0
0.0
0.0
0.0
0.0
0.0
0.0
0.0
0.0
0.0
0.0
0.0
0.0
0.0
0.0
0.0
0.0
0.0
0.0
0.0
0.0
0.0
0.0
0.0
0.0
0.0
0.0
0.0
0.0
0.0
0.0
0.0
0.0
0.0
0.0
0.0
0.0
0.0
0.0
0.0
0.0
0.0
0.0
0.0
0.0
0.0
0.0
0.0
0.0
0.0
0.0
0.0
0.0
0.0
0.0
0.0
0.0
0.0
0.0
0.0
0.0
0.0
0.0
0.0
0.0
0.0
0.0
0.0
0.0
0.0
0.0
0.0
0.0
0.0
0.0
0.0
0.0
0.0
0.0
0.0
0.0
0.0
0.0
0.0
0.0
0.0
0.0
0.0
0.0
0.0
0.0
0.0
0.0
0.0
0.0
0.0
0.0
0.0
0.0
0.0
0.0
0.0
0.0
0.0
0.0
0.0
0.0
0.0
0.0
0.0
0.0
0.0
0.0
0.0
0.0
0.0
0.0
0.0
0.0
0.0
0.0
0.0
0.0
0.0
0.0
0.0
0.0
0.0
0.0
0.0
0.0
0.0
0.0
0.0
0.0
0.0
0.0
0.0
0.0
0.0
0.0
0.0
0.0
0.0
0.0
0.0
0.0
0.0
0.0
0.0
0.0
0.0
0.0
0.0
0.0
0.0
0.0
0.0
0.0
0.0
0.0
0.0
0.0
0.0
0.0
0.0
0.0
0.0
0.0
0.0
0.0
0.0
0.0
0.0
0.0
0.0
0.0
0.0
0.0
0.0
0.0
0.0
0.0
0.0
0.0
0.0
0.0
0.0
0.0
0.0
0.0
0.0
0.0
0.0
0.0
0.0
0.0
0.0
0.0
0.0
0.0
0.0
0.0
0.0
0.0
0.0
0.0
0.0
0.0
0.0
0.0
0.0
0.0
0.0
0.0
0.0
0.0
0.0
0.0
0.0
0.0
0.0
0.0
0.0
0.0
0.0
0.0
0.0
0.0
0.0
0.0
0.0
0.0
0.0
0.0
0.0
0.0
0.0
0.0
0.0
0.0
0.0
0.0
0.0
0.0
0.0
0.0
0.0
0.0
0.0
0.0
0.0
0.0
0.0
0.0
0.0
0.0
0.0
0.0
0.0
0.0
0.0
0.0
0.0
0.0
0.0
0.0
0.0
0.0
0.0
0.0
0.0
0.0
0.0
0.0
0.0
0.0
0.0
0.0
0.0
0.0
0.0
0.0
0.0
0.0
0.0
0.0
0.0
0.0
0.0
0.0
0.0
0.0
0.0
0.0
0.0
0.0
0.0
0.0
0.0
0.0
0.0
0.0
0.0
0.0
0.0
0.0
0.0
0.0
0.0
0.0
0.0
0.0
0.0
0.0
0.0
0.0
0.0
0.0
0.0
0.0
0.0
0.0
0.0
0.0
0.0
0.0
