10859.0
10488.2
10587.8
9787.0
10577.8
10585.8
10468.6
10907.4
11055.4
11267.8
10126.0
11159.6
10688.4
10566.0
10921.2
11202.6
10851.4
10507.8
10962.6
11147.0
11092.4
9981.4
11225.4
10422.2
10313.6
11276.8
9999.4
10703.6
11490.0
10582.4
10845.0
10787.0
10740.2
11198.0
10418.0
11917.6
11179.8
11152.6
10658.2
10497.0
10685.2
11503.2
11135.6
10629.2
10515.8
11285.6
10841.6
10738.4
11462.4
10997.0
11311.6
10799.2
10811.0
10895.6
10845.2
11172.4
10516.2
11397.4
11472.8
11523.8
11266.0
10743.8
11635.8
11952.2
11250.6
10914.4
10445.4
10676.2
11033.2
12110.2
9972.8
10894.6
10867.6
10284.8
10760.8
10453.0
10624.2
11637.6
9954.2
10570.4
10640.2
11786.6
11089.4
10854.2
10314.4
9856.2
10690.0
10570.8
11182.6
11016.4
11557.4
10146.6
10687.0
10263.8
11230.6
10854.0
10878.4
11040.6
11185.6
11277.8
10872.6
10355.6
10646.0
11401.4
10475.6
11239.6
10584.2
11465.2
11105.0
11356.6
11100.4
10074.4
10579.4
10463.0
11381.0
10969.6
10525.6
11444.4
10463.0
11150.0
10906.8
10543.8
10445.0
11248.4
11196.0
10841.8
11002.2
10881.2
11531.4
10899.2
11081.0
11185.8
10622.2
11369.0
10831.0
10991.6
10579.2
11299.6
11049.0
11039.2
11354.4
10844.2
10879.4
10813.0
11284.4
11612.8
10452.0
10426.8
10486.0
10856.8
11543.8
10661.4
10621.4
10733.4
10758.2
10833.6
10822.6
10964.2
11399.6
10417.6
10988.4
10541.4
11436.6
11357.8
11839.0
11097.6
10782.6
11417.6
11249.0
11461.4
10489.6
11480.0
10991.0
10878.2
10548.4
10689.4
10864.2
10324.2
11045.2
10489.4
10729.2
11763.6
10822.8
10958.8
10907.0
10827.6
10791.8
10777.4
11006.6
11197.6
11101.0
10861.0
10556.4
10593.6
9834.4
11143.2
11029.0
10844.8
11227.2
11793.0
10938.6
11039.6
10643.8
10597.6
10869.0
10959.6
10808.8
10808.8
10939.2
11913.2
10914.8
11865.2
10844.4
10759.0
11218.6
11195.4
10625.8
11104.2
10853.4
11072.6
10699.4
10912.0
11356.6
10672.8
10588.8
11169.6
11343.6
10703.4
10477.2
10447.0
11129.0
10679.6
10782.2
10939.0
10609.4
10901.8
10864.8
10454.4
11090.6
11233.6
10135.4
10601.6
10985.0
11553.2
9967.6
9965.8
10909.8
10220.0
10699.6
10471.8
11441.6
10857.4
11338.4
11368.8
11237.0
10921.4
11239.6
10003.2
10996.4
10985.0
11171.6
11191.8
10781.0
10904.8
10157.0
10628.0
11156.8
10350.0
11157.8
10858.4
10912.0
11550.4
10758.8
10852.8
10013.8
11729.4
10682.8
11718.2
11156.8
10900.0
11207.2
10793.2
10676.0
12002.2
11174.6
10829.4
11144.6
10511.8
10997.8
10904.4
11148.6
11705.2
10729.8
11148.6
10678.6
10909.8
10564.8
10834.0
10759.0
11253.4
10724.4
10920.2
10468.6
10478.2
11332.6
11223.4
10203.0
10717.4
10324.4
10555.8
11358.8
10966.2
10682.0
10821.6
10612.6
10904.6
11069.2
10794.2
10617.8
10745.0
10181.6
10798.8
11385.4
10916.2
10180.4
10491.8
10774.4
10966.2
10715.2
11001.8
11025.8
10861.8
11494.8
11036.6
11883.2
10759.2
11226.6
10983.8
11006.2
10482.8
10717.4
10782.8
10768.8
10897.8
11187.8
11674.8
11769.6
9831.0
2.6
0.0
0.0
0.0
0.0
0.0
0.0
0.0
0.0
0.0
0.0
0.0
0.0
0.0
0.0
0.0
0.0
0.0
0.0
0.0
0.0
0.0
0.0
0.0
0.0
0.0
0.0
0.0
0.0
0.0
0.0
0.0
0.0
0.0
0.0
0.0
0.0
0.0
0.0
0.0
0.0
0.0
0.0
0.0
0.0
0.0
0.0
0.0
0.0
0.0
0.0
0.0
0.0
0.0
0.0
0.0
0.0
0.0
0.0
0.0
0.0
0.0
0.0
0.0
0.0
0.0
0.0
0.0
0.0
0.0
0.0
0.0
0.0
0.0
0.0
0.0
0.0
0.0
0.0
0.0
0.0
0.0
0.0
0.0
0.0
0.0
0.0
0.0
0.0
0.0
0.0
0.0
0.0
0.0
0.0
0.0
0.0
0.0
0.0
0.0
0.0
0.0
0.0
0.0
0.0
0.0
0.0
0.0
0.0
0.0
0.0
0.0
0.0
0.0
0.0
0.0
0.0
0.0
0.0
0.0
0.0
0.0
0.0
0.0
0.0
0.0
0.0
0.0
0.0
0.0
0.0
0.0
0.0
0.0
0.0
0.0
0.0
0.0
0.0
0.0
0.0
0.0
0.0
0.0
0.0
0.0
0.0
0.0
0.0
0.0
0.0
0.0
0.0
0.0
0.0
0.0
0.0
0.0
0.0
0.0
0.0
0.0
0.0
0.0
0.0
0.0
0.0
0.0
0.0
0.0
0.0
0.0
0.0
0.0
0.0
0.0
0.0
0.0
0.0
0.0
0.0
0.0
0.0
0.0
0.0
0.0
0.0
0.0
0.0
0.0
0.0
0.0
0.0
0.0
0.0
0.0
0.0
0.0
0.0
0.0
0.0
0.0
0.0
0.0
0.0
0.0
0.0
0.0
0.0
0.0
0.0
0.0
0.0
0.0
0.0
0.0
0.0
0.0
0.0
0.0
0.0
0.0
0.0
0.0
0.0
0.0
0.0
0.0
0.0
0.0
0.0
0.0
0.0
0.0
0.0
0.0
0.0
0.0
0.0
0.0
0.0
0.0
0.0
0.0
0.0
0.0
0.0
0.0
0.0
0.0
0.0
0.0
0.0
0.0
0.0
0.0
0.0
0.0
0.0
0.0
0.0
0.0
0.0
0.0
0.0
0.0
0.0
0.0
0.0
0.0
0.0
0.0
0.0
0.0
0.0
0.0
0.0
0.0
0.0
0.0
0.0
0.0
0.0
0.0
0.0
0.0
0.0
0.0
0.0
0.0
0.0
0.0
0.0
0.0
0.0
0.0
0.0
0.0
0.0
0.0
0.0
0.0
0.0
0.0
0.0
0.0
0.0
0.0
0.0
0.0
0.0
0.0
0.0
0.0
0.0
0.0
0.0
0.0
0.0
0.0
0.0
0.0
0.0
0.0
0.0
0.0
0.0
0.0
0.0
0.0
0.0
0.0
0.0
0.0
0.0
0.0
0.0
0.0
0.0
0.0
0.0
0.0
0.0
0.0
0.0
0.0
0.0
0.0
0.0
0.0
0.0
0.0
0.0
0.0
0.0
0.0
0.0
0.0
0.0
0.0
0.0
0.0
0.0
0.0
0.0
0.0
0.0
0.0
0.0
0.0
0.0
0.0
0.0
0.0
0.0
0.0
0.0
0.0
0.0
0.0
0.0
0.0
0.0
0.0
0.0
0.0
0.0
0.0
0.0
0.0
0.0
0.0
0.0
0.0
0.0
0.0
0.0
0.0
0.0
0.0
0.0
0.0
0.0
0.0
0.0
0.0
0.0
0.0
0.0
0.0
0.0
0.0
0.0
0.0
0.0
0.0
0.0
0.0
0.0
0.0
0.0
0.0
0.0
0.0
0.0
0.0
0.0
0.0
0.0
0.0
0.0
0.0
0.0
0.0
0.0
0.0
0.0
0.0
0.0
0.0
0.0
0.0
0.0
0.0
0.0
0.0
0.0
0.0
0.0
0.0
0.0
0.0
0.0
0.0
0.0
0.0
0.0
0.0
0.0
0.0
0.0
0.0
0.0
0.0
0.0
0.0
0.0
0.0
0.0
0.0
0.0
0.0
0.0
0.0
0.0
0.0
0.0
0.0
0.0
0.0
0.0
0.0
0.0
0.0
0.0
0.0
0.0
0.0
0.0
0.0
0.0
0.0
0.0
0.0
0.0
0.0
0.0
0.0
0.0
0.0
0.0
0.0
0.0
0.0
0.0
0.0
0.0
0.0
0.0
0.0
0.0
0.0
0.0
0.0
0.0
0.0
0.0
0.0
0.0
0.0
0.0
0.0
0.0
0.0
0.0
0.0
0.0
0.0
0.0
0.0
0.0
0.0
0.0
0.0
0.0
0.0
0.0
0.0
0.0
0.0
0.0
0.0
0.0
0.0
0.0
0.0
0.0
0.0
0.0
0.0
0.0
0.0
0.0
0.0
0.0
0.0
0.0
0.0
0.0
0.0
0.0
0.0
0.0
0.0
0.0
0.0
0.0
0.0
0.0
0.0
0.0
0.0
0.0
0.0
0.0
0.0
0.0
0.0
0.0
0.0
0.0
0.0
0.0
0.0
0.0
0.0
0.0
0.0
0.0
0.0
0.0
0.0
0.0
0.0
0.0
0.0
0.0
0.0
0.0
0.0
0.0
0.0
0.0
0.0
0.0
0.0
0.0
0.0
0.0
0.0
0.0
0.0
0.0
0.0
0.0
0.0
0.0
0.0
0.0
0.0
0.0
0.0
0.0
0.0
0.0
0.0
0.0
0.0
0.0
0.0
0.0
0.0
0.0
0.0
0.0
0.0
0.0
0.0
0.0
0.0
0.0
0.0
0.0
0.0
0.0
0.0
0.0
0.0
0.0
0.0
0.0
0.0
