19462.0
18698.6
18972.6
17486.4
18980.4
18921.8
18703.6
19579.0
19719.4
20212.4
18151.6
19971.4
19118.0
18945.2
19548.2
20060.8
19414.8
18879.4
19608.2
19900.2
19875.8
17821.6
20137.4
18603.6
18511.8
20172.8
17950.0
19144.2
20493.6
19012.4
19407.0
19240.6
19320.0
20015.6
18581.8
21396.8
20048.2
19900.4
19124.0
18799.4
19079.8
20605.2
19936.8
19098.6
18868.8
20255.2
19315.6
19149.8
20680.8
19623.2
20209.8
19376.8
19328.4
19510.6
19368.8
19966.2
18740.6
20654.0
20521.6
20611.8
20155.6
19228.6
20864.0
21327.8
20025.8
19543.0
18896.6
19087.4
19711.6
21732.2
17043.4
20310.8
19321.2
18432.8
19275.6
18604.0
18961.4
20975.4
17873.2
18881.0
19048.8
21083.0
19944.0
19208.8
18579.2
17579.0
19113.6
19157.6
19841.8
19815.6
20629.6
18142.8
18974.8
18518.4
20093.8
19523.2
19066.0
19903.8
20274.4
20226.4
19395.0
18555.8
19202.0
20364.6
18756.0
20013.4
19080.4
20410.2
19999.0
20207.0
19960.6
17718.4
19208.0
18092.4
21125.0
19543.2
18913.8
20327.6
18841.8
20090.8
19457.4
18761.2
18776.8
19889.8
20379.8
19274.4
19550.8
19642.8
20658.8
19620.8
19580.2
20078.2
19124.2
20271.2
19425.2
19734.8
19101.6
20218.8
19751.2
19633.2
20088.0
17879.8
20497.2
19156.8
18267.8
19038.6
16909.6
16270.8
16246.6
16763.8
17339.8
16120.0
15621.8
15901.8
16388.8
16616.4
15987.8
16310.2
17105.2
15792.6
17109.6
16465.4
17355.6
16886.4
18014.2
16007.0
17723.4
16381.8
16121.6
45556.0
29133.0
18170.8
15868.0
17650.8
15543.0
15373.4
15829.2
14922.6
16157.0
30055.0
22923.2
16932.2
15580.4
24116.6
15991.2
15979.8
15886.6
17022.8
15962.0
15984.8
16059.4
16794.0
15664.2
18903.0
14451.4
16204.6
15742.6
15697.6
16095.4
17045.6
16998.6
15863.2
15340.6
22133.6
16041.0
15778.0
15252.0
15731.4
16129.6
23472.6
15714.0
16885.4
15590.0
15926.0
24102.8
16133.4
15441.6
16202.6
34966.0
15943.2
15097.2
16176.4
16324.4
15475.2
15182.0
16189.2
14632.4
15049.4
13886.4
13548.6
9876.8
15935.4
9423.2
22067.4
45204.2
10371.6
40580.2
10001.6
9724.2
10147.2
8685.0
9303.4
10513.8
9978.6
8971.4
9465.2
10838.8
9096.0
10015.6
9703.0
14108.8
9959.4
14045.2
36010.2
9030.2
34619.4
11223.6
8763.0
9173.0
9329.2
9603.8
8765.6
36419.8
8256.4
8032.6
10681.6
22088.6
7869.4
8583.0
8252.6
8340.2
15394.0
8410.8
10942.4
7817.8
8744.0
15103.0
13101.6
8380.2
76634.2
10744.8
11827.6
37233.0
14368.4
31382.6
10686.4
2447.8
3172.2
10297.0
45379.8
4281.8
3666.0
25537.4
2096.4
10001.8
2485.2
2437.4
40407.8
2141.4
2551.2
2962.0
2333.2
3258.0
4297.8
2517.8
2570.2
2242.4
3750.6
3401.0
2477.8
3334.2
2496.0
2251.8
7100.0
2809.8
2163.4
1619.2
1813.2
1799.4
1698.6
1525.2
1610.8
38618.8
11454.0
1394.8
1407.0
1640.4
1755.2
1600.4
1911.4
37894.4
1673.0
1928.6
21127.8
2058.2
1971.0
2148.8
2450.4
2135.4
2626.0
2369.8
2807.6
2526.6
2483.8
2761.4
2723.2
2797.2
2485.6
2716.0
2844.6
3011.6
2986.0
2655.2
2748.6
2861.0
2556.2
2653.4
2562.8
2522.0
2469.6
2250.8
2023.0
2238.2
2217.8
1835.2
2102.4
2207.6
2014.4
2125.4
2133.8
2305.8
1987.6
2474.6
1651.4
2129.4
1860.0
2045.4
1997.2
2208.0
1823.4
1811.0
1978.8
2257.0
2168.6
1909.8
1538.4
1948.0
2091.6
2176.8
2082.2
1662.4
1664.6
1651.8
1782.6
1768.8
1850.6
1417.8
1665.0
1508.8
1448.2
1716.4
1582.2
1900.0
1568.4
1461.6
1517.6
1298.6
1312.8
1173.8
1356.8
1035.6
1257.0
1322.8
1262.8
1468.0
1471.0
1384.2
1468.8
1597.2
1236.6
1106.2
1449.8
1282.4
1567.8
1218.8
1170.8
1269.0
808.6
813.4
1106.8
1399.4
894.6
875.2
732.6
1075.2
891.4
697.0
1064.6
869.0
848.6
797.4
750.6
1020.0
902.2
687.2
790.2
560.8
487.6
609.2
485.2
589.6
554.8
352.8
541.2
465.8
363.4
400.0
284.2
537.0
421.8
529.4
338.2
502.6
645.6
440.2
626.8
703.6
349.0
585.2
682.2
644.6
675.8
527.4
582.2
474.6
473.4
389.4
385.8
403.2
207.0
211.6
114.2
240.4
76.0
33.2
120.0
83.0
58.2
57.4
0.0
0.0
0.0
0.0
0.0
0.0
0.0
0.0
0.0
0.0
0.0
0.0
0.0
0.0
0.0
0.0
0.0
0.0
0.0
0.0
0.0
0.0
0.0
0.0
0.0
0.0
0.0
0.0
0.0
0.0
0.0
0.0
0.0
0.0
0.0
0.0
0.0
0.0
0.0
0.0
0.0
0.0
0.0
0.0
0.0
0.0
0.0
0.0
0.0
0.0
0.0
0.0
0.0
0.0
0.0
0.0
0.0
0.0
0.0
0.0
0.0
0.0
0.0
0.0
0.0
0.0
0.0
0.0
0.0
0.0
0.0
0.0
0.0
0.0
0.0
0.0
0.0
0.0
0.0
0.0
0.0
0.0
0.0
0.0
0.0
0.0
0.0
0.0
0.0
0.0
0.0
0.0
0.0
0.0
0.0
0.0
0.0
0.0
0.0
0.0
0.0
0.0
0.0
0.0
0.0
0.0
0.0
0.0
0.0
0.0
0.0
0.0
0.0
0.0
0.0
0.0
0.0
0.0
0.0
0.0
0.0
0.0
0.0
0.0
0.0
0.0
0.0
0.0
0.0
0.0
0.0
0.0
0.0
0.0
0.0
0.0
0.0
0.0
0.0
0.0
0.0
0.0
0.0
0.0
0.0
0.0
0.0
0.0
0.0
0.0
0.0
0.0
0.0
0.0
0.0
0.0
0.0
0.0
0.0
0.0
0.0
0.0
0.0
0.0
0.0
0.0
0.0
0.0
0.0
0.0
0.0
0.0
0.0
0.0
0.0
0.0
0.0
0.0
0.0
0.0
0.0
0.0
0.0
0.0
0.0
0.0
0.0
0.0
0.0
0.0
0.0
0.0
0.0
0.0
0.0
0.0
0.0
0.0
0.0
0.0
0.0
0.0
0.0
0.0
0.0
0.0
0.0
0.0
0.0
0.0
0.0
0.0
0.0
0.0
0.0
0.0
0.0
0.0
0.0
0.0
0.0
0.0
0.0
0.0
0.0
0.0
0.0
0.0
0.0
0.0
0.0
0.0
0.0
0.0
0.0
0.0
0.0
0.0
0.0
0.0
0.0
0.0
0.0
0.0
0.0
0.0
0.0
0.0
0.0
0.0
0.0
0.0
0.0
0.0
0.0
0.0
0.0
0.0
0.0
0.0
0.0
0.0
0.0
0.0
0.0
0.0
0.0
0.0
0.0
0.0
0.0
0.0
0.0
0.0
0.0
0.0
0.0
0.0
0.0
0.0
0.0
0.0
0.0
0.0
0.0
0.0
0.0
0.0
0.0
0.0
0.0
0.0
0.0
0.0
0.0
0.0
0.0
0.0
0.0
0.0
0.0
0.0
0.0
0.0
0.0
0.0
0.0
0.0
0.0
0.0
0.0
0.0
0.0
0.0
0.0
0.0
0.0
0.0
0.0
0.0
0.0
0.0
0.0
0.0
0.0
0.0
0.0
0.0
0.0
0.0
0.0
0.0
0.0
0.0
0.0
0.0
0.0
0.0
0.0
0.0
0.0
0.0
0.0
0.0
0.0
0.0
0.0
0.0
0.0
0.0
0.0
0.0
0.0
0.0
0.0
0.0
0.0
0.0
0.0
0.0
0.0
0.0
0.0
0.0
0.0
0.0
0.0
0.0
0.0
0.0
0.0
0.0
0.0
0.0
0.0
0.0
0.0
0.0
0.0
0.0
0.0
0.0
0.0
0.0
0.0
0.0
0.0
0.0
0.0
0.0
0.0
0.0
0.0
0.0
0.0
0.0
0.0
0.0
0.0
0.0
0.0
0.0
0.0
0.0
0.0
0.0
0.0
0.0
0.0
0.0
0.0
0.0
0.0
0.0
0.0
0.0
0.0
0.0
0.0
0.0
0.0
0.0
0.0
0.0
0.0
0.0
0.0
0.0
0.0
0.0
0.0
0.0
0.0
0.0
0.0
0.0
0.0
0.0
0.0
0.0
0.0
0.0
0.0
0.0
0.0
0.0
0.0
0.0
0.0
0.0
0.0
0.0
0.0
0.0
0.0
0.0
0.0
0.0
0.0
0.0
0.0
0.0
0.0
0.0
0.0
0.0
0.0
0.0
0.0
0.0
0.0
0.0
0.0
0.0
0.0
0.0
0.0
0.0
0.0
0.0
0.0
0.0
0.0
0.0
0.0
0.0
0.0
0.0
0.0
0.0
0.0
0.0
0.0
0.0
0.0
0.0
0.0
0.0
0.0
0.0
0.0
0.0
0.0
0.0
0.0
0.0
0.0
0.0
0.0
0.0
0.0
