10934.6
10429.4
10579.8
9797.6
10553.4
10584.6
10467.8
10921.6
11059.6
11279.6
10148.6
11162.6
10673.2
10579.6
10919.0
11191.8
10858.8
10520.4
10969.8
11132.8
11083.8
9957.2
11239.4
10424.6
10297.0
11282.4
10001.8
10714.2
11480.6
10627.2
10830.2
10764.6
10771.0
11204.8
10391.0
11949.0
11180.8
11139.4
10673.0
10498.8
10691.0
11505.0
11136.2
10672.0
10534.6
11311.0
10833.6
10678.8
11594.4
10892.0
11328.6
10805.4
10816.2
10892.8
10837.2
11156.6
10590.2
11418.0
11455.8
11506.6
11249.8
10734.8
11680.4
11930.8
11193.8
10914.4
10543.8
10672.0
11013.8
12144.6
9954.8
10902.2
10838.6
10301.8
10762.2
10413.2
10716.0
11573.2
9982.4
10531.4
10648.8
11811.8
11098.2
10875.8
10267.2
9817.6
10692.4
10678.2
11103.0
11036.4
11591.6
10112.0
10614.8
10304.8
11248.6
10886.6
10872.4
11027.0
11215.2
11300.8
10837.4
10371.8
10692.2
11400.4
10472.4
11173.4
10665.8
11381.6
11160.0
11327.6
11100.8
9967.4
10665.6
10467.4
11397.2
10973.8
10532.0
11395.0
10526.0
11195.8
10834.4
10517.0
10475.0
11012.8
11445.0
10817.4
10978.6
10941.2
11525.6
10944.4
11026.2
11190.4
10662.6
11334.6
10885.6
10972.6
10644.6
11330.0
10989.6
11014.0
11346.6
10985.8
10834.6
10707.6
11260.4
11689.2
10409.2
10453.8
10505.4
10873.2
11486.4
10664.8
10582.2
10741.4
10700.4
10925.4
10903.6
10846.0
11415.6
10494.2
10935.2
10558.8
11448.2
11441.4
11794.0
11043.6
10811.6
11402.8
11212.4
11478.4
10493.4
11514.6
11001.8
10777.8
10635.8
10630.4
10875.4
10357.2
11070.4
10449.2
10770.4
11752.2
10765.4
10984.4
10877.0
10848.0
10815.6
10830.4
11031.4
11127.4
11064.0
10895.2
10637.2
10517.0
9906.0
11149.6
10994.2
10877.0
11235.8
11711.8
10936.6
11018.8
10612.4
10665.4
10899.0
10951.2
10788.2
10823.6
11096.8
11785.4
10912.0
11833.2
10827.2
10815.2
11275.8
11183.0
10588.4
11161.6
10865.2
11035.4
10612.2
11043.4
11331.4
10668.8
10531.0
11340.8
11271.6
10690.2
10481.8
10362.8
11127.2
10765.0
10824.0
10912.6
10637.6
10869.6
10886.8
10533.2
11022.8
11228.4
10054.8
10616.4
11126.6
11450.8
9983.2
9823.8
10933.6
10396.0
10661.4
10433.8
11460.8
10995.0
11212.4
11387.6
11155.6
10963.8
11196.0
10219.0
10880.4
10975.0
11155.2
11210.4
10820.6
10806.6
10179.6
10573.0
11256.8
10386.4
11117.4
10799.6
10981.0
11495.4
10882.2
10732.4
10074.4
11699.2
10686.8
11778.4
11107.8
10838.8
11376.8
10667.6
10786.4
11931.8
11204.4
10831.0
11115.0
10497.8
10916.0
11000.4
11163.4
11637.6
10817.4
11122.2
10615.4
10903.0
10648.0
10770.4
10806.2
11351.4
10620.0
10939.4
10454.0
10457.4
11395.0
11175.0
10185.8
10745.0
10309.8
10592.6
11398.2
10932.4
10726.0
10811.2
10503.0
10958.0
11095.8
10789.6
10534.8
10837.4
10117.0
10915.0
11324.0
10906.8
10249.2
10525.6
10703.8
10929.4
10838.0
10963.2
11070.0
10785.6
11567.2
11041.2
11857.2
10694.2
11216.2
11044.4
10965.8
10591.4
10641.0
10842.8
10722.8
11028.8
11044.2
11884.2
11568.4
9088.0
0.0
0.0
0.0
0.0
0.0
0.0
0.0
0.0
0.0
0.0
0.0
0.0
0.0
0.0
0.0
0.0
0.0
0.0
0.0
0.0
0.0
0.0
0.0
0.0
0.0
0.0
0.0
0.0
0.0
0.0
0.0
0.0
0.0
0.0
0.0
0.0
0.0
0.0
0.0
0.0
0.0
0.0
0.0
0.0
0.0
0.0
0.0
0.0
0.0
0.0
0.0
0.0
0.0
0.0
0.0
0.0
0.0
0.0
0.0
0.0
0.0
0.0
0.0
0.0
0.0
0.0
0.0
0.0
0.0
0.0
0.0
0.0
0.0
0.0
0.0
0.0
0.0
0.0
0.0
0.0
0.0
0.0
0.0
0.0
0.0
0.0
0.0
0.0
0.0
0.0
0.0
0.0
0.0
0.0
0.0
0.0
0.0
0.0
0.0
0.0
0.0
0.0
0.0
0.0
0.0
0.0
0.0
0.0
0.0
0.0
0.0
0.0
0.0
0.0
0.0
0.0
0.0
0.0
0.0
0.0
0.0
0.0
0.0
0.0
0.0
0.0
0.0
0.0
0.0
0.0
0.0
0.0
0.0
0.0
0.0
0.0
0.0
0.0
0.0
0.0
0.0
0.0
0.0
0.0
0.0
0.0
0.0
0.0
0.0
0.0
0.0
0.0
0.0
0.0
0.0
0.0
0.0
0.0
0.0
0.0
0.0
0.0
0.0
0.0
0.0
0.0
0.0
0.0
0.0
0.0
0.0
0.0
0.0
0.0
0.0
0.0
0.0
0.0
0.0
0.0
0.0
0.0
0.0
0.0
0.0
0.0
0.0
0.0
0.0
0.0
0.0
0.0
0.0
0.0
0.0
0.0
0.0
0.0
0.0
0.0
0.0
0.0
0.0
0.0
0.0
0.0
0.0
0.0
0.0
0.0
0.0
0.0
0.0
0.0
0.0
0.0
0.0
0.0
0.0
0.0
0.0
0.0
0.0
0.0
0.0
0.0
0.0
0.0
0.0
0.0
0.0
0.0
0.0
0.0
0.0
0.0
0.0
0.0
0.0
0.0
0.0
0.0
0.0
0.0
0.0
0.0
0.0
0.0
0.0
0.0
0.0
0.0
0.0
0.0
0.0
0.0
0.0
0.0
0.0
0.0
0.0
0.0
0.0
0.0
0.0
0.0
0.0
0.0
0.0
0.0
0.0
0.0
0.0
0.0
0.0
0.0
0.0
0.0
0.0
0.0
0.0
0.0
0.0
0.0
0.0
0.0
0.0
0.0
0.0
0.0
0.0
0.0
0.0
0.0
0.0
0.0
0.0
0.0
0.0
0.0
0.0
0.0
0.0
0.0
0.0
0.0
0.0
0.0
0.0
0.0
0.0
0.0
0.0
0.0
0.0
0.0
0.0
0.0
0.0
0.0
0.0
0.0
0.0
0.0
0.0
0.0
0.0
0.0
0.0
0.0
0.0
0.0
0.0
0.0
0.0
0.0
0.0
0.0
0.0
0.0
0.0
0.0
0.0
0.0
0.0
0.0
0.0
0.0
0.0
0.0
0.0
0.0
0.0
0.0
0.0
0.0
0.0
0.0
0.0
0.0
0.0
0.0
0.0
0.0
0.0
0.0
0.0
0.0
0.0
0.0
0.0
0.0
0.0
0.0
0.0
0.0
0.0
0.0
0.0
0.0
0.0
0.0
0.0
0.0
0.0
0.0
0.0
0.0
0.0
0.0
0.0
0.0
0.0
0.0
0.0
0.0
0.0
0.0
0.0
0.0
0.0
0.0
0.0
0.0
0.0
0.0
0.0
0.0
0.0
0.0
0.0
0.0
0.0
0.0
0.0
0.0
0.0
0.0
0.0
0.0
0.0
0.0
0.0
0.0
0.0
0.0
0.0
0.0
0.0
0.0
0.0
0.0
0.0
0.0
0.0
0.0
0.0
0.0
0.0
0.0
0.0
0.0
0.0
0.0
0.0
0.0
0.0
0.0
0.0
0.0
0.0
0.0
0.0
0.0
0.0
0.0
0.0
0.0
0.0
0.0
0.0
0.0
0.0
0.0
0.0
0.0
0.0
0.0
0.0
0.0
0.0
0.0
0.0
0.0
0.0
0.0
0.0
0.0
0.0
0.0
0.0
0.0
0.0
0.0
0.0
0.0
0.0
0.0
0.0
0.0
0.0
0.0
0.0
0.0
0.0
0.0
0.0
0.0
0.0
0.0
0.0
0.0
0.0
0.0
0.0
0.0
0.0
0.0
0.0
0.0
0.0
0.0
0.0
0.0
0.0
0.0
0.0
0.0
0.0
0.0
0.0
0.0
0.0
0.0
0.0
0.0
0.0
0.0
0.0
0.0
0.0
0.0
0.0
0.0
0.0
0.0
0.0
0.0
0.0
0.0
0.0
0.0
0.0
0.0
0.0
0.0
0.0
0.0
0.0
0.0
0.0
0.0
0.0
0.0
0.0
0.0
0.0
0.0
0.0
0.0
0.0
0.0
0.0
0.0
0.0
0.0
0.0
0.0
0.0
0.0
0.0
0.0
0.0
0.0
0.0
0.0
0.0
0.0
0.0
0.0
0.0
0.0
0.0
0.0
0.0
0.0
0.0
0.0
0.0
0.0
0.0
0.0
0.0
0.0
0.0
0.0
0.0
0.0
0.0
0.0
0.0
0.0
0.0
0.0
0.0
0.0
0.0
0.0
0.0
0.0
0.0
0.0
0.0
0.0
0.0
0.0
0.0
0.0
0.0
0.0
0.0
0.0
0.0
0.0
0.0
0.0
0.0
0.0
0.0
0.0
0.0
0.0
0.0
0.0
0.0
0.0
0.0
0.0
0.0
0.0
0.0
0.0
0.0
0.0
0.0
0.0
0.0
0.0
0.0
0.0
0.0
0.0
