10948.6
10426.2
10580.8
9802.2
10540.6
10576.6
10483.8
10908.0
11081.4
11272.4
10153.4
11157.8
10675.2
10585.2
10949.4
11157.6
10840.8
10549.4
10934.6
11162.4
11073.6
9969.6
11245.6
10430.8
10328.2
11266.4
10020.8
10700.8
11484.2
10648.8
10810.4
10733.8
10820.2
11185.8
10377.4
11963.4
11187.6
11128.4
10678.0
10496.6
10697.6
11493.6
11130.0
10699.6
10534.2
11330.2
10854.0
10646.2
11646.6
10887.0
11307.8
10818.2
10797.6
10886.6
10859.0
11129.2
10610.0
11465.2
11450.0
11479.6
11244.6
10715.0
11704.8
11902.8
11159.0
10905.4
10585.0
10664.4
11028.6
12148.2
9958.4
10920.8
10828.8
10298.2
10753.2
10405.2
10801.6
11516.4
10002.6
10547.4
10638.8
11853.2
11104.0
10851.8
10253.8
9808.6
10703.4
10700.2
11063.4
11082.2
11575.6
10130.8
10564.2
10325.8
11223.2
10931.8
10877.2
11002.4
11224.0
11354.4
10822.0
10353.2
10726.0
11375.0
10470.2
11180.2
10687.2
11390.2
11196.0
11273.0
11147.0
9870.4
10740.6
10450.2
11433.4
10946.8
10612.0
11300.0
10588.0
11181.2
10793.0
10509.2
10484.6
11306.2
11188.6
10799.2
10939.4
11004.0
11522.4
10999.8
10941.8
11174.8
10717.8
11288.8
10929.4
10946.2
10684.0
11368.0
10997.2
10965.6
11264.0
11163.8
10827.6
10611.4
11286.4
11788.6
10260.0
10539.2
10519.2
10930.4
11440.6
10626.8
10616.4
10736.8
10647.8
11074.8
10879.0
10841.4
11365.4
10594.2
10882.0
10623.6
11442.2
11444.0
11754.6
11008.4
10880.0
11391.0
11138.6
11494.6
10521.2
11527.4
11009.4
10688.4
10737.0
10577.0
10929.8
10278.2
11159.8
10383.0
10818.4
11705.6
10751.4
10986.4
10850.4
10843.2
10863.0
10936.2
10952.0
11045.2
11102.6
10906.2
10722.6
10427.4
9991.4
11170.0
10899.0
10885.6
11318.8
11650.6
10914.4
10971.4
10641.8
10629.6
11086.4
10873.0
10659.2
10885.4
11189.2
11752.2
10917.6
11784.6
10815.4
10926.4
11321.2
11118.0
10575.4
11282.2
10784.4
11017.8
10475.0
11213.4
11243.8
10711.2
10516.0
11410.4
11294.0
10624.6
10496.0
10366.6
11114.8
10749.0
10867.6
10796.0
10744.4
10795.6
10958.6
10536.6
11034.2
11251.6
10098.0
10481.0
11214.6
11429.4
9947.8
9770.2
11111.0
10405.0
10529.8
10506.2
11419.2
10944.8
11300.6
11360.8
10984.2
11030.2
11238.8
10362.8
10778.0
11042.6
11101.6
11220.0
10782.0
10804.4
10226.2
10466.6
11402.2
10318.2
11171.2
10737.0
11085.4
11430.2
10933.8
10602.2
10232.6
11587.6
10716.2
11837.4
11037.6
10840.0
11468.6
10635.6
10897.0
11770.8
11341.8
10805.6
10977.0
10633.8
10881.8
10984.6
11285.0
11580.2
10801.0
11157.0
10611.8
10834.0
10697.4
10760.4
10863.0
11339.0
10611.2
10928.0
10536.0
10451.0
11384.8
11052.4
10312.0
10751.0
10266.2
10694.2
11346.4
10834.2
10873.2
10734.2
10462.0
10994.2
11227.0
10681.0
10526.2
10868.8
10047.4
11055.8
11310.0
10897.4
10288.2
10480.2
10691.2
10934.6
10845.4
11045.6
11126.4
10681.2
11524.2
11231.6
11721.0
10800.4
11117.8
11217.8
10811.0
10755.6
10527.8
10894.6
10648.2
11244.4
10938.6
11988.0
11383.6
8123.4
0.0
0.0
0.0
0.0
0.0
0.0
0.0
0.0
0.0
0.0
0.0
0.0
0.0
0.0
0.0
0.0
0.0
0.0
0.0
0.0
0.0
0.0
0.0
0.0
0.0
0.0
0.0
0.0
0.0
0.0
0.0
0.0
0.0
0.0
0.0
0.0
0.0
0.0
0.0
0.0
0.0
0.0
0.0
0.0
0.0
0.0
0.0
0.0
0.0
0.0
0.0
0.0
0.0
0.0
0.0
0.0
0.0
0.0
0.0
0.0
0.0
0.0
0.0
0.0
0.0
0.0
0.0
0.0
0.0
0.0
0.0
0.0
0.0
0.0
0.0
0.0
0.0
0.0
0.0
0.0
0.0
0.0
0.0
0.0
0.0
0.0
0.0
0.0
0.0
0.0
0.0
0.0
0.0
0.0
0.0
0.0
0.0
0.0
0.0
0.0
0.0
0.0
0.0
0.0
0.0
0.0
0.0
0.0
0.0
0.0
0.0
0.0
0.0
0.0
0.0
0.0
0.0
0.0
0.0
0.0
0.0
0.0
0.0
0.0
0.0
0.0
0.0
0.0
0.0
0.0
0.0
0.0
0.0
0.0
0.0
0.0
0.0
0.0
0.0
0.0
0.0
0.0
0.0
0.0
0.0
0.0
0.0
0.0
0.0
0.0
0.0
0.0
0.0
0.0
0.0
0.0
0.0
0.0
0.0
0.0
0.0
0.0
0.0
0.0
0.0
0.0
0.0
0.0
0.0
0.0
0.0
0.0
0.0
0.0
0.0
0.0
0.0
0.0
0.0
0.0
0.0
0.0
0.0
0.0
0.0
0.0
0.0
0.0
0.0
0.0
0.0
0.0
0.0
0.0
0.0
0.0
0.0
0.0
0.0
0.0
0.0
0.0
0.0
0.0
0.0
0.0
0.0
0.0
0.0
0.0
0.0
0.0
0.0
0.0
0.0
0.0
0.0
0.0
0.0
0.0
0.0
0.0
0.0
0.0
0.0
0.0
0.0
0.0
0.0
0.0
0.0
0.0
0.0
0.0
0.0
0.0
0.0
0.0
0.0
0.0
0.0
0.0
0.0
0.0
0.0
0.0
0.0
0.0
0.0
0.0
0.0
0.0
0.0
0.0
0.0
0.0
0.0
0.0
0.0
0.0
0.0
0.0
0.0
0.0
0.0
0.0
0.0
0.0
0.0
0.0
0.0
0.0
0.0
0.0
0.0
0.0
0.0
0.0
0.0
0.0
0.0
0.0
0.0
0.0
0.0
0.0
0.0
0.0
0.0
0.0
0.0
0.0
0.0
0.0
0.0
0.0
0.0
0.0
0.0
0.0
0.0
0.0
0.0
0.0
0.0
0.0
0.0
0.0
0.0
0.0
0.0
0.0
0.0
0.0
0.0
0.0
0.0
0.0
0.0
0.0
0.0
0.0
0.0
0.0
0.0
0.0
0.0
0.0
0.0
0.0
0.0
0.0
0.0
0.0
0.0
0.0
0.0
0.0
0.0
0.0
0.0
0.0
0.0
0.0
0.0
0.0
0.0
0.0
0.0
0.0
0.0
0.0
0.0
0.0
0.0
0.0
0.0
0.0
0.0
0.0
0.0
0.0
0.0
0.0
0.0
0.0
0.0
0.0
0.0
0.0
0.0
0.0
0.0
0.0
0.0
0.0
0.0
0.0
0.0
0.0
0.0
0.0
0.0
0.0
0.0
0.0
0.0
0.0
0.0
0.0
0.0
0.0
0.0
0.0
0.0
0.0
0.0
0.0
0.0
0.0
0.0
0.0
0.0
0.0
0.0
0.0
0.0
0.0
0.0
0.0
0.0
0.0
0.0
0.0
0.0
0.0
0.0
0.0
0.0
0.0
0.0
0.0
0.0
0.0
0.0
0.0
0.0
0.0
0.0
0.0
0.0
0.0
0.0
0.0
0.0
0.0
0.0
0.0
0.0
0.0
0.0
0.0
0.0
0.0
0.0
0.0
0.0
0.0
0.0
0.0
0.0
0.0
0.0
0.0
0.0
0.0
0.0
0.0
0.0
0.0
0.0
0.0
0.0
0.0
0.0
0.0
0.0
0.0
0.0
0.0
0.0
0.0
0.0
0.0
0.0
0.0
0.0
0.0
0.0
0.0
0.0
0.0
0.0
0.0
0.0
0.0
0.0
0.0
0.0
0.0
0.0
0.0
0.0
0.0
0.0
0.0
0.0
0.0
0.0
0.0
0.0
0.0
0.0
0.0
0.0
0.0
0.0
0.0
0.0
0.0
0.0
0.0
0.0
0.0
0.0
0.0
0.0
0.0
0.0
0.0
0.0
0.0
0.0
0.0
0.0
0.0
0.0
0.0
0.0
0.0
0.0
0.0
0.0
0.0
0.0
0.0
0.0
0.0
0.0
0.0
0.0
0.0
0.0
0.0
0.0
0.0
0.0
0.0
0.0
0.0
0.0
0.0
0.0
0.0
0.0
0.0
0.0
0.0
0.0
0.0
0.0
0.0
0.0
0.0
0.0
0.0
0.0
0.0
0.0
0.0
0.0
0.0
0.0
0.0
0.0
0.0
0.0
0.0
0.0
0.0
0.0
0.0
0.0
0.0
0.0
0.0
0.0
0.0
0.0
0.0
0.0
0.0
0.0
0.0
0.0
0.0
0.0
0.0
0.0
0.0
0.0
0.0
0.0
0.0
0.0
0.0
0.0
0.0
0.0
0.0
0.0
0.0
0.0
0.0
0.0
0.0
0.0
0.0
0.0
0.0
0.0
0.0
0.0
0.0
0.0
0.0
0.0
0.0
0.0
0.0
0.0
0.0
0.0
0.0
0.0
0.0
0.0
0.0
0.0
0.0
0.0
0.0
0.0
0.0
0.0
0.0
0.0
0.0
0.0
0.0
0.0
0.0
