5170.2
4934.0
5006.8
4630.6
4998.6
5013.0
4959.2
5167.8
5237.6
5349.4
4810.6
5283.2
5054.8
5004.0
5179.4
5289.0
5144.4
4965.6
5185.4
5290.2
5259.4
4712.0
5300.0
4933.2
4885.0
5347.8
4704.6
5101.6
5447.8
4996.0
5131.6
5121.6
5052.6
5325.0
4965.6
5624.0
5299.8
5282.6
5038.8
4982.6
5052.4
5446.2
5265.2
5035.4
4980.6
5366.2
5147.0
5082.2
5436.0
5195.2
5372.2
5102.2
5114.4
5147.8
5137.6
5298.2
4961.6
5397.2
5414.0
5455.2
5327.6
5081.2
5484.4
5671.2
5365.4
5178.2
4916.2
5076.0
5225.0
5712.8
4758.6
5132.6
5160.2
4855.6
5080.2
4990.2
4994.0
5510.6
4742.0
5005.2
5026.2
5581.6
5232.8
5123.4
4913.4
4686.8
5082.6
4924.2
5316.4
5206.2
5414.0
4836.6
5127.4
4846.0
5299.2
5109.8
5088.4
5185.2
5148.2
5245.6
5081.4
4751.6
4961.8
5167.2
4892.6
5139.0
4938.2
5214.6
5173.4
5246.4
5114.6
4747.8
4853.2
4740.4
5260.2
5062.6
4980.4
5206.4
4829.8
5076.6
4958.6
4900.6
4865.0
5089.6
5268.8
5117.2
5223.8
5141.2
5379.2
5189.0
5253.8
5308.2
5017.2
5371.6
5144.2
5187.4
5047.8
5355.8
5229.8
5220.6
5362.4
5064.2
5224.8
5162.4
5312.6
5414.0
4996.2
4999.8
5041.4
5122.6
5356.0
5052.8
5079.2
5078.0
5138.2
5184.2
5054.2
5211.0
5259.8
4975.6
5179.4
5060.4
5369.0
5271.0
5516.4
5356.8
5118.4
5426.2
5306.8
5384.6
5097.8
5328.8
5262.6
5211.4
5008.6
5145.0
5148.2
4858.0
5248.2
4996.0
5024.2
5466.6
5154.6
5157.8
5206.8
5145.8
5092.4
5103.4
5216.4
5213.4
5311.4
5099.6
5049.4
5152.4
4677.6
5247.8
5139.8
5089.2
5278.6
5450.0
5198.4
5289.4
5141.4
5056.8
5132.4
5152.0
5140.6
5124.2
5061.8
5607.6
5218.4
5492.4
5196.6
5164.8
5240.6
5313.0
5135.8
5224.8
5158.8
5207.6
5177.2
5068.0
5301.8
5116.8
5111.8
5186.6
5326.6
5184.8
5026.2
5035.6
5195.4
5060.2
5073.2
5205.6
5007.4
5108.2
5194.2
4937.6
5236.0
5287.4
4931.2
5020.4
5161.8
5357.2
4798.0
4925.8
5000.0
4920.0
5064.4
4891.0
5318.0
5067.2
5284.2
5408.0
5248.2
5187.2
5366.4
4802.6
5285.2
5173.0
5245.2
5301.6
5057.6
5184.2
4926.6
5128.4
5181.4
4925.2
5203.8
5185.0
5139.6
5390.2
5057.4
5242.0
4810.0
5436.4
5072.6
5401.8
5337.4
5242.2
5173.6
5269.8
4974.6
5681.4
5231.6
5162.2
5278.2
5052.0
5317.4
5117.8
5169.2
5508.6
5154.2
5193.4
5166.6
5176.4
5058.6
5220.2
5011.2
5190.6
5154.0
5109.4
5055.8
4990.6
5311.6
5249.2
4956.4
5072.4
4982.4
4963.6
5291.0
5125.8
5083.2
5129.6
5122.2
5129.0
5164.2
5058.6
5094.6
5158.2
4857.8
5009.0
5390.8
5078.2
4942.0
4960.6
5113.0
5190.6
5106.2
5076.4
5293.2
5114.0
5290.4
5325.2
5482.8
5212.8
5277.2
5262.0
5219.8
5004.4
5202.4
5027.8
5119.8
5161.6
5330.8
5283.0
5589.4
5187.4
1401.4
1082.2
724.0
431.4
334.0
80.0
0.0
0.0
0.0
0.0
0.0
0.0
0.0
0.0
0.0
0.0
0.0
0.0
0.0
0.0
0.0
0.0
0.0
0.0
0.0
0.0
0.0
0.0
0.0
0.0
0.0
0.0
0.0
0.0
0.0
0.0
0.0
0.0
0.0
0.0
0.0
0.0
0.0
0.0
0.0
0.0
0.0
0.0
0.0
0.0
0.0
0.0
0.0
0.0
0.0
0.0
0.0
0.0
0.0
0.0
0.0
0.0
0.0
0.0
0.0
0.0
0.0
0.0
0.0
0.0
0.0
0.0
0.0
0.0
0.0
0.0
0.0
0.0
0.0
0.0
0.0
0.0
0.0
0.0
0.0
0.0
0.0
0.0
0.0
0.0
0.0
0.0
0.0
0.0
0.0
0.0
0.0
0.0
0.0
0.0
0.0
0.0
0.0
0.0
0.0
0.0
0.0
0.0
0.0
0.0
0.0
0.0
0.0
0.0
0.0
0.0
0.0
0.0
0.0
0.0
0.0
0.0
0.0
0.0
0.0
0.0
0.0
0.0
0.0
0.0
0.0
0.0
0.0
0.0
0.0
0.0
0.0
0.0
0.0
0.0
0.0
0.0
0.0
0.0
0.0
0.0
0.0
0.0
0.0
0.0
0.0
0.0
0.0
0.0
0.0
0.0
0.0
0.0
0.0
0.0
0.0
0.0
0.0
0.0
0.0
0.0
0.0
0.0
0.0
0.0
0.0
0.0
0.0
0.0
0.0
0.0
0.0
0.0
0.0
0.0
0.0
0.0
0.0
0.0
0.0
0.0
0.0
0.0
0.0
0.0
0.0
0.0
0.0
0.0
0.0
0.0
0.0
0.0
0.0
0.0
0.0
0.0
0.0
0.0
0.0
0.0
0.0
0.0
0.0
0.0
0.0
0.0
0.0
0.0
0.0
0.0
0.0
0.0
0.0
0.0
0.0
0.0
0.0
0.0
0.0
0.0
0.0
0.0
0.0
0.0
0.0
0.0
0.0
0.0
0.0
0.0
0.0
0.0
0.0
0.0
0.0
0.0
0.0
0.0
0.0
0.0
0.0
0.0
0.0
0.0
0.0
0.0
0.0
0.0
0.0
0.0
0.0
0.0
0.0
0.0
0.0
0.0
0.0
0.0
0.0
0.0
0.0
0.0
0.0
0.0
0.0
0.0
0.0
0.0
0.0
0.0
0.0
0.0
0.0
0.0
0.0
0.0
0.0
0.0
0.0
0.0
0.0
0.0
0.0
0.0
0.0
0.0
0.0
0.0
0.0
0.0
0.0
0.0
0.0
0.0
0.0
0.0
0.0
0.0
0.0
0.0
0.0
0.0
0.0
0.0
0.0
0.0
0.0
0.0
0.0
0.0
0.0
0.0
0.0
0.0
0.0
0.0
0.0
0.0
0.0
0.0
0.0
0.0
0.0
0.0
0.0
0.0
0.0
0.0
0.0
0.0
0.0
0.0
0.0
0.0
0.0
0.0
0.0
0.0
0.0
0.0
0.0
0.0
0.0
0.0
0.0
0.0
0.0
0.0
0.0
0.0
0.0
0.0
0.0
0.0
0.0
0.0
0.0
0.0
0.0
0.0
0.0
0.0
0.0
0.0
0.0
0.0
0.0
0.0
0.0
0.0
0.0
0.0
0.0
0.0
0.0
0.0
0.0
0.0
0.0
0.0
0.0
0.0
0.0
0.0
0.0
0.0
0.0
0.0
0.0
0.0
0.0
0.0
0.0
0.0
0.0
0.0
0.0
0.0
0.0
0.0
0.0
0.0
0.0
0.0
0.0
0.0
0.0
0.0
0.0
0.0
0.0
0.0
0.0
0.0
0.0
0.0
0.0
0.0
0.0
0.0
0.0
0.0
0.0
0.0
0.0
0.0
0.0
0.0
0.0
0.0
0.0
0.0
0.0
0.0
0.0
0.0
0.0
0.0
0.0
0.0
0.0
0.0
0.0
0.0
0.0
0.0
0.0
0.0
0.0
0.0
0.0
0.0
0.0
0.0
0.0
0.0
0.0
0.0
0.0
0.0
0.0
0.0
0.0
0.0
0.0
0.0
0.0
0.0
0.0
0.0
0.0
0.0
0.0
0.0
0.0
0.0
0.0
0.0
0.0
0.0
0.0
0.0
0.0
0.0
0.0
0.0
0.0
0.0
0.0
0.0
0.0
0.0
0.0
0.0
0.0
0.0
0.0
0.0
0.0
0.0
0.0
0.0
0.0
0.0
0.0
0.0
0.0
0.0
0.0
0.0
0.0
0.0
0.0
0.0
0.0
0.0
0.0
0.0
0.0
0.0
0.0
0.0
0.0
0.0
0.0
0.0
0.0
0.0
0.0
0.0
0.0
0.0
0.0
0.0
0.0
0.0
0.0
0.0
0.0
0.0
0.0
0.0
0.0
0.0
0.0
0.0
0.0
0.0
0.0
0.0
0.0
0.0
0.0
0.0
0.0
0.0
0.0
0.0
0.0
0.0
0.0
0.0
0.0
0.0
0.0
0.0
0.0
0.0
0.0
0.0
0.0
0.0
0.0
0.0
0.0
0.0
0.0
0.0
0.0
0.0
0.0
0.0
0.0
0.0
0.0
0.0
0.0
0.0
0.0
0.0
0.0
0.0
0.0
0.0
0.0
0.0
0.0
0.0
0.0
0.0
0.0
0.0
0.0
0.0
0.0
0.0
0.0
0.0
0.0
0.0
0.0
0.0
0.0
0.0
0.0
0.0
0.0
0.0
0.0
0.0
0.0
0.0
0.0
0.0
0.0
0.0
0.0
0.0
0.0
0.0
0.0
0.0
0.0
0.0
0.0
0.0
0.0
0.0
0.0
0.0
0.0
0.0
0.0
0.0
0.0
0.0
